9205 9208
11209 11210
434 2584
7290 7291
48 6475
8148 8149
457 10148
3342 9006
9198 9209
11421 11423
4210 4212
495 1903
172 577
3658 10264
1470 1472
5160 5161
466 1359
9299 9300
3199 3201
7763 10099
1953 3432
6730 10297
4607 9080
53 14368
4139 11196
7196 9255
2070 5631
791 2126
244 245
8264 8265
60 1862
7141 7144
7009 7011
372 5148
8805 8806
592 4093
7276 9186
4587 4588
1848 11744
4240 5947
4162 4164
2577 11808
54 2803
9308 9310
14014 14015
481 3050
5674 5677
2057 14181
10335 10338
1543 14079
8007 8009
730 887
907 908
3579 9209
511 6750
220 1385
6183 13673
9622 9624
1451 1454
220 2172
10772 10774
11609 11622
10340 10341
591 6551
10555 10556
166 168
224 724
81 83
54 1478
958 2045
272 2057
4056 4057
10728 10732
260 1150
591 2688
14008 14010
218 2172
5732 10054
39 251
6074 6077
3114 10773
591 592
573 4583
578 862
4387 4694
1126 1128
2675 2731
5952 5953
505 1291
1045 8774
1706 5902
5683 9770
1117 6400
19 2956
6 7
3533 9763
7196 7197
62 1851
66 7120
420 14095
172 2215
11224 11230
14013 14016
14170 14171
13989 13990
809 2873
715 12135
107 11436
9195 9196
1765 2632
83 9195
54 782
71 1378
24 6432
641 5262
8506 8507
484 485
715 11621
6276 6277
1950 1952
8084 8085
938 9082
61 2278
3828 13179
6141 6150
860 862
68 4395
6157 9830
1348 8996
4174 4249
9518 9519
144 215
217 218
873 1855
11620 11634
481 573
2539 2540
5305 5316
8759 9303
7687 9543
4210 8924
11945 11947
219 1851
4261 10491
5676 8203
5661 5662
592 1748
5099 8695
40 3562
8307 8309
434 10090
11625 11634
4427 8548
11615 11622
52 3189
6747 6750
83 5650
4907 8945
218 5073
10829 10830
2025 10223
2901 10473
251 3615
1377 2450
14029 14030
5909 5910
14011 14017
5339 5340
5256 6103
5363 8333
4539 5789
11226 11228
4160 4162
14130 14131
450 451
340 7904
5309 5310
3244 3246
11951 11952
1193 7960
506 1291
7757 7988
4977 4979
1385 2803
6987 6989
8002 8013
4596 6302
10619 10620
2632 9186
11611 11618
12016 12017
9614 11476
4958 12197
591 1961
4745 4746
10389 10390
317 726
512 745
6561 8500
1207 1208
5669 10331
1328 3732
702 703
868 5795
11841 11842
132 2981
315 1356
297 14368
5237 5238
3202 3346
2568 4355
5463 5466
269 5919
455 1230
547 4056
6279 6544
4932 4934
10619 10621
47 1383
562 565
1952 3432
480 4166
1484 3512
6227 6228
10543 10544
5440 5442
2511 2512
10776 11702
7407 7408
5141 5693
83 11313
3992 4310
37 6424
6 807
2797 9563
105 4972
1857 8434
83 8155
1026 6795
4796 4797
7872 7874
5653 5654
1977 4200
5387 11880
11588 11589
5699 5700
842 12112
479 573
172 3381
1721 6543
54 2577
46 1350
96 4304
4211 8924
8307 8312
729 4608
172 3284
2044 2943
1407 9274
5805 9266
3090 3094
112 2056
11303 11347
1057 3858
1953 11943
6063 9030
5594 5595
410 9650
1117 1647
588 10143
481 6624
9614 11477
54 634
11348 11349
11401 11402
8806 11313
6007 6030
286 698
1100 1101
2805 2844
4243 4245
507 6103
6409 7378
9299 9304
11240 11477
107 6282
80 8696
1727 5475
3887 3889
271 3989
138 3338
5325 5326
1545 2275
11065 11069
8889 8890
941 7866
2256 5445
3482 5705
5287 12187
14129 14131
1133 1134
3064 8156
3444 9359
578 14160
7962 7963
7139 7141
6519 6520
6192 6195
874 901
9313 9314
2125 2126
6648 11950
4607 7407
19 8986
218 2057
633 807
10728 10731
53 297
382 12780
868 10386
517 10635
9191 9193
6538 6539
9736 9737
6 7935
591 4095
985 2122
6693 9385
4546 8823
457 13252
517 2024
394 6896
8003 8005
4915 7931
926 4455
14090 14092
11181 11182
591 7952
6 4915
2046 5315
10147 11618
1073 1356
300 9727
11614 11629
218 12069
3640 7607
96 317
7458 8800
4699 11885
6073 6075
1782 1783
1638 6751
7512 11364
5869 5870
215 8493
4291 7218
1168 3382
11629 11634
8156 9205
11615 11634
6539 6541
4062 4063
2922 11580
6074 6076
1380 7729
5363 7792
2242 11661
6156 7606
886 887
172 5216
251 297
9680 9682
4592 9259
7460 7461
1953 11940
11630 11633
1144 1145
3206 5438
13982 13984
52 1712
41 10518
1045 4717
6686 7255
11607 11608
6745 6750
3250 4938
466 7730
11611 11619
1751 3624
83 9202
6157 10402
260 420
1 1264
10670 10672
1672 5425
2232 9618
7322 7361
571 8195
93 4664
1519 11155
11666 11667
626 816
591 5160
11345 11347
599 1186
808 9082
1638 6686
698 2479
5298 5299
3284 8303
9234 9235
6951 6952
218 634
680 682
5996 6195
543 8323
6861 11077
1909 8035
11617 11634
416 1248
10337 10339
8323 8400
958 5390
4419 4421
42 807
9108 9536
583 868
944 13077
578 13209
1846 1848
157 8043
406 408
54 1613
3114 11608
105 2233
1809 14114
11609 11633
228 229
7123 9750
945 5233
6267 6268
386 1020
7334 7340
1659 1660
3093 3094
9211 11168
9403 11221
729 1150
2439 3193
54 4031
6990 6991
1616 10661
506 994
6955 6956
3750 5268
13988 14075
9084 9085
4951 4954
2260 2261
726 7304
395 7421
1187 1189
776 5743
370 10812
4914 11296
7531 7532
6469 6471
5505 5506
8961 8962
8003 8007
1264 4859
1027 4419
791 14179
3744 4165
2046 6102
6303 6305
6198 6199
7997 7998
479 482
428 8823
12463 14028
426 14155
2085 8570
763 765
428 1315
159 14155
3454 6633
660 9871
7123 7693
5256 7227
10016 10017
322 983
300 2634
6525 7952
46 479
1549 6817
22 25
578 4392
6744 6746
7195 7196
448 1465
5654 12152
11101 11103
3169 3466
251 6475
9223 9225
2067 2069
671 5760
2005 5759
6140 6141
3587 3590
7011 14038
10776 10777
12197 12199
715 11612
53 3624
729 1309
1067 4592
226 4089
958 5999
7069 7071
809 9082
5503 5888
41 1171
1067 6788
10955 10956
690 2710
4262 5131
573 6436
914 1942
12101 12102
6151 6154
578 861
2388 11131
53 55
4914 6279
475 476
1335 1337
6786 9259
7492 8023
875 876
11630 11632
3484 5705
11583 11584
665 12866
9201 9209
105 1587
11940 11943
8655 8656
3460 5300
5975 9135
5674 5675
4106 4355
2556 10028
591 3016
715 3057
9302 9304
543 2224
615 616
1500 9049
72 4607
1328 2668
5403 5407
602 1426
8001 8010
6038 6041
153 168
9828 9829
5256 5258
7420 10908
890 891
11225 11231
683 8912
83 7194
4278 4282
46 3340
4147 4148
1150 4555
3476 5103
1407 6069
8903 8904
4280 4283
840 9684
3292 4373
3023 3024
1328 2667
1817 3282
2926 7452
1228 2441
10331 10332
5996 6194
502 5611
9196 9206
209 1072
455 5788
11614 11623
5403 5404
3475 5103
2768 2769
945 1372
5643 7435
8507 8508
914 1248
3282 3283
5805 11363
615 14004
2011 11388
4162 4163
252 6846
5744 5745
4596 6619
809 938
2675 4643
8484 8485
96 6198
3202 6486
54 2754
37 867
9204 9209
1000 6576
4375 5681
2918 6182
61 111
2654 2829
385 1020
1903 8806
2442 7433
2053 2055
456 5191
6995 6996
11215 11216
3380 3385
684 11254
1067 11758
859 860
9805 9808
565 716
636 10374
4061 11951
1327 2665
10726 10732
3655 5164
260 3930
4558 4559
1422 14041
219 1385
8571 8572
10443 10444
14022 14023
434 841
2225 3605
1751 3368
881 7949
1193 10099
4621 4622
7967 9763
11235 11236
4261 5131
1478 11738
1407 2578
6103 7112
3070 8321
592 13874
615 2667
5256 6104
592 2688
885 12115
3670 7335
8477 8680
36 1744
10813 10814
3750 3989
169 4061
3114 10107
395 7930
172 2873
1950 3432
252 14073
5453 5454
229 7904
8148 8151
4558 4560
66 68
214 8694
9103 9104
2479 5744
607 6723
24 25
4003 4005
4642 4732
1540 5831
1808 9707
11609 11616
1817 2111
597 1565
1803 14065
1628 4428
10842 14153
5157 10556
3870 4532
1881 2908
4392 5752
9694 9704
340 5390
1621 7880
394 550
716 2571
14016 14017
636 839
2314 4017
6155 11150
8156 9255
2289 9233
5191 5192
1184 1189
11624 11629
153 260
1168 8960
13142 13315
2004 2922
54 272
6039 6040
5482 5483
317 420
3614 5663
69 153
1067 3278
955 7378
1248 8028
2594 9395
199 5812
4837 4838
2568 4107
1861 11702
2632 7276
8823 8824
3732 8101
66 2731
172 7244
10112 13983
172 5215
2505 2506
2577 7791
1 11468
2289 4521
149 7514
1751 10088
593 8264
1605 2447
4174 7986
3122 3123
8663 11618
578 876
8759 9304
3556 3557
479 6551
8306 8310
4163 4164
3381 3385
1717 7600
5331 5332
9303 9304
1968 4218
2309 2310
2446 8675
3799 4015
9732 9733
1291 7711
8003 8012
1711 2748
8984 8985
480 3743
8009 8012
6347 6349
371 5148
46 5232
1710 2485
4815 4816
4281 4282
10147 11626
1168 8169
152 5160
11577 11578
9207 9208
83 11607
763 14168
1540 5574
9082 9678
351 13253
11620 11633
1191 4548
1102 1103
9266 14140
5426 5428
1108 2855
41 5669
1220 11234
565 2120
11507 11508
5953 5965
1781 1783
395 7931
562 563
693 4613
2447 5172
269 9596
4178 8930
1812 1814
1213 2314
11610 11619
3168 3169
244 247
634 3197
1264 7120
4904 8944
10526 10527
2797 11987
1116 13179
480 2488
6624 8105
2367 5668
1121 7758
7712 7713
2844 3543
434 5751
1967 3069
1896 9149
3194 3585
480 1318
251 603
4539 7734
2686 3016
1150 4560
931 4605
455 10311
220 1356
395 9576
1248 10411
66 5215
543 4350
1150 4166
4060 6349
11650 11651
83 9204
4385 4477
480 1162
543 5623
90 1106
7635 7638
397 9943
5427 11600
862 2072
4129 4130
3023 11492
8008 8010
9275 9276
9739 9740
506 901
1309 10270
9198 9201
207 2584
3328 5502
1308 4579
2309 2311
6089 7324
578 864
48 3732
887 3284
11856 11857
3285 5624
9259 9460
866 7125
4333 10307
1442 7121
8015 8197
2820 6801
2367 9211
3640 6157
634 11862
6652 6653
11615 11631
5692 5698
479 6770
6709 6717
3528 9982
81 2256
1150 2799
593 1642
1258 11373
395 2479
1824 4373
11064 11065
719 4822
504 13999
8492 8493
112 2053
1770 6786
7636 7640
3576 9835
1017 1020
3543 5741
9388 9393
745 5588
902 903
2439 6375
4596 6305
3062 3065
3714 6001
13812 14072
8524 14017
172 4395
5674 5676
479 5309
1146 10459
10680 11422
48 252
4481 5741
11585 11586
2768 4057
303 8029
4261 11440
4377 5228
17 4495
578 13124
14090 14091
1433 1434
1817 3187
1067 2367
9203 9206
8145 8343
3340 3811
11873 11875
1034 7073
6569 6570
11611 11627
199 5809
6282 6283
3067 3068
105 4125
507 5215
792 794
605 808
8715 8716
11360 11362
2111 9603
8569 10275
3546 3547
2314 5811
408 507
4152 11532
416 7879
4262 4264
385 4583
985 2121
804 805
632 7163
2848 4452
3987 3988
2357 6965
782 1161
2665 3284
8115 8569
9751 9752
3743 7277
6673 11064
2488 4371
3347 3348
3346 4106
260 3285
68 4396
10147 11612
1692 3651
5855 7364
480 5919
5215 7120
7092 7228
1112 5921
14177 14178
3482 9082
9679 9681
765 14081
2702 4407
994 1034
9804 9806
252 539
7389 7390
12188 12189
2739 4312
4907 7885
718 4158
10276 10277
551 6112
578 14092
874 6686
1141 5975
172 12960
88 1045
2171 4307
5338 5340
4996 4998
7331 7337
1019 5699
809 7088
9427 9430
252 602
929 9873
6279 11373
571 1170
8477 8684
1807 4232
958 1350
5752 6309
1147 1149
11614 11622
633 5482
479 11521
715 11629
955 4293
7386 7387
905 906
4607 7408
45 866
41 6605
221 5610
6348 6349
2835 2836
7196 8156
68 10334
1352 1353
432 1328
14167 14168
5262 10115
512 5586
11334 11335
11223 11228
1385 2171
395 8015
424 762
7930 7931
4280 4281
8194 8196
2223 3292
615 13137
479 5308
6130 6131
1530 1781
1319 1622
869 8450
10534 10536
9614 9616
11626 11634
2389 2390
51 1708
6280 6282
3144 3145
863 1572
3198 3204
7483 7484
4622 6096
4344 6575
8056 8057
38 3464
597 869
538 539
7334 7336
9284 9286
382 2394
395 1535
5074 5077
6424 7026
2161 2956
562 13986
5101 5911
397 6934
5952 7770
1808 3803
9422 9494
506 5612
2314 9304
10444 11804
1790 11766
745 747
1707 2625
684 6198
571 1171
5675 5676
5974 5975
269 420
106 107
8663 11619
9332 9334
1412 1413
1809 4232
1661 13012
395 577
11244 11247
5788 5789
4279 4281
5150 7880
7335 7336
781 1067
6622 10012
381 1425
9202 9203
11613 11626
3340 3658
7879 7881
2976 2996
3533 4663
8663 11627
424 468
45 300
5421 10080
19 2388
3533 5917
1545 6287
9199 9207
1320 3050
479 5820
1944 10895
6194 6195
958 4699
679 7126
9614 11478
2055 6896
216 1809
831 2242
450 14089
7356 7357
4218 9511
1599 4842
452 626
4547 11067
1250 2464
7009 7010
251 539
9375 9376
593 2662
3114 4820
11228 11231
4554 4555
386 1017
2367 4419
807 2625
2973 5428
551 3930
1487 1489
2555 2556
4558 6426
8010 8011
3605 8323
172 901
7268 7269
3169 3465
5806 7233
3017 6060
61 2335
4904 7885
1021 13000
1067 10759
1817 5440
1824 2579
5554 5622
36 3464
5073 5504
10673 12195
260 1909
2171 4105
3649 3651
2085 6381
1072 4079
52 55
2981 2982
9806 9807
1881 1882
5944 6293
1945 5538
1116 2208
11257 11886
591 13874
5092 6589
13115 13207
2579 10490
53 1383
887 4859
9197 9202
80 83
665 1383
215 218
394 6196
10108 10110
172 1143
395 1729
270 2754
7908 7909
481 976
481 975
14 1572
82 12850
10473 10474
2738 4935
5662 7686
61 1634
4106 9058
7943 9702
37 1710
5289 5290
1407 5881
2367 3242
4848 4849
3278 7915
7140 7143
252 583
4261 10527
6392 6393
4629 6222
6141 6142
4053 4063
2699 2800
2265 4545
12780 12781
2019 2022
1198 1200
1543 3714
54 221
682 1148
9186 9187
7175 9364
3606 5623
2790 10900
80 84
5216 6895
2797 5288
152 13253
173 489
578 1519
6710 6714
4389 4498
11806 11807
4455 6776
69 14039
11612 11628
13275 14068
9603 9608
132 1017
734 4932
9201 9202
1196 10681
2244 2245
5852 5853
1022 9178
11914 11916
132 5700
383 384
1484 3811
508 547
578 872
2312 9428
154 8270
3653 11940
4316 5846
6248 6251
2737 2738
8102 12198
121 9273
172 2505
90 12863
3382 3383
2976 2995
9200 9203
6077 6981
60 2278
1811 1812
11780 11781
564 793
3100 8486
213 759
2798 3387
5869 11610
287 10101
54 8169
395 8474
412 8512
8641 8642
4182 7079
2439 7695
6439 7960
3740 3741
978 2202
324 2572
1128 6125
269 1045
1248 7882
1744 1746
11255 11257
2314 8037
428 11066
4969 14140
5674 8203
12800 14038
1691 2450
508 4056
684 11255
2543 6789
4056 4058
2436 2437
2731 7242
3203 3204
54 7102
10727 10728
11064 11068
1445 8204
10093 10114
5304 5305
5224 9646
5256 5415
10147 11622
3100 3101
10107 11605
3856 6279
149 1130
1230 1349
949 6567
397 809
1357 1358
518 1769
3588 3589
8298 8299
3646 3649
6392 7303
4177 4178
808 13969
4994 4998
7143 8404
5190 5192
895 3869
3655 7764
6622 10011
950 953
1381 2450
5386 5387
10045 10047
251 1356
3799 8037
479 5316
1817 4069
1911 2824
1250 8240
8407 8408
40 2347
477 3692
715 6516
5887 5888
573 843
1079 1080
3284 9576
1164 1165
11617 11629
3482 4605
7881 7882
4136 6270
42 7480
10504 11165
3732 4304
4303 4304
1618 7276
618 619
1628 5354
48 9251
3197 3200
4244 4245
592 4094
8324 8399
3366 7818
762 13679
730 1077
8823 11067
83 9200
1073 3586
782 2844
11179 11182
3836 3837
60 423
677 679
8663 11611
132 7461
1034 11988
11955 11956
5307 5314
4699 11254
4015 4017
901 1291
3533 5790
14013 14014
10302 10304
638 839
51 9200
9196 9207
2873 10067
2641 13275
6715 6718
710 7865
557 3655
698 704
2408 7997
2849 2851
9411 9412
7194 8156
3284 11853
132 5699
3744 7522
10006 10007
10275 10277
2926 4172
6 395
37 5975
578 14067
14092 14094
172 869
3245 11405
3258 4848
173 4204
1067 6786
1248 10386
60 61
578 14089
54 1383
6963 8056
3714 7850
61 2491
4209 4210
6334 11132
1817 3124
7880 7881
718 2829
69 640
3791 3792
231 2439
8996 8997
8862 10294
5867 7157
5235 7104
8005 8007
5869 11615
7634 7635
573 10620
6675 6677
12155 12156
591 2662
2312 9430
4685 6547
572 2172
6 7936
11400 11402
144 4663
7763 7960
1350 2437
11609 11611
4951 4953
1543 1751
4093 4095
6543 6544
37 2394
11613 11627
3604 5553
9856 9857
4167 4168
107 11780
1034 7072
2442 8688
1779 1780
7011 7293
1881 3655
1161 2025
729 975
808 8585
73 152
7523 7525
4392 6516
5811 5812
809 8169
7458 10452
1917 2808
6355 11305
1572 5111
5954 7770
4261 10526
866 2909
4308 6282
719 14394
1807 1809
1108 2731
11612 11625
3114 4821
213 2471
6673 11068
1711 9413
481 14178
7730 10935
3856 11657
517 1769
591 11745
3285 9733
507 6279
1112 5922
1414 4125
3799 3888
96 5887
2063 5743
6746 6750
214 1808
1779 2642
11224 11228
571 4290
1704 1881
2091 3322
8675 10411
1141 4515
78 2091
2922 10679
3943 3944
874 4393
710 7868
382 8123
571 2132
11617 11626
1542 1543
1027 4421
7823 11884
3484 4291
434 480
7331 7334
5427 5428
11668 11669
5812 6090
11430 11431
2627 3279
9173 11069
9613 9616
6710 6716
6646 6647
592 593
1130 3340
1849 6402
10295 10296
5222 5225
85 87
9612 11476
13982 13983
1150 8819
874 14068
698 700
1558 6175
985 6353
2873 5322
7293 12800
4329 4330
6 8053
4079 5290
218 4381
159 1108
1 2973
19 11132
626 1326
10780 10781
2111 9606
231 6375
2108 5561
11594 11938
5535 5537
3750 9308
479 5305
11947 11948
4293 5148
1315 13390
3605 5552
5585 5587
2448 2450
1817 2993
3366 6365
3246 4960
5974 9135
83 7011
578 7120
2836 9341
450 14160
809 1211
2025 6975
269 5004
2925 2928
3206 4866
807 2873
11343 11345
5869 11613
386 7460
8403 8406
1045 3633
452 1325
120 8767
671 2367
5440 10966
4803 9121
1017 1019
8566 8567
424 13678
4281 4283
4113 5662
7087 10007
9805 9806
11223 11230
452 2639
1777 1778
144 8585
11066 11071
9771 9772
1661 7949
782 1069
252 1808
8820 8821
48 7125
1193 10685
1881 11608
11623 11631
7457 7458
901 4394
481 484
10355 10356
17 14132
682 2727
4556 4559
20 3780
9196 9199
2908 3655
5233 5234
5310 5313
976 11233
2442 5641
1350 2490
4767 12159
9199 9200
2792 2793
2056 6895
2408 7998
11612 11616
3258 7467
60 111
729 1967
7635 7640
4733 8894
382 7010
869 8451
12017 12019
2738 4356
4820 4821
172 13207
286 5982
14012 14015
711 14183
2908 5164
88 1044
8266 8267
2343 11549
2640 2641
1707 6768
51 9207
452 4321
2540 9485
11075 11077
602 1746
9201 9207
11613 11625
2799 8584
11558 11611
297 3821
4175 4178
592 9969
300 13680
5313 5314
9717 9719
1263 1356
7964 7966
2366 9396
322 4967
172 4951
3465 8035
11361 11362
506 1034
4225 8347
90 7695
4106 4107
9198 9206
105 107
1817 2921
2443 2444
382 3375
450 1291
809 2822
7207 7208
719 3144
303 304
144 4665
804 1616
840 13095
1621 4560
3584 3585
5308 5314
8307 8308
577 2638
9050 9051
583 2394
11618 11624
2675 4131
5692 5693
7518 7519
633 1385
865 2363
1325 1326
413 434
5869 11626
111 423
230 2437
166 975
6038 6039
3915 10521
11816 11817
3556 3558
2225 5624
412 2676
1264 2820
4906 5613
6453 9751
5483 5528
3428 9808
6281 6283
172 1518
1081 2360
506 2366
2409 8861
251 416
1807 9682
859 1633
2786 4845
563 3375
7730 7983
11500 11501
433 3455
4623 4624
4950 4951
4263 10527
9268 9344
887 7932
2901 9513
3278 12733
41 217
5610 5611
4557 4559
3568 3670
10112 13982
9196 9197
938 2822
45 6676
578 1027
10086 10087
6712 6716
7085 7086
4857 6573
7594 7595
9198 9202
479 7504
3 61
8565 8567
943 944
945 5234
2053 2056
220 716
11627 11634
83 1214
5300 9821
2660 3811
7960 10682
8004 8009
11618 11621
5691 6366
6080 6081
10556 10557
10325 10327
3090 3093
3605 8324
715 11627
3802 9680
6445 6446
260 2725
507 11295
144 8494
8680 11436
881 2223
1549 3292
2933 2934
14025 14026
267 268
807 1067
796 10952
9201 9203
1232 5920
4308 4310
11180 11182
720 4089
382 8694
10681 10684
7960 10685
132 3366
4079 4720
1168 10101
1108 1712
1078 10089
729 1318
1519 12155
9189 11277
3813 10558
2699 2700
2922 2923
4079 4081
4181 4182
1360 13301
480 484
4004 4005
1599 4526
14039 14040
9191 9192
231 1328
11609 11620
286 1411
2917 2918
9035 9036
4712 4714
2437 10970
6102 8353
6710 6712
455 456
4613 5952
209 211
8663 11634
144 8492
13321 13324
2920 4846
4381 8694
5223 5226
2062 2625
10107 11607
8823 11066
8052 8053
481 684
999 2213
300 804
3057 4392
62 2335
17 385
214 1809
8663 11615
1851 1862
716 5235
1704 6734
5601 5602
9605 9608
10294 10295
3802 4381
11223 11227
2058 5120
479 5313
304 3108
1616 8314
2707 5644
11225 11229
272 9278
207 211
485 2108
83 11605
2730 9307
9082 11261
8297 8298
434 4372
105 1846
2824 2825
938 2625
54 7357
2479 5302
230 340
416 3624
1743 1744
479 12003
1250 4900
4664 4665
1163 7976
1044 9961
2674 4643
1711 6607
6744 6747
138 3339
24 691
2995 2997
1141 9135
37 887
7946 7948
9085 9088
8001 8008
8025 8640
804 9596
4667 7086
1445 5677
3199 3202
1370 1371
5574 9802
5403 5405
1304 14006
583 5975
6226 6227
209 250
480 975
7408 9828
11628 11630
371 372
11226 11229
3590 3591
2731 4396
2676 2731
51 9208
7923 7924
481 4165
14018 14019
2166 4958
5759 5761
2848 2850
1933 7161
208 210
2105 7787
5326 5328
132 3525
4083 4117
4291 7245
4665 6297
7788 7789
3544 3545
578 901
5795 11583
41 698
3483 4605
246 247
11609 11632
481 8819
4389 4390
592 1968
3571 7120
4194 8156
5954 10076
304 12147
9739 11884
684 729
37 868
5696 5697
485 9051
7634 7641
479 5821
6302 6304
69 14040
512 5584
927 11343
942 944
7407 9724
1855 6429
17 18
5310 5314
1751 1985
938 1161
11360 11361
479 14172
4107 5072
385 387
3341 3512
19 6334
975 9577
659 3242
7139 7143
10080 12195
48 7208
198 4216
252 3615
5324 5325
7396 7397
4082 9503
1967 9511
3169 3170
865 866
4452 4994
11616 11631
83 11608
506 9966
868 4086
1691 7386
563 4022
1213 3788
5791 5919
9275 9717
1917 4383
3612 3613
6093 6194
583 616
2850 2851
8015 11654
4086 5083
5096 7049
3188 9205
39 2347
2076 8267
1824 1826
6861 11075
7662 7663
2225 5552
397 807
8002 8009
5975 9134
2225 9331
804 1618
2171 4104
583 12781
2868 4539
9403 9717
1617 10662
2274 2275
2210 9531
874 4392
207 1116
382 1230
868 10052
11067 11069
2568 2571
51 54
38 868
734 4934
481 5965
7339 7341
7162 7164
6244 6248
4613 10907
2007 8588
10842 10843
1642 8265
87 88
9197 9206
3646 3821
2799 7942
6063 8404
6587 10459
8596 10169
2786 4847
633 2844
1896 2360
99 269
12850 14166
10335 10339
4972 9735
4177 5505
5641 5643
7218 10670
10080 11302
8004 8011
2479 2482
591 2686
1248 1249
434 517
8824 11065
72 5705
682 6185
1031 1032
1635 6240
1067 5293
83 4465
1824 7949
83 370
207 7646
5306 5308
237 794
5576 5579
874 13275
2925 7452
551 1027
2680 7417
8569 10277
11506 11509
1001 2213
27 28
11826 11827
4268 7026
5355 5356
9573 9574
729 3535
6916 9987
4612 5746
592 4096
2686 5792
807 9677
506 1264
2232 9620
8240 8241
3064 9192
5794 9057
4165 7322
4684 5549
3004 3005
11613 11614
6916 9994
45 665
807 4837
2257 2258
1291 11197
1411 2831
591 615
6334 8986
9708 9710
11612 11618
2925 14053
3164 3165
10907 10908
8156 8157
6246 6247
698 6282
2667 2668
11626 11629
408 958
842 2002
2314 9303
1751 7397
2005 3795
172 4089
975 4166
11620 11631
1068 11154
2225 9732
2367 8053
6963 6964
11618 11634
1896 9148
3205 5438
881 1920
51 9203
10412 10414
1196 10099
8677 8678
1362 9035
2918 8478
4175 4177
6394 10753
1034 11608
1846 1847
90 7017
13115 13124
9615 11477
6279 11767
1263 5160
495 8805
1150 8562
1291 1361
179 4011
1817 3755
726 6060
237 564
7332 7336
1708 9952
344 7936
7291 7292
4663 6297
3543 4061
10033 10034
6716 6718
2577 4061
2577 7410
6948 6949
11900 11901
415 434
1168 9903
3812 4925
54 5231
48 382
2926 2928
2479 4407
2074 4107
456 5193
11619 11628
2311 6590
699 700
83 14112
159 260
829 8940
434 1150
5287 12189
300 2836
178 4011
172 2063
1547 1549
7874 7875
726 6059
2120 6353
38 1747
132 14132
2062 9082
8013 8014
12757 13000
1161 9082
874 4526
1851 7086
1540 5867
715 10147
8030 10590
434 2108
45 865
591 1748
1659 1661
40 11670
2207 4594
9604 9608
2343 3242
11344 11346
83 3579
578 1518
2247 10669
54 8158
716 2569
198 4217
5908 11990
6130 6132
144 4664
96 269
5863 5864
536 1248
5551 5623
8823 11065
1450 1452
468 10273
11065 11067
6874 6876
6042 6043
891 1444
3430 3431
679 14117
6192 6196
11631 11632
9199 9201
7959 7963
583 3568
782 1861
505 507
6711 6713
3242 11549
632 7164
11620 11629
39 252
10387 10390
5421 10497
9510 9511
3328 5504
4837 14026
5832 5833
52 11722
4539 10311
2004 5559
2225 3285
457 2520
2686 5919
132 385
61 62
6489 6491
2926 3274
340 1130
218 4307
260 543
4136 6626
479 4548
698 1161
10728 10730
1093 8027
938 9083
4472 5066
4113 7687
317 9152
7635 7639
7492 8942
1849 8074
4176 4178
415 2737
7960 10683
1621 2024
2748 5601
10411 10414
729 2046
1020 3525
3850 3852
1356 1385
6156 9831
507 6282
11613 11620
632 9395
11256 11257
9284 9285
592 9114
679 2174
5650 5651
105 2004
5850 9912
3782 8169
207 251
5941 5942
2676 4643
8156 9193
1584 4782
10011 10012
6060 7304
5747 10482
269 10270
5323 5325
1420 3995
480 2654
62 808
11610 11633
4161 4164
286 2479
300 2007
62 172
2242 4089
250 7269
452 5287
4229 6059
507 3128
955 1806
4613 4622
96 1660
9134 9915
9644 9645
5307 5316
8148 8154
10420 11148
5729 10054
132 1842
2498 10944
4241 4245
3664 3665
3640 6156
83 10773
941 3773
480 6769
420 1045
5795 9471
809 3482
4387 4695
270 6439
1159 1168
1680 7522
1131 1132
9309 9310
7492 7494
776 777
105 3579
6651 6652
11585 12198
8004 8007
578 13274
9248 9305
216 2031
11804 11805
6983 6984
7409 7411
6994 6995
4767 4926
218 5072
6654 6655
3743 9051
10147 11609
11578 11579
4016 8404
2814 3327
1353 9625
1692 7394
2480 2482
5028 10638
9186 9188
1904 6198
5599 5600
914 8240
428 7782
3360 6551
11507 11509
7526 9491
72 1909
10534 10535
866 9334
4101 6348
4946 4947
1234 8585
6063 7143
10411 10412
3804 6603
96 5504
5108 11522
684 9815
6197 7758
5781 6175
977 4731
2108 14177
1911 9108
9197 9201
242 248
4246 4947
6 1618
6712 6714
1316 12139
721 11336
8012 8013
2754 10457
11068 11071
1660 5073
5654 10655
8824 11064
763 1025
1218 1219
133 2553
42 7408
1017 5700
1229 6096
425 8402
481 2797
874 13274
3463 7830
434 1230
2063 3111
51 3842
3890 4017
11940 12101
407 5085
7290 7293
1618 14066
152 153
5752 13315
8824 11069
2835 2838
4216 4217
1688 2393
730 6287
455 10090
5232 11862
260 1045
2338 2339
9974 9975
7492 7493
62 506
5838 5839
9189 9190
866 5232
1750 1751
5313 5315
1328 1573
2837 2838
728 4281
860 864
3510 4004
7103 7104
1362 5108
1385 10564
3604 5624
6673 11069
1744 1745
230 2010
5908 5909
218 2754
1000 1001
1419 4246
4767 5915
9198 9204
5427 11601
2438 3798
3797 5922
4612 7408
2667 14004
1952 3431
323 12948
3381 3384
840 1815
9679 9682
9082 11758
807 809
861 862
4498 9195
8939 8940
2702 6516
3380 3528
2570 3782
9583 9584
8462 8463
6895 12135
2120 3242
2062 3859
9689 9690
11303 11345
7946 7947
3651 9257
39 10590
2799 7943
11285 11987
4498 8156
842 11842
766 2339
1385 2637
5551 5552
2063 4590
1909 3465
716 12069
715 11628
1318 1319
765 14080
2009 4067
9331 9333
1807 14114
87 2124
862 13207
1213 11458
5083 10052
578 5964
807 874
480 483
6946 6947
3 1364
495 1660
5831 5833
734 735
2489 2926
153 11545
1249 7879
2652 9338
5749 6365
4991 7837
721 10007
10786 10788
10147 11613
83 3114
2676 4132
6711 6714
3155 8273
4107 8840
2674 2675
3958 3959
6916 9993
969 970
4181 7080
11514 11517
507 9701
9757 10227
1350 3340
2004 2005
1304 13084
1967 8237
61 1850
218 8015
7194 7197
3258 6243
1809 14113
1445 5675
1314 4323
573 8105
11617 11619
1248 7881
3821 11426
4663 4664
300 2135
2702 5216
6355 11306
83 4193
2917 11556
83 3655
5130 7458
479 5311
269 1141
3930 5794
485 3743
9376 9377
7823 9596
24 3750
112 591
394 2055
11514 11516
1587 2233
3205 9043
1102 1104
37 1621
4699 11255
1146 6587
297 315
4596 6303
7296 7297
3450 7284
1191 12003
1161 11154
13987 13988
6604 9386
4954 4956
1248 5083
10682 10683
3482 7967
958 1358
38 1746
260 1967
578 5402
1434 1435
682 4717
11621 11624
6542 6544
6375 6386
231 7566
2025 3040
10167 10168
8942 8949
717 806
7334 7341
4685 6127
7637 7641
942 4748
492 494
5625 5626
11436 14075
3428 7643
3557 3560
2916 10497
2507 10542
3510 4002
1843 7763
6076 6077
5307 5312
6744 6748
4384 4385
2508 2509
41 10519
562 4241
7491 8022
8625 8626
479 1425
6801 7412
4261 5132
54 55
14146 14147
3004 3006
385 1019
4547 11071
2577 8656
4949 7157
5314 5316
6542 10705
51 8156
1465 4022
9285 9286
720 10101
976 7301
6756 6758
5148 5356
978 7861
684 11256
1911 4119
2161 11132
2367 3930
300 8940
3164 3166
1881 11607
2314 4016
3164 3215
11610 11625
664 13675
41 219
1045 3632
252 2709
1287 1288
1318 3743
7218 10673
683 1290
3904 9137
804 2045
2289 2579
10107 11604
3284 9700
8500 9153
2446 10081
83 5651
207 208
11357 11359
2668 2925
4907 8931
1912 1917
7669 7670
958 9484
7237 7238
218 7102
1751 7315
5234 7104
3992 4309
9604 9605
3543 5073
96 5072
2314 9249
6 1067
2884 2886
3114 11607
5076 5077
637 1034
941 14077
263 9418
37 10481
4481 10449
6453 9752
2926 3278
4699 11257
8759 9301
5728 5731
1951 3430
2314 8265
8309 8310
808 1572
408 8497
96 1484
7942 8584
1729 7885
4596 6304
13125 13126
5110 5111
3649 3650
874 972
1660 4066
5694 5698
577 2639
901 1263
585 8859
81 269
1263 6268
8570 8573
583 1426
1079 1081
8155 8156
5676 8204
698 6279
1492 1494
1376 6044
9195 9204
297 1177
2479 5745
1248 7503
1857 6429
4301 4388
1660 11950
11810 11811
2072 13208
4242 4243
869 9495
829 1129
172 2072
8025 9102
4033 6603
4241 13986
11064 11066
1618 14065
517 2025
24 7416
166 167
4972 6217
5306 5312
1710 2822
3346 3348
5908 5910
9738 9739
48 1513
7331 7339
1484 7124
551 6267
17 5386
407 10052
5696 5698
1383 6676
7173 8517
1488 1489
450 10842
872 873
9087 9088
317 4607
11245 11246
416 7881
11468 11470
408 1411
4727 7504
5067 5068
2006 2007
9621 9624
382 3615
5805 11372
573 12004
38 11647
6988 6989
395 3274
677 678
1304 14007
1248 8241
10099 10684
3633 4717
2367 4421
1358 4698
4155 9351
6149 6151
1117 6401
9259 9461
717 3057
7074 7075
5695 5697
8990 9072
11585 12199
5009 5011
6916 9989
4889 4892
666 1383
1027 3346
857 6693
6731 6732
10430 10432
1326 9599
7866 7867
11388 11389
4053 4062
1650 5254
157 1580
9312 9313
5683 9771
243 246
11622 11630
13 448
2568 2570
1067 1770
451 7684
8150 8151
220 503
5101 11989
2797 5289
1617 1618
6245 6248
7123 9749
2161 11131
107 2071
11632 11634
2223 8296
583 1876
807 2233
3799 3889
6245 6251
2232 9619
10906 10909
172 1264
6551 9056
269 7614
2074 5072
480 1765
1184 1188
9235 9236
251 252
4613 4623
11135 11146
8001 8006
2004 10901
251 14073
1304 14005
9429 9431
2058 2747
5336 5338
6485 6486
9295 9296
2111 9605
11618 11627
901 902
931 3460
7885 9982
2057 5196
11267 11268
54 10449
7788 9280
8121 13981
434 842
6149 6154
684 7091
6822 9473
5921 7411
577 13315
5509 5513
891 929
565 2479
578 8960
54 219
3484 7246
434 455
4452 4995
9601 9602
1249 1942
243 244
54 1616
3678 6168
3111 3112
2314 8655
5215 5258
8007 8012
1547 2390
804 7823
3375 5943
14169 14170
3380 3384
8156 9201
6 344
8493 11362
3743 4166
304 12148
7 5483
4547 11066
111 1851
1230 9519
3057 5913
2135 5903
1230 1425
209 8538
77 6672
874 1291
477 478
227 229
6470 6471
2447 8976
543 3606
81 14166
3086 3087
6029 6512
716 4106
112 590
209 13994
7943 8584
7334 7337
1108 5228
5626 5627
9429 9430
3656 7764
9603 9607
1141 1350
6894 6895
5693 5695
1951 3431
250 572
1817 2949
72 2680
3533 7967
5823 5824
159 5230
1809 4381
1093 14075
3071 8321
2976 2993
1572 5110
11604 11608
2479 2702
317 9516
678 679
6788 9260
2805 3543
9804 9807
1161 4169
5683 8739
52 9413
976 977
111 808
11491 11492
7126 7127
10052 10386
1484 8912
975 8271
9804 9808
4355 8840
6873 6876
712 713
5511 5512
300 958
7123 8117
7332 9282
434 10089
2798 2799
6216 8656
316 317
5822 5824
2225 2634
6749 6750
2792 2794
9403 14140
2632 9190
4168 8503
7322 7360
2814 8028
507 9700
1303 12128
5267 5268
1282 1283
385 1017
3632 9961
8300 8301
593 2661
8661 8662
36 602
2446 10756
2091 6240
69 1517
1249 7880
153 1347
407 4086
39 5854
7333 7341
745 5585
2924 2928
408 2658
8502 8503
297 11726
4546 4547
11609 11612
953 954
6025 6026
1953 12101
2540 9484
2361 2362
2797 5760
517 1621
573 6624
868 8451
684 1967
6001 7850
5888 11004
8024 9101
4500 5853
1715 1716
776 2063
11624 11630
13 4967
1599 7711
8040 8041
127 5591
7123 10277
2367 2731
1229 4622
669 671
1857 3057
6624 14177
215 252
2046 5314
90 9855
2091 4089
9059 9061
2924 2925
14134 14136
4950 4953
5504 7574
169 4297
6788 6789
1894 1895
4421 4460
865 929
1356 12818
6444 6445
7045 7046
633 782
8500 12151
2674 2676
13 4808
201 4613
8156 9208
955 7161
2006 9727
2071 3086
96 7724
808 1234
1777 8695
926 4453
2908 10596
24 7441
2006 4616
4304 5073
1618 1804
9146 9148
13315 14160
9460 14169
6 782
6199 9142
4160 5135
9152 10482
1494 2210
3493 7729
382 7009
868 1642
385 9018
627 7165
3896 5787
5287 9578
1763 1765
2638 13315
5572 5867
7871 7875
4972 9737
938 9678
90 231
397 4575
5888 8940
729 1350
4468 13677
578 13142
1321 1322
61 1635
4426 4428
7823 7943
7492 8026
551 9427
3023 8015
1168 3380
93 144
269 7011
172 2641
5306 5313
11196 11197
511 6746
12003 12004
270 7416
5867 10460
5427 11769
11618 11628
2489 3274
573 574
9141 11494
62 111
5310 6102
5210 5212
10622 10623
1019 9813
260 9531
660 2110
172 6268
272 3189
2659 4602
2246 2247
8156 9200
1618 1805
5869 11629
41 571
10325 10326
3475 3476
4344 5363
3614 5661
5920 5922
412 479
765 2340
1540 9802
1936 1937
489 490
507 6776
8008 8009
591 7332
800 5490
7733 7734
592 4806
2917 6182
207 11768
11617 11628
1782 2405
6193 6196
215 8492
3114 3117
10906 10908
1381 2448
73 4929
729 5004
1967 5161
543 9732
10810 10812
8151 8153
219 1356
3579 3580
3647 3649
11628 11629
1196 10683
890 1444
10147 11610
2367 3128
8149 8154
4665 4949
4583 5387
14061 14062
9618 9620
8484 8975
2004 10679
8799 8990
1584 7924
41 2479
11612 11634
484 9051
734 1494
715 11622
1751 3258
1264 6516
297 3354
730 1353
14011 14013
1263 6626
2225 5622
2932 2934
3092 3094
251 540
5555 5557
2798 9630
10420 11149
4290 8194
730 2836
149 711
1 10584
2063 4321
4959 4960
9805 9807
252 12781
9195 9199
683 6928
4304 8101
8404 9029
260 1376
7730 7982
5911 11990
8478 8680
5215 5255
14143 14145
4146 4148
4625 4627
622 9948
727 7436
1262 2091
7763 10685
660 9870
428 2822
3744 6156
9118 9119
5306 5315
300 683
3202 3204
7508 7511
6193 6195
925 927
11623 11624
4972 5761
591 2661
8015 11491
7634 7638
2120 3278
1691 3529
61 13211
2367 6220
975 3311
172 578
728 3641
3528 7885
5752 11100
2868 10311
7408 9829
4952 4954
5551 5622
12005 12007
6063 8405
10727 10732
479 5314
2513 2514
11358 11359
10774 10775
220 4663
10288 10289
8323 8399
958 11886
5305 5308
251 5975
1537 1729
44 2388
1081 2361
573 3353
562 566
6444 6446
4104 4105
2312 9427
4263 10526
1411 5613
11881 11882
1193 1196
52 4589
7547 11947
868 11652
2797 8053
7334 7335
4889 4890
6149 6152
660 6355
7686 7687
2446 7218
1164 4079
37 7880
218 564
2625 9082
1751 7316
1419 6720
5882 5883
5262 6516
5234 7103
2026 10223
7492 8025
5805 9267
5692 5697
252 5654
1628 2400
12016 12019
4086 7503
1137 8397
4950 4954
4217 5810
505 809
13 322
842 939
12138 12139
3559 9360
4850 4852
480 1319
506 1360
3012 3013
11611 11623
1451 1452
2675 2676
10147 11624
578 14091
2737 4356
8152 8153
791 793
984 9907
2056 6894
5510 5513
505 9082
698 9494
172 8169
317 2579
9301 9305
958 7504
218 221
947 983
1635 3057
198 199
1322 2680
8210 8211
11609 11629
5697 5698
7606 7607
1731 11520
11229 11230
6287 10900
3579 9207
5436 5437
11615 11618
5795 11586
2045 4635
615 1962
2934 2936
9513 9514
4766 4767
11344 11345
1903 8805
3366 5749
103 106
8333 8334
7692 7693
4262 5132
407 479
5028 5029
6676 6677
2085 10780
1911 9536
11791 11792
19 2161
4425 8211
218 1904
6542 10053
8025 9101
578 10548
11613 11617
11611 11626
807 1211
4906 8931
11256 11886
9612 9613
2446 10168
868 14181
1881 11606
2057 2756
2223 7011
1545 14137
450 4526
8211 8212
3856 11655
4304 4390
10525 10526
6059 6394
428 9173
1150 3640
72 4605
7877 7879
5695 5696
615 617
6561 12152
615 1963
11816 11818
480 1616
68 6268
260 1308
159 5081
1411 8497
1263 6627
1081 3979
795 2019
8862 10295
1711 9278
2625 9678
2731 6639
1326 9107
10413 10414
51 1478
6747 6749
4498 9209
7942 7943
13124 13209
683 7830
1057 2062
865 5232
698 4808
2057 10456
6754 6755
2275 14079
5811 9304
480 8473
54 5741
480 14172
11625 11629
1381 3542
6279 11378
933 6603
237 238
159 4377
51 9196
6322 10382
1045 13390
2731 6268
231 1116
5226 5227
1350 10971
218 5611
280 11268
3165 3215
860 1572
407 10386
6709 6716
62 13211
2025 4354
7789 8976
3859 3860
5669 6605
7265 7266
1896 9151
5309 5312
4752 4943
583 602
5610 10470
1817 2922
13012 14084
8894 8895
52 1711
3789 3790
5305 5314
6489 9721
11614 11624
934 3804
7492 8799
90 6375
6424 8563
53 3354
96 1044
8937 8938
28 9420
9266 14142
2275 14137
1150 1362
111 507
407 868
47 209
8663 11621
11506 11510
1614 1615
1716 1718
4301 4302
340 958
4717 9809
395 7420
3583 6182
2925 4172
592 1963
8000 8010
5388 5389
4265 6044
1411 10584
1328 8493
3572 9411
111 1850
573 1163
260 479
64 90
11610 11624
4433 4435
5419 10080
14129 14130
452 2873
3812 4924
3605 5554
5535 7756
207 7268
2004 13691
45 6560
3510 5116
1147 1150
2638 13274
1485 1486
1184 1187
5562 9111
83 9205
11615 11619
2058 2746
2357 2836
1019 3525
2175 2177
4344 7792
10016 10018
3239 3241
3850 7743
479 5306
1359 1361
7019 7503
6878 7710
793 794
11623 11628
1824 1825
455 9518
9199 9204
4350 5624
4350 4352
665 8653
322 323
5554 5623
452 4320
6141 6152
407 1302
24 2573
83 252
269 7312
592 4095
10649 10650
9230 9713
166 8314
260 481
52 1710
271 273
386 573
422 2367
1093 3326
68 70
958 11256
412 2674
395 698
6788 9259
543 13678
808 2491
3670 7332
978 3328
10679 11421
103 107
754 1809
718 4159
1616 10663
2851 4998
11476 11478
37 1825
81 2257
3156 4601
4011 4083
11614 11631
2754 2755
1548 14234
412 4132
172 4392
11611 11632
3641 4280
184 5660
4605 4607
9606 9607
5021 6311
5654 8500
6 42
211 572
7730 10934
807 1161
41 9338
9035 11522
5300 7966
933 934
605 11595
11134 11135
370 1130
251 1425
6282 9494
1362 1731
4547 8824
592 2686
5731 10054
3987 4493
9492 12173
1849 6401
12147 12148
7226 9286
3165 3166
4583 5389
2933 2936
12016 12018
1045 10704
424 13679
1617 6770
4472 7869
144 8493
1122 10567
8003 8013
716 5793
4152 11530
220 407
3605 5551
219 407
3475 5105
1161 3040
1558 2251
64 231
133 1253
1232 5921
52 53
3483 3484
11616 11627
1258 11296
1587 6060
631 632
4596 4597
224 6207
4897 4899
6964 8472
2054 2055
10080 11301
1322 7418
172 4590
3641 4278
4301 4304
622 5914
763 14167
7864 7865
3430 3432
809 1360
6894 6896
590 592
7332 7337
4057 14003
6245 6250
2009 3189
7997 7999
3579 9202
4556 4561
83 382
5641 7435
54 12017
507 3284
984 985
14 5867
11610 11618
3606 5554
9201 9204
68 3230
3579 9195
1478 2439
5747 6169
1080 1081
5869 11632
2916 8675
5312 5315
1030 1032
2492 3306
6733 6734
231 1581
37 583
6156 10402
872 876
2932 2933
172 1519
112 715
4332 4665
3340 3341
434 2798
11605 11606
14009 14010
693 14073
10680 11421
1817 2923
11617 11633
9804 9805
4612 5747
540 11766
3245 3246
507 4914
481 2024
3857 3859
4605 9724
266 479
4634 4636
424 4595
666 667
10085 10087
263 3538
1352 2490
66 67
1728 1729
9195 9203
578 14093
4635 4636
1548 10533
3743 9050
12160 12161
1327 1328
3653 12101
2918 8995
8863 10296
11612 11621
840 5028
5908 11989
10647 10649
371 2802
958 4644
8004 8013
1711 1712
54 407
3206 9043
4890 5436
3842 4105
407 5084
5729 5732
159 426
10827 10834
9275 9718
172 2820
978 5888
127 424
11530 11532
3812 10853
111 3284
684 6624
2814 8027
457 480
297 7413
9200 9206
2409 2808
2032 2773
4101 4102
8641 8643
1067 9259
2920 3239
1352 3821
9409 9410
3205 3996
10147 11621
6439 6440
729 7943
10303 10304
1599 7713
807 2234
2786 6762
11254 11255
1478 9855
5306 5309
2108 2798
2314 6519
83 1704
6748 6749
666 2711
1196 7960
78 451
4301 4303
3663 11761
2175 2176
4954 4955
5310 5316
105 9006
105 7231
11577 11579
5406 5407
1825 1826
2043 3812
1328 12194
153 165
7960 10099
5974 9134
2924 2927
2423 4178
422 2731
479 1621
1045 7949
1743 1745
3483 4607
7366 11208
2973 5429
199 4216
424 2223
1711 2059
782 2233
874 1416
11584 11585
11251 11252
1 11792
592 1962
9141 11493
45 7228
132 1629
1819 7378
3279 10466
10808 10809
166 10663
11622 11632
45 2710
4346 10441
1150 5562
1150 9630
3525 8866
5465 5466
5010 5011
6925 7161
1605 10310
1896 8655
11621 11626
2797 2799
5996 6193
10933 10935
104 106
211 4019
6709 6714
7844 7847
5675 5677
11706 11707
1486 1489
10634 10635
73 829
1920 2225
6751 7255
3804 4033
11779 11781
54 166
1248 2814
4241 4244
1141 1484
4060 6348
5811 9299
5292 5293
8297 8299
2797 2798
3454 10777
664 13676
10670 10671
10577 10578
172 13142
3088 3194
572 4031
209 249
4856 7325
1621 1622
24 5268
8564 8567
2360 8655
6244 6249
153 807
7236 7238
218 2755
1540 3347
8038 11155
1548 10532
11131 11132
2360 5117
711 1898
11632 11633
578 1160
591 9596
2308 2311
247 248
6268 6627
68 3231
238 6686
551 5794
592 2662
536 1247
54 502
5869 10147
4591 4592
765 14168
5225 5227
199 5876
4829 6879
2059 2755
320 321
215 8694
45 1442
4632 4633
12960 13301
7987 7989
7331 7338
583 592
11604 11607
2836 4988
386 966
557 6365
2255 7868
5223 5227
479 5315
9197 9209
9376 9378
1068 11155
4454 4456
7123 10275
11615 11632
6153 6154
507 5257
2020 5619
4016 9030
3431 3432
3670 7340
502 503
6953 6954
1729 10025
1108 5229
1903 6198
479 684
11629 11631
474 2769
6776 11212
9084 9088
44 2387
53 3189
10874 10875
14075 14076
4548 12003
693 1348
7705 7706
874 2641
7490 7493
684 5117
5692 5694
4165 4166
5798 5799
8941 8942
5759 5760
450 14118
1452 1454
6244 6247
994 1159
5021 6535
5533 5536
9197 9205
434 1362
4498 9202
9621 9622
111 782
172 14092
591 11744
13315 14094
5224 5226
726 9152
48 251
5553 5624
1264 1360
39 3561
1248 10052
9275 11484
9147 9150
5414 6103
1628 4293
1704 14063
11515 11517
1894 11980
634 13356
862 863
105 9737
452 2091
3557 9360
2748 5602
5654 7543
565 6783
144 1234
862 13115
1465 11595
83 9196
573 966
719 3114
5330 5332
2073 2074
1150 3444
7730 7731
432 434
4302 4304
5855 5856
428 5975
10080 10419
3245 4959
83 2908
1358 3051
8823 11064
1721 1724
394 6191
6282 10050
252 6424
3146 3326
2917 8478
3915 3917
4095 7226
1241 4644
1711 11460
3193 3194
395 4169
48 8101
505 2062
320 1014
2920 9266
1290 7830
2070 2071
4321 4590
12612 14116
4889 4891
1706 5903
591 2943
2111 2507
66 69
4635 7245
216 1658
3114 11604
715 11625
3750 4307
11826 11828
11616 11625
1770 6789
3579 9206
9173 11067
10651 10652
434 840
46 1072
3750 9833
865 4321
1108 5230
684 1425
480 9019
5584 5586
2020 2022
9306 9307
1072 4720
395 2639
10679 11422
11614 11627
1671 1672
8819 8820
11101 11102
152 8473
83 4194
543 5084
589 593
83 7010
452 2638
107 11781
1027 6739
1628 5356
11618 11623
2639 14068
4717 4850
3483 11558
720 2120
7764 11113
476 478
1264 2702
9196 9208
7289 7294
17 5389
1211 7932
626 1317
1116 7565
416 1249
8000 8004
1211 2542
3811 4925
132 1019
3632 4850
11558 11863
5554 5624
4955 5257
1484 1660
1 11469
107 11782
8002 8012
451 2873
5855 6181
3842 4104
7483 7485
416 8241
1308 2725
10671 10672
96 260
2534 3273
90 1478
564 565
3916 3917
480 4358
269 382
666 13675
3605 5553
4498 9196
840 6633
5256 5414
5867 11987
1904 8806
4209 4211
6372 6373
1712 9586
766 2336
80 1314
7339 7340
2446 10673
4076 8085
11228 11229
5454 5455
3273 3641
2935 12114
3646 13309
9990 9994
11399 11402
2851 4994
6708 6718
698 10006
8156 9195
138 10567
665 8654
3782 8684
7684 9578
238 239
11619 11623
592 4218
4972 9736
3284 5215
11915 11916
480 4357
934 6603
861 864
53 54
969 971
416 7880
8716 9575
2485 5839
13137 14044
716 4667
9195 9209
7526 9492
2367 6221
1658 1808
1911 2825
8524 14013
2918 8477
4243 4244
1070 1071
4357 4358
2004 10680
14126 14127
317 639
3189 9278
719 4124
1168 9902
10050 10051
90 955
8477 8686
3577 3578
218 11362
715 11623
2914 9273
6 3242
4172 12733
1599 2731
5777 11470
4498 9207
543 6685
5461 5463
6374 9251
1326 9598
573 2317
63 111
11678 11679
1723 1724
506 6895
169 1034
5729 5731
4365 5598
1478 9251
107 6183
684 9813
543 9334
54 1211
7338 7339
9248 9304
5869 11631
938 2091
2004 5613
304 4174
14144 14145
37 1425
1817 8638
543 5554
6063 9029
1291 1359
41 4663
435 1186
2485 6240
5808 5810
11627 11631
1 5777
578 1572
2225 3606
7494 8024
8941 8949
428 3114
1360 1361
8148 8152
9195 9208
8493 8494
7276 8946
24 1034
317 1078
3850 3851
4194 10002
914 10306
8003 8009
3646 11426
3670 7336
1302 9056
2873 3322
8554 8556
5747 11951
251 693
5150 10481
999 1001
4113 7686
7642 7643
479 565
19 20
1198 7896
2867 3182
4845 4847
9613 9615
5694 5697
1034 3114
1072 4081
9550 9551
872 874
8310 8311
5906 5907
83 7009
1078 10090
38 10075
11615 11624
7335 7339
6633 10777
209 4609
7420 10907
2481 2482
715 11610
5132 11439
6686 8583
2046 8353
8311 8312
54 1385
578 2855
7778 10743
132 13990
2441 2442
1547 14234
1746 1747
5909 5911
2225 3340
10508 10509
8298 8300
5234 5235
592 6525
260 1263
1671 5425
2072 13207
83 495
2337 2340
718 4322
4498 9197
1470 1471
10672 10673
457 5691
11612 11617
8680 8687
6589 6590
2108 6624
9600 9602
5196 10171
4083 5902
11791 11793
1105 1106
9594 9595
48 602
11614 11615
1851 2901
734 1493
5114 5115
684 4699
9377 9378
1081 1867
1838 1839
10080 10671
5323 5327
4498 9201
4060 6346
96 13390
11102 11103
420 14096
6 3278
1876 3568
885 887
9149 9150
3016 5160
2668 3278
1903 10508
9358 9359
1717 7599
209 210
1903 4066
2004 5558
5314 5315
3750 11957
10726 10728
1264 6801
557 983
