4267 4268
4717 9809
683 6928
11064 11067
4437 4438
14200 14230
13947 13951
7277 9447
591 1748
428 11066
1548 1913
873 876
14139 14140
2901 5664
1839 1840
14199 14211
172 860
14193 14209
1196 10099
39 11110
14213 14223
13905 13906
1416 1417
3595 4888
42 807
14201 14225
1546 1547
14199 14224
14227 14230
9443 9444
14203 14210
782 4949
5403 5404
9834 14184
14212 14216
1912 1914
5500 5501
5021 6337
9988 14208
14187 14191
14203 14216
12757 13000
42 809
14202 14223
1143 1145
14203 14209
1328 13541
2814 8027
172 5287
14187 14189
1195 1196
2835 2838
10300 10301
1586 1587
4685 6547
14212 14226
5021 10301
9988 14229
1952 1965
14190 14207
14 1413
590 592
14202 14215
14215 14221
7932 7945
304 10700
13921 13959
634 1385
397 9944
11067 11070
172 862
578 901
14128 14129
17 14132
664 665
729 2046
14203 14207
14212 14224
87 2124
14215 14222
9988 14215
14188 14229
14200 14228
4969 14140
9173 11070
1147 1149
1809 14113
8664 8665
1350 2634
14202 14216
4653 4658
1519 5759
165 167
172 2713
578 874
14189 14200
14193 14195
956 4378
14189 14225
3870 3872
8521 8525
3205 3206
1017 13989
1628 6409
839 1668
589 590
3594 3600
1193 1195
684 13370
14199 14218
47 407
1385 3750
14197 14214
2341 3967
14187 14188
658 659
172 11574
9834 14185
270 6338
754 1809
10169 10170
54 4481
782 783
1547 1913
2674 2675
14225 14229
14213 14217
889 1001
13970 13972
172 864
14199 14216
3380 13970
1385 10565
172 6240
2577 7102
13950 13952
1356 3567
14201 14214
4261 5132
14208 14217
39 11111
14200 14201
506 874
14204 14209
14205 14216
9834 14222
14211 14230
10453 13814
1911 2825
507 9921
279 280
14189 14212
78 2074
5889 5890
14186 14191
54 2074
14219 14227
2197 2198
812 8134
172 2505
294 295
8520 8527
2674 2676
664 666
2367 4392
14193 14223
8523 8524
1017 4810
14209 14219
114 4289
38 1743
412 10563
14191 14200
1168 3385
1195 13117
1022 12757
5539 5542
5539 5544
1326 9107
2687 2688
14196 14199
8521 8524
4209 4210
11334 11335
14184 14230
3789 3791
2007 4616
7417 7418
4547 11066
54 3842
14198 14226
615 1327
1660 8806
4196 4198
686 687
6025 6026
14203 14226
9108 9536
2274 2789
2442 5643
1168 9903
5858 5859
1328 4565
408 7335
11780 11908
2855 4131
14185 14195
636 1668
3321 3322
14209 14211
412 1262
2675 10562
2007 4615
1707 2062
14206 14224
2540 2541
14195 14212
14188 14206
876 5590
2197 2201
14207 14208
1876 1963
4263 11439
209 211
632 1572
14201 14209
218 1384
13959 13960
890 1758
1911 3351
4547 11071
4547 9173
14210 14229
146 5481
7332 7338
14215 14217
410 4034
683 9721
5728 10054
4655 4657
14218 14224
6202 6204
2676 4643
218 407
3328 5073
1081 2361
872 901
17 133
8823 8824
1322 7417
6311 10301
14204 14227
874 5341
14210 14225
172 689
14205 14206
9917 13958
478 3692
14196 14207
54 220
412 8516
632 13782
901 13142
14173 14175
14057 14060
1628 1819
1847 1848
14214 14216
698 704
73 829
14202 14217
14193 14215
1808 1809
2125 2126
8466 8467
14197 14206
14207 14214
4240 4242
6673 11071
14207 14211
420 1661
622 5914
4198 4199
14189 14229
14197 14202
3806 5485
1167 1169
2675 4131
5858 10186
14197 14229
14188 14209
3598 3599
1328 14235
14203 14228
3070 3073
172 13115
154 730
2799 11780
2918 4678
9834 14216
4394 13142
898 2171
5020 6311
782 10776
14 172
5654 9534
11065 11069
1484 1661
938 13899
889 6576
2062 2625
14204 14222
1962 1963
14200 14208
683 6491
4437 4616
14198 14204
291 294
1712 3536
14210 14213
4481 6623
88 5879
14193 14198
14207 14220
5132 11439
791 794
569 11276
1501 1502
589 1748
172 3057
4132 10562
9917 13955
633 2844
14216 14221
14203 14222
207 572
3340 4261
14184 14199
220 407
9988 14187
124 8135
10167 10168
1328 2667
8522 8527
4237 4239
5480 5481
169 1540
14204 14226
494 4156
1585 1586
9988 14193
14190 14208
14190 14205
2547 2549
657 13971
6419 6421
53 54
480 1621
14186 14190
3070 3074
14196 14203
13 3255
270 3750
495 8805
105 1587
14194 14214
209 1081
451 9391
14203 14213
14432 14433
12047 12048
14214 14229
1546 1548
14140 14141
14200 14227
14187 14203
14207 14215
1846 1848
506 1291
14202 14204
7173 8517
4126 4128
3806 5487
12460 14027
5857 5858
14210 14211
14229 14230
14216 14222
73 2474
861 863
3255 3256
2171 4104
14194 14209
78 2506
9988 14190
40 251
9443 9445
4438 4440
14215 14220
700 704
1445 7082
9834 14202
251 1426
1867 7352
2731 4132
3254 3258
218 4381
340 4267
597 869
14206 14217
1412 1413
450 4394
862 864
14191 14199
14184 14196
1045 9809
428 1108
578 2712
2360 2362
1628 6410
1547 1548
96 13390
4267 8563
14128 14130
14202 14224
1577 13895
2367 6220
1168 3382
257 14231
4127 4128
14190 14225
3870 3871
14213 14228
14196 14229
48 382
8321 8322
1282 1283
4440 4441
9834 14227
2873 7732
14218 14219
3663 9107
14208 14222
2006 4437
573 843
1838 1840
660 2665
14195 14215
4441 4615
14201 14206
1549 1914
1327 2666
172 577
14196 14211
14185 14230
3595 3596
816 1317
14203 14212
14187 14196
7296 8269
863 864
3380 3382
1587 2070
1628 2400
720 721
2046 4482
703 704
2200 2201
14207 14221
54 4061
14223 14225
1484 6374
14197 14199
4093 7754
3561 3562
229 340
14192 14209
9834 14190
4236 4238
2161 2956
452 1518
2638 13275
14214 14224
2024 2026
4234 4236
14185 14200
112 593
53 3254
14220 14221
14198 14205
412 2676
901 4394
48 3375
14214 14221
7297 8269
4864 4865
172 4859
4034 11778
5641 5643
13964 13967
2837 2838
3239 3240
1340 1342
14200 14219
7708 7709
14193 14199
7828 7829
4237 5858
4969 9266
931 3460
4381 7791
683 6489
14184 14194
1076 2273
5589 5590
2939 12852
14196 14217
4209 4212
5072 5073
578 3571
14204 14223
14194 14207
1484 9251
14191 14213
14185 14213
2699 2700
90 1484
583 3568
14207 14226
3380 3385
730 2838
428 1107
10565 10566
14217 14221
1808 3802
14191 14201
14205 14210
5461 5463
5498 13960
132 8867
1903 2637
633 782
9834 14215
479 480
626 829
5021 10841
1291 11360
9988 14194
887 4859
791 2125
153 165
452 2641
14191 14193
407 958
5577 5579
72 14055
10109 10110
5324 5328
5541 5545
14189 14222
14188 14228
218 1385
5403 5407
72 317
8522 8526
218 634
14196 14227
9834 14186
14192 14210
14213 14214
3598 3600
14201 14218
9834 14188
1093 2446
4094 4096
3328 5503
9235 9236
8824 11068
1044 9961
96 1660
5573 5574
3256 3257
4615 4616
2320 14231
10060 10063
578 872
876 5589
217 218
3525 8866
555 13921
40 11670
14218 14226
591 1876
14198 14213
684 13371
14204 14205
14196 14216
14194 14216
1746 13117
14254 14255
14190 14220
1921 1923
6275 6277
11064 11066
14213 14215
14210 14223
54 5741
1195 7960
14186 14207
4951 5913
14201 14221
4241 4242
14203 14204
9988 14217
14211 14220
103 107
9834 14211
9849 9850
10062 10063
5020 10300
450 451
407 1362
6596 7074
1228 2440
14200 14211
1587 2071
6276 6277
159 5081
14196 14204
1949 2115
1385 2637
669 671
14209 14217
9988 14219
7343 7345
112 808
493 494
14214 14228
4439 4440
422 2712
96 5503
3387 4165
2939 12807
14196 14208
2797 5759
14206 14221
2918 4677
1947 2115
615 1962
1493 1494
14207 14216
14184 14192
9834 14197
1519 5760
14184 14193
428 11067
578 2713
6201 6205
14186 14210
9988 14184
782 1360
8823 11069
14213 14229
3375 6846
3071 3074
2190 2193
8641 8643
1747 11718
1863 7352
812 8136
1763 5486
2007 4438
6489 9721
2637 3750
218 219
1765 5486
1946 1948
2171 4105
1549 2123
494 1313
14207 14219
452 2638
14189 14193
844 6737
8596 10169
14211 14226
791 2126
14203 14224
1020 6288
14193 14219
4268 7026
14185 14212
2539 2542
14192 14229
4132 8513
14190 14200
14221 14228
14194 14211
14200 14220
680 1903
2549 2550
5760 5761
172 3380
1949 2116
3340 10491
14186 14187
172 859
573 6737
943 944
9834 14221
4243 6585
664 667
2273 2789
7296 8268
1903 8806
14199 14217
8268 8269
6528 6529
14205 14208
14190 14206
14213 14221
1107 1818
543 684
14200 14223
14185 14220
14191 14220
14209 14214
1807 3803
2025 2026
2700 2701
14227 14229
14194 14220
14194 14217
220 2074
14184 14190
14193 14204
5741 5742
1916 1917
9403 14139
13950 13951
734 1494
4104 4105
5576 5578
14060 14248
218 5072
1457 12040
416 5150
412 4131
14191 14196
459 460
6203 6204
782 1711
869 870
14202 14226
14193 14218
578 2638
42 938
14218 14228
218 4061
96 1484
14034 14035
1022 13243
14196 14213
4810 10620
14187 14195
172 2091
1328 7518
54 1711
3802 4232
218 7791
395 8197
14205 14221
14187 14228
14193 14196
2441 2442
96 5502
1765 5645
14188 14207
5577 5578
172 863
730 1545
4815 11814
14196 14209
1000 1001
14195 14225
14186 14216
1950 1952
39 252
5499 5501
2577 6216
14191 14198
54 6622
44 927
14219 14224
14201 14224
1660 4763
451 452
729 3535
1807 3802
2675 2676
4240 4245
12757 13243
14187 14192
1262 2091
2539 2541
3190 14033
799 3878
4093 5826
5653 6552
14208 14214
591 4093
14198 14219
1194 1195
583 1963
14211 14223
3205 5438
420 1659
4438 4441
14193 14213
14129 14130
428 887
4810 4811
14200 14221
72 1911
683 3340
1141 9134
14221 14225
4393 4394
3505 3507
14190 14221
4547 11067
3595 3600
2367 6221
172 1145
13975 13976
4653 4654
2944 2945
781 783
7648 7649
2441 5641
4676 4677
14206 14208
112 592
14187 14204
887 927
702 704
12807 12808
3444 3445
14224 14230
7277 9444
14189 14209
3382 3385
10061 10062
14208 14221
9988 14210
905 906
172 1264
3206 5438
14207 14224
3072 3073
2836 2837
3803 4232
699 704
14056 14057
1903 8805
887 3321
14187 14214
8824 11067
382 5653
589 592
14213 14224
2454 13921
14216 14218
14253 14254
215 4381
842 11815
584 585
1004 1005
887 3284
3780 9108
217 1384
218 8493
214 759
5578 5579
798 799
2674 4533
726 727
1950 1953
844 1191
5288 11702
230 2011
891 1758
4240 4241
11333 11335
592 9659
14212 14221
1953 1965
3594 3595
14188 14220
1765 1839
4093 7751
166 168
53 1711
14186 14194
4268 6424
14190 14199
615 660
14186 14188
14056 14060
4237 10186
592 3670
6419 6420
3057 3321
2831 7977
14186 14201
8541 8542
14199 14204
1211 2540
14202 14211
8824 11065
10299 10300
252 7507
14209 14221
14192 14200
14210 14230
14190 14196
733 949
14212 14228
37 5150
14059 14060
1849 1964
7826 7828
360 12339
14192 14224
1327 2667
834 7475
96 5504
14187 14210
781 1069
7809 7811
9173 11066
592 593
397 9943
14187 14206
218 220
4547 6673
10975 10977
14211 14213
3380 3384
8521 8526
14190 14202
1547 1915
2198 2200
132 6288
2198 2201
14188 14193
7218 8027
578 13142
5215 5402
2674 4132
8517 8518
626 1317
230 2010
14211 14218
14199 14202
14197 14211
592 4096
14189 14217
14214 14230
72 3482
14195 14204
1383 1385
14190 14209
104 107
14199 14221
2091 5287
428 4547
4168 11800
578 873
807 1360
2981 2982
4055 8484
218 3543
172 3321
13 3258
687 688
3567 3569
1084 6270
782 3227
11065 11067
14198 14211
9443 9448
2199 3319
578 860
416 1621
4235 4237
578 2640
8689 8690
373 12051
5498 13959
5575 5576
5571 5574
4237 5859
53 3257
1081 3979
4654 4657
11069 11071
7827 7829
9834 14209
2193 2194
14186 14212
13681 13682
14206 14212
5325 5326
11439 11440
14200 14210
10714 10715
1621 7880
13949 13951
945 1372
591 2943
14203 14211
2539 5126
10420 11148
1867 3979
7457 7458
9988 14207
834 8390
6026 6027
14189 14196
8450 8451
799 1873
591 1961
14187 14198
4093 7753
14185 14225
2010 2011
385 9016
3326 7218
14191 14204
1144 1145
4616 7709
370 1819
209 1865
1211 2542
14221 14222
14098 14099
578 875
6418 6420
17 573
14209 14230
14211 14219
591 2905
14214 14217
408 507
14204 14206
14219 14223
291 293
671 5759
412 9018
2360 7350
495 1904
178 179
1809 3802
13946 13952
615 2665
14194 14223
5323 5327
4654 4659
213 2471
14188 14204
2543 5571
1322 7418
37 867
591 4094
172 687
1628 4293
807 809
14190 14228
1093 8073
2442 5640
3632 4850
4969 9403
3594 3597
1911 14055
2409 2410
9173 11065
432 766
220 1384
14201 14213
14216 14219
2454 5499
2440 2441
5541 5543
1548 1917
14206 14215
14194 14205
3790 3791
385 573
14184 14188
2709 7507
798 1873
9834 14206
14190 14201
37 868
14196 14215
764 2340
13906 13907
591 7338
6673 11070
4237 4238
8523 8527
238 6686
4627 9027
2548 2549
2357 2979
2437 2438
5974 5975
14205 14225
14220 14228
12851 12852
5502 5503
578 863
1575 1576
592 615
54 1903
1176 1177
4034 9562
1876 2905
7297 8268
3596 3597
14197 14230
1241 2400
807 2873
869 8452
633 3227
9988 14222
1322 2680
481 3212
14190 14222
1547 1549
2446 3326
11361 11362
2803 3536
14188 14226
14198 14223
4547 11070
890 891
2006 4440
474 1337
1876 1962
2114 2115
14201 14226
5654 6552
999 2213
1912 1916
14247 14248
906 908
729 805
14207 14212
4392 4393
132 2981
5668 6221
14191 14218
6673 11064
573 4548
2271 2272
14193 14210
4547 8823
3070 3071
14215 14228
14205 14223
4055 8485
9834 14203
5654 9153
14216 14230
1077 8073
1572 13782
297 315
300 805
1108 1818
1211 5126
14203 14205
1315 13390
2321 14231
211 572
2665 2666
2367 2855
14204 14215
5324 5325
2803 3525
3597 3599
14213 14227
550 632
578 1145
14206 14228
782 5288
13955 13958
5073 5504
420 1045
14192 14215
14188 14196
14184 14227
14191 14227
14203 14223
38 3464
13955 13957
434 517
1194 1196
14198 14202
14188 14197
287 10167
9445 9447
4034 5341
8197 9581
14190 14211
14191 14230
132 1019
7277 9448
48 90
382 6552
9988 14214
4197 4199
591 2687
14215 14230
2674 2731
2340 2558
873 901
7751 7753
172 451
452 2639
9134 9135
14199 14206
428 6673
4717 4850
1076 2275
4267 6424
914 5751
14217 14223
14190 14214
450 901
13946 13949
583 2609
257 2318
14205 14227
251 297
172 4394
1911 8287
868 8451
1044 1045
252 1425
591 5825
14203 14206
7809 7810
1765 5488
591 2385
578 861
688 689
220 1385
5791 5792
4236 4239
14193 14229
172 1519
14209 14213
271 3989
8566 10839
3750 5208
54 6621
555 5498
3057 5913
1009 5498
37 7880
13116 14103
550 1572
428 927
1415 1416
14185 14204
7349 7350
2675 9558
555 13959
14208 14220
8575 11778
5403 5405
3443 3444
9403 14141
5020 10299
3326 8028
925 927
875 876
861 14118
2441 5642
14185 14229
6254 7128
4969 14142
1948 2115
727 3528
14189 14192
14202 14206
1338 1339
9834 14224
14210 14219
132 1020
14188 14192
729 5919
14199 14205
781 1068
631 632
14203 14218
14211 14217
5857 5859
5276 5278
2441 8688
5541 5544
14184 14221
14184 14200
14186 14206
412 2675
397 6934
5341 11778
9848 9850
683 10491
14201 14211
40 1425
426 12271
14221 14227
4381 8694
5654 10945
14192 14216
2367 5668
3791 3792
2920 3241
13974 13976
14149 14150
14202 14214
1291 11362
578 1518
14210 14228
14190 14216
2446 8596
782 1069
397 3786
3525 6288
416 7880
9266 14140
12460 13045
172 2712
1009 5500
370 1241
2446 10167
14188 14194
14201 14220
14191 14219
9988 14225
14217 14228
14192 14199
257 2320
4241 4243
1492 1494
1865 1867
2675 8516
2007 7709
421 729
2686 2687
14058 14059
1484 1659
39 3561
172 1144
132 2982
2731 4131
4093 4096
14206 14229
14190 14215
14190 14210
172 3384
4067 4068
124 812
14200 14215
14195 14202
615 1328
14205 14212
727 3380
14189 14195
2273 2275
11067 11069
1356 3568
96 3328
14195 14220
9988 14191
42 4607
2274 2275
397 1707
14194 14206
2070 2071
14197 14218
799 7562
14199 14210
2361 2362
3802 3803
9988 14209
14192 14205
9849 9851
2192 2193
416 1710
14194 14204
1107 1108
14210 14217
14194 14225
2675 4643
11148 11149
104 105
434 3445
702 703
607 608
14197 14225
1494 2210
2009 3189
5653 5654
9834 14230
14188 14223
2197 3319
14226 14227
3057 4859
14252 14254
615 2667
1360 2234
8520 8523
5073 5503
12459 14027
914 915
2007 7707
480 729
808 5111
6928 10491
14226 14229
14213 14219
4132 10563
19 2161
768 2438
10711 10715
8596 10170
46 683
804 4482
8518 8519
3445 3446
14184 14207
9988 14216
14206 14209
3340 6491
10453 10454
4235 4236
2665 2667
10564 10566
46 1660
9834 14199
14189 14220
14195 14206
14198 14214
47 683
3597 4888
1721 1724
14195 14224
54 4105
1746 6439
14197 14200
2920 3239
2712 2713
615 1876
3070 8321
14209 14212
1262 2674
14170 14171
2543 5574
1724 6918
1961 1962
1328 7519
13964 13965
14188 14198
146 5480
14218 14221
7791 8694
5020 5021
13956 13957
657 661
14199 14207
1904 8805
5326 5327
585 4607
3443 3445
2686 3016
13905 13907
14185 14205
904 906
46 300
3789 3790
13970 13971
1455 12040
8823 11066
2091 3321
14188 14216
14185 14214
867 868
861 864
14207 14227
14199 14214
1763 5487
14216 14228
9834 9988
14200 14204
112 5110
5539 5545
382 9534
4242 4245
3594 3596
1383 2637
1248 2814
2814 3146
428 8824
6773 8664
6561 9153
271 9834
5572 5573
492 2242
14185 14226
14187 14216
4393 5913
6990 6991
14202 14208
14190 14226
1121 1123
2007 7708
37 2815
1339 1342
578 1519
10071 10072
5539 5543
876 901
14205 14211
734 1493
1765 1838
54 1384
887 3057
52 11722
6288 11740
9266 9403
874 876
10491 10492
14211 14227
14197 14226
700 702
2191 2193
14202 14212
14188 14211
6673 11067
3750 11997
14216 14225
2676 4132
14194 14215
14222 14226
14192 14222
1763 5485
13974 13975
477 478
14186 14221
4093 4094
54 3750
5572 5574
809 3242
2815 2816
9403 14140
1913 1915
4234 13953
658 660
14193 14208
607 609
14205 14220
2686 5919
730 2836
809 1360
682 9809
1963 3670
1145 1518
1548 1914
5729 5731
1920 1921
1020 2803
5485 5488
107 2071
2637 4307
5404 5405
12612 14116
270 6339
885 12115
14205 14219
354 355
96 1661
1572 5110
1920 1922
13945 13951
829 1870
5276 5277
14209 14220
11954 11955
217 1383
583 2943
6673 11066
6773 8666
172 3382
1045 1316
11333 11334
14216 14226
14185 14202
5464 5466
105 2070
132 5700
13948 13952
1079 1080
1383 1903
730 1543
2627 9625
5642 5643
14195 14227
14191 14207
670 671
5641 8688
1327 1328
10167 10169
2009 4067
14184 14220
2797 5760
8484 8485
14205 14209
5914 9948
3750 9308
5913 11574
2680 7417
7810 7812
9234 9237
9403 14142
14189 14230
1195 1746
14197 14208
4657 4659
14188 14221
14187 14212
14205 14218
1863 1865
698 702
2226 2227
4086 6339
1903 6648
294 4422
132 10620
14224 14228
1385 2171
684 1660
14193 14211
671 1519
8566 8567
782 809
252 3375
14190 14219
10049 10051
1809 3803
4625 4627
2007 4439
14186 14223
14184 14225
218 8694
14 1211
578 671
270 11997
873 875
13945 13952
14191 14210
428 5150
4949 11702
867 869
412 9557
14208 14227
14186 14199
872 873
14192 14213
11066 11068
37 2816
14187 14197
14188 14215
5729 5732
428 11070
14188 14225
2676 9558
5729 10054
14192 14195
270 4086
1338 1340
14200 14213
1 5298
14198 14212
608 6723
11907 11908
14188 14189
14198 14200
14193 14230
172 887
54 1383
14194 14224
14217 14224
1093 1248
14192 14203
2367 3131
229 230
14187 14211
583 3670
14215 14216
4196 4197
591 2609
14206 14219
1546 1549
6491 9721
2917 4678
14216 14227
9988 14186
1807 4232
14238 14239
698 703
4574 5404
17 3353
2442 5642
9173 11071
6673 11069
1809 4232
3340 9721
2074 2506
14202 14230
9988 14213
78 172
48 1425
4392 4394
38 1747
699 703
14192 14225
1664 1665
2242 3967
683 4261
807 3242
782 1067
14184 14223
807 2234
14192 14221
1019 3525
14193 14224
2318 2320
218 1904
218 1291
5641 5642
2286 2334
10099 10155
3595 3599
3131 4393
7707 7709
412 9016
14204 14228
807 1211
428 1818
9988 14211
11780 11907
2979 3495
428 11071
591 3568
4654 4658
14223 14226
1921 1922
14199 14226
671 2797
578 4392
14184 14209
4440 4616
9834 14229
14192 14194
3190 14035
54 6623
14203 14220
5215 5216
40 3562
1819 4293
14201 14219
14191 14203
7332 7335
7277 9443
14190 14218
8641 8642
809 2873
14218 14220
3383 3385
2699 2701
10072 10073
452 2820
14193 14222
14195 14196
219 220
1704 6733
2320 2321
615 1963
103 104
2004 12474
1576 1577
2190 2192
172 3381
698 699
14208 14230
2442 8688
14202 14219
14211 14212
14203 14227
2265 5816
2638 13274
14216 14217
6424 8563
14186 14196
1315 1316
201 1047
340 4268
14195 14219
11955 11956
3073 8321
300 1350
114 2226
300 729
2442 5641
14208 14210
4655 4658
172 3383
6918 6964
2680 7418
14185 14206
14191 14216
7543 9212
14202 14210
12459 13045
578 1168
14221 14224
37 869
669 670
1196 7960
1385 2577
14184 14185
1876 2386
14202 14225
54 7102
4209 4211
360 5757
340 7026
428 11068
4035 8575
5825 5826
14204 14214
1946 1949
4547 11065
591 4095
48 251
14203 14221
4547 11068
251 382
14189 14219
5277 5278
6025 6027
14211 14214
14201 14205
14188 14195
5323 5326
1547 1914
6082 8466
660 661
6529 6530
14187 14199
800 801
4261 11440
5022 10841
1291 7791
591 13944
14189 14199
7518 7519
172 13116
914 10306
4093 7752
14215 14224
14194 14201
1711 2803
213 516
14198 14221
4267 7026
153 167
2641 4837
14214 14220
1548 1912
2639 13274
1385 1711
13945 13949
1575 1577
9234 9236
13 3257
14184 14195
4261 6491
14190 14223
450 1291
1689 1690
14196 14222
2844 3227
4132 8516
9988 14224
14196 14201
14192 14226
408 7332
9443 9447
578 14103
1548 1916
14198 14217
1904 8806
6201 6206
2190 2191
14204 14218
450 506
14186 14202
2824 2825
2171 3750
9528 9529
14195 14214
14223 14228
432 433
3380 3528
665 666
9917 13957
1383 1384
13929 14174
317 2627
7809 7812
421 804
591 1962
14201 14210
4951 11574
14187 14222
5288 10776
218 2074
14193 14203
54 218
7242 7243
132 14132
7827 7828
14208 14226
14222 14223
257 2321
1710 5150
729 4482
14188 14203
14215 14218
14186 14200
7344 7345
14215 14219
2199 2200
2639 13275
12474 12475
4717 8774
1 13970
87 2126
3239 3241
450 452
1001 6576
2676 9557
14220 14227
2360 2361
3543 5073
2674 4643
14195 14200
2091 6240
14211 14216
578 14118
14186 14226
317 13874
6338 6339
14197 14216
1912 1915
14185 14208
412 9558
721 945
1356 1876
721 1372
3595 3597
14252 14253
103 105
5021 10840
713 3786
8134 8135
1328 2665
14213 14225
1951 1965
5654 7507
14185 14207
5872 5873
492 3967
14203 14230
782 1068
3567 3568
14 1145
889 999
9834 14217
589 593
14204 14207
768 2437
4859 6240
260 2208
5890 5891
3340 6489
2115 2116
1385 10566
7707 7708
4234 4235
382 6553
14217 14219
14196 14225
460 461
591 4096
2675 2731
4656 4658
7944 7945
2386 2905
13954 13957
2917 2918
842 939
14219 14229
5462 5466
14174 14175
2873 5322
1911 3780
1585 1587
13947 13949
1704 6732
13 3254
1547 2123
1248 2446
1045 8774
6202 6203
2124 2126
6918 8472
10976 10979
14188 14190
14199 14227
14192 14230
626 9421
729 804
13045 14027
14185 14194
218 1383
10700 10701
9444 9446
14209 14229
660 2667
54 217
90 9251
48 1484
14188 14214
53 3258
434 3443
1920 1923
14187 14215
48 252
9917 13954
578 859
3381 3382
5575 5579
2446 7218
1168 9902
112 591
887 3340
8564 8567
410 5341
506 3571
14197 14228
14169 14171
591 592
14188 14201
632 4951
14196 14202
434 480
3071 3072
14212 14220
54 898
9834 14205
10059 10062
14185 14215
2367 4394
14201 14212
710 711
9988 14220
2543 5572
434 3444
1291 5341
842 11814
14194 14228
178 13215
550 13782
1168 1169
14206 14220
2041 2208
1339 1340
682 6185
217 219
14185 14196
14202 14220
1765 5485
14199 14203
37 745
6731 6734
48 6846
172 669
14215 14225
1211 2541
14185 14219
14222 14225
1193 1194
1809 14114
5484 5486
5540 5545
4392 13142
1543 2275
2814 3326
4437 4441
6964 8472
4969 14139
699 700
14191 14197
11065 11068
385 412
1743 1747
14195 14203
870 1889
3750 4086
8523 8526
1228 2441
213 760
3595 3598
385 9018
1196 13117
5654 6561
578 13115
14199 14223
370 6410
2542 7517
1093 7218
8517 8519
3381 3384
14188 14191
14197 14210
2334 3736
9988 14199
733 5374
14203 14217
14196 14206
5731 5732
172 861
868 870
105 1848
13946 13951
1338 1341
3284 3321
13946 13950
592 4092
492 1313
19 13919
5654 6553
5728 5732
2385 2386
11064 11069
759 2471
615 1961
287 10168
4261 9721
14210 14212
4533 8512
808 1572
14253 14255
14190 14213
412 4643
3482 8663
4242 4244
14190 14204
172 2641
14190 14227
13971 13972
4035 5341
578 1415
684 4763
3505 3508
291 292
133 573
14217 14229
4656 4659
14203 14208
1009 5501
14 1412
5323 5324
6733 6734
209 3979
578 2641
159 5082
3189 4067
9988 14223
1808 14114
807 938
8520 8522
37 416
13921 13960
9834 14187
14201 14207
874 875
14188 14205
14200 14207
14207 14213
54 270
14197 14220
861 862
2246 2247
4210 4212
420 1484
14187 14230
1291 1359
37 597
4768 4770
5816 13574
2540 2542
8521 8523
3842 4104
4654 4655
172 422
207 211
41 1540
8666 8667
583 1876
14185 14201
2446 8028
14207 14230
13682 13684
14216 14224
172 1262
10713 10715
2836 2838
14186 14229
14209 14223
14197 14207
14193 14201
2797 5761
5759 5760
176 177
8823 11067
14207 14225
14223 14227
660 2666
6732 6733
112 590
3506 3508
11907 11909
7826 7829
507 6270
4658 4659
3596 3600
687 689
8524 8526
11954 12087
54 4086
172 901
4806 11379
1549 2563
889 2213
14189 14201
5654 8123
14210 14214
14097 14099
1193 1196
112 1540
11068 11069
477 3692
14203 14229
7295 7296
14184 14226
1248 3326
14185 14190
4261 4263
13949 13952
11798 11800
218 2637
300 2634
395 9581
14195 14218
14185 14211
9834 14214
14187 14223
7960 13117
2171 3842
730 885
638 1668
4132 4649
14195 14221
14058 14060
14187 14202
14206 14216
172 5402
3382 3384
14185 14221
217 407
209 1867
591 13874
419 420
8450 8452
5465 5466
14201 14223
10977 10978
2436 2438
14208 14209
4240 4244
37 609
4126 4127
172 2638
14194 14221
1903 1904
1911 14054
14212 14217
5463 5466
14192 14228
14140 14142
1547 1912
14187 14209
14206 14214
14200 14226
14220 14223
408 7338
1947 1949
2814 8028
999 6576
1196 7763
766 2558
14214 14215
2547 2548
1876 1961
216 8694
5479 5481
2091 3284
592 13944
6489 6491
11066 11069
12271 13940
12048 12049
6528 6530
14198 14199
13946 13948
10978 10979
14188 14208
14056 14058
6648 11950
14187 14220
42 782
1947 1948
14194 14197
298 13435
172 671
9988 14226
1653 1654
591 7335
578 862
14184 14198
11069 11070
11064 11068
5485 5486
3506 3507
14198 14228
2006 4439
14190 14198
578 4394
14209 14227
730 2837
2360 7349
14189 14208
2577 8655
14195 14223
11065 11066
53 3255
2666 2668
218 11360
230 7904
14186 14213
5462 5465
300 2836
14186 14209
14187 14219
14186 14215
14246 14247
14202 14209
3340 6928
1019 5699
19 13920
6204 6205
146 5479
1914 1915
14228 14229
370 6409
958 959
4293 6410
14205 14215
13681 13683
14192 14207
14187 14221
4261 6928
2944 2947
408 591
2676 8516
842 4815
14209 14210
874 3571
2675 9557
317 591
14204 14210
14220 14226
5324 5327
6418 6419
6934 9943
428 5974
112 5111
1746 11718
636 839
14191 14202
46 47
7295 7297
931 14433
96 5073
14212 14219
14225 14227
13947 13948
14195 14197
583 591
2731 7242
2446 10168
1415 1417
754 5879
14194 14200
216 218
14222 14227
7343 7344
14184 14201
2441 5640
14204 14230
14216 14220
4132 4533
6621 6623
14194 14199
2803 6288
14217 14225
7960 10155
14194 14198
942 943
14208 14216
14205 14213
8522 8525
422 2713
13946 13947
2944 2946
412 2731
5498 13921
42 585
14212 14215
481 1150
14195 14198
14189 14221
11360 11362
14193 14227
10712 10714
14215 14226
1911 9536
592 11379
9460 14170
14189 14190
592 2687
5653 6553
14193 14228
382 1425
4244 4245
591 593
10060 10062
9834 14201
14213 14230
6928 10492
1005 1006
14213 14222
14187 14224
888 1765
7647 7649
14196 14218
14197 14223
5022 10840
11780 11909
700 703
1214 4649
3599 3600
5699 5700
862 863
11110 11111
8524 8527
14195 14207
9446 9447
10975 10979
7552 10029
14205 14217
3505 3506
395 507
812 8135
5975 9134
14217 14230
1807 1809
14208 14212
6203 6205
14203 14215
4086 5208
14185 14191
14210 14215
2341 4156
8565 8567
9557 9558
5974 9134
317 1911
14206 14223
1876 3670
11070 11071
14184 14211
219 407
14204 14212
1120 1122
1004 1006
1385 10564
734 1492
287 2446
859 863
14189 14197
14198 14225
804 5919
5889 5891
103 106
14196 14228
4654 4656
684 1155
14189 14206
1120 1123
8823 11065
53 3256
5543 5544
14187 14201
9834 14191
5654 10655
2836 3375
479 804
14189 14213
14184 14197
7026 8563
3239 5806
3780 10142
1547 2563
14191 14224
494 3967
9173 11067
5654 7543
1317 9421
287 8596
14201 14215
2577 8656
8520 8524
14215 14229
591 2688
589 591
481 1947
178 4011
3750 6339
14185 14187
14221 14230
9173 11068
7277 9446
3057 11574
14204 14216
1360 1361
492 4156
14207 14209
592 1876
14197 14215
172 1143
658 661
6530 6531
5461 5464
10976 10978
14208 14218
1322 2679
14198 14224
14186 14224
11980 14064
14220 14225
14206 14210
1327 2668
61 2272
10071 10073
14186 14204
638 839
3383 3384
14222 14229
2541 5126
782 11702
14190 14197
1 136
591 5826
11360 11361
54 2637
2835 2836
4437 4439
14205 14207
14193 14194
6374 9251
13947 13952
1045 1315
2639 4837
1660 6648
1385 4307
495 1903
1340 1341
578 864
3070 3072
577 578
868 4520
14198 14206
14209 14218
4242 4243
4438 4616
3597 3600
14208 14224
9444 9447
3601 3602
2446 2814
14189 14203
14192 14198
1947 2116
1148 1150
2006 4441
14186 14193
869 8450
9444 9448
2041 8948
230 340
14193 14212
1846 1847
14193 14207
860 864
2547 2550
859 864
791 14179
2542 5126
4676 4678
13370 13371
7074 7075
1093 8028
4481 6622
11954 11956
1660 8805
14194 14230
14194 14195
14060 14246
2198 2199
7826 7827
14196 14230
480 804
1621 1710
1894 11980
218 4307
14188 14200
1020 8867
14 1144
583 2044
1576 13895
3016 5791
160 162
2446 10170
9988 14230
904 907
859 862
10060 10061
5020 10301
13965 13967
1704 6734
112 1572
14204 14225
215 8694
2835 2837
1961 1963
3594 3598
807 3227
2044 2943
3190 13435
1545 2275
860 861
9834 14223
1904 2637
1765 5484
10712 10713
172 670
14210 14220
340 6424
132 2803
14224 14226
14188 14227
1746 1747
768 2436
14210 14222
8134 8136
14205 14228
14190 14191
1045 4717
8493 11361
300 2135
5498 5499
2197 2199
999 1000
2199 2201
14098 14100
11067 11068
395 6270
209 1863
54 4104
1911 2824
868 8450
4684 6547
14189 14226
3842 4105
9236 9237
1712 2803
54 3543
14214 14218
14199 14229
11065 11070
14209 14215
4207 4208
14184 14202
19 2956
14192 14223
2171 4307
7791 8493
4547 11064
14219 14220
859 860
53 2803
597 867
14184 14217
207 209
8451 8452
112 169
14209 14226
592 2943
1248 8027
1912 1913
412 4132
11066 11067
291 295
2454 5498
10108 10109
1145 1519
14195 14229
14194 14212
2171 2637
6216 8656
607 6724
4949 5288
14199 14230
172 686
9234 9235
4481 5741
218 11361
14197 14198
5484 5485
14199 14222
4547 11069
8564 8565
1150 4166
14195 14226
2679 2680
14187 14190
9988 14185
96 1315
768 769
1211 2539
14033 14035
9834 14219
2006 4615
5021 10299
660 2668
1147 1148
914 10305
172 3385
14189 14216
6673 11068
591 1963
2367 4393
14192 14220
9834 14193
14193 14214
14169 14170
4093 5825
1911 10142
14188 14222
14220 14230
105 107
9173 11064
14204 14208
2024 2025
14225 14226
14191 14217
782 807
10840 10841
14186 14219
2026 5751
4093 4095
14206 14207
14189 14218
8521 8527
11066 11071
14212 14225
657 658
14186 14227
1009 2316
805 5919
1141 5975
1196 10155
914 2025
1548 1549
382 5654
14194 14196
2674 4131
14252 14256
14212 14227
2007 4437
40 300
6201 6203
12772 13935
317 726
14196 14219
4240 4243
3057 4951
5485 5487
615 2500
6216 8655
8520 8521
843 844
1168 8169
873 5590
5543 5545
7512 11364
14187 14226
1383 1904
508 509
14200 14225
4165 4166
3601 3603
764 2558
1120 1413
592 4095
4574 5405
14201 14217
172 5216
14197 14204
452 578
14209 14216
2611 2612
14212 14223
1291 11361
782 2234
8521 8522
4990 4991
9834 14225
2939 12851
4437 4615
1543 1545
2676 4533
10299 10301
14200 14218
2638 2639
5540 5542
578 1167
1108 5082
14188 14199
3328 5502
317 590
11908 11909
809 2234
87 791
4235 4239
13948 13950
2006 7708
2717 14170
9266 14139
6622 6623
14221 14229
4653 4655
293 4422
14202 14213
3568 3569
9834 14207
14246 14248
14186 14220
6552 6553
2667 2668
13964 13966
14191 14212
578 8169
5021 6311
8824 11069
13966 13967
597 1890
39 40
428 11065
14113 14114
252 6846
8320 8322
14222 14230
8522 8523
14187 14200
1545 14079
2623 2624
14194 14202
2091 4859
14214 14219
506 5341
14202 14203
578 1169
54 5742
555 13960
14189 14207
5872 5874
14186 14214
179 4011
14198 14220
14187 14208
5461 5462
12049 12050
1009 5499
5464 5465
583 592
8596 10168
395 1084
632 1535
1081 1867
14191 14221
1327 2665
5326 5328
9988 14195
3387 4166
6275 6276
1549 1912
14190 14195
3750 6338
1765 1840
9266 14142
5463 5465
14191 14192
10712 10715
14192 14214
4263 5132
1913 1914
54 2803
292 294
730 14079
9988 14204
2917 4677
8823 11070
14227 14228
1359 1361
11068 11070
10711 10713
5081 5082
808 5110
816 9421
592 4806
9834 14198
14190 14224
7932 7944
1291 8493
295 4422
14186 14205
4653 4659
9988 14218
8664 8666
633 6990
209 7352
1241 1628
14206 14222
873 5589
14195 14213
105 106
14193 14202
407 683
397 713
3596 3599
14194 14210
1876 2385
2007 4440
938 13900
2006 7707
659 661
1168 3380
14186 14217
14197 14219
14209 14222
2006 7709
8823 9173
61 2271
2917 4676
14225 14230
683 10492
14184 14218
1341 1342
5541 5542
14184 14212
1724 6964
3850 7743
14139 14141
5020 6337
9988 14205
6082 8467
1659 1661
4034 8575
370 1628
105 1847
2610 2612
1765 5487
14206 14225
14206 14227
1519 5761
14200 14216
5150 7880
1149 1150
5974 9135
2275 2789
4625 9027
270 5208
7173 8519
804 4479
14208 14223
657 660
9833 9834
5654 9212
382 9533
1045 13390
1227 1228
3444 3446
3255 3258
14185 14199
2610 2611
1168 3381
14179 14180
14194 14208
5341 8575
543 1155
88 1809
481 1946
14188 14218
5404 5406
1549 1915
1659 1660
14206 14213
666 667
6285 6286
14204 14217
859 861
54 4307
4616 7707
2286 3736
96 1659
14199 14219
14218 14230
9834 14220
14184 14213
14188 14217
5324 5326
3790 3792
14201 14227
4656 4657
451 1326
4243 4245
5544 5545
8565 8566
874 1291
9943 9944
1819 6410
7295 8269
48 6374
10059 10061
14 1143
1951 1953
8520 8525
14128 14131
3257 3258
14056 14059
14190 14203
2446 8027
14184 14219
5640 5641
270 9308
634 4481
2006 2007
14204 14229
5540 5544
5728 5731
2814 7218
6934 9944
4815 11815
4235 4238
14199 14209
455 4976
48 9251
14194 14213
165 166
5654 9533
5503 5504
37 428
14192 14201
1652 1653
452 1145
13 3256
153 166
5073 5502
1385 4481
2675 8512
13951 13952
5571 5573
1652 1654
14191 14211
14189 14211
3189 4068
592 2686
3384 3385
96 1316
428 9173
1120 1121
14211 14222
14207 14217
3380 13972
608 2816
999 1001
4261 11439
14099 14100
382 8123
831 2242
949 5374
925 926
591 615
1068 1069
12047 12049
592 1748
340 8563
172 1518
5668 6220
14186 14189
17 132
2124 2125
1843 7763
13681 13684
5542 5545
591 7332
7296 7297
6723 6724
2191 2192
107 2070
14185 14227
3340 8912
2717 14169
13965 13966
3380 3383
3750 4307
926 927
2226 4289
14215 14223
14185 14210
2169 3461
14212 14230
14198 14207
14187 14218
14190 14230
3878 7562
14191 14209
14210 14226
14188 14230
2632 5582
14226 14230
14222 14228
14184 14204
3057 3284
14199 14228
14214 14225
1663 1665
7791 11362
11954 12086
1743 1746
9460 14169
14208 14228
1168 3384
37 1621
13948 13951
14187 14213
14193 14197
14191 14225
14185 14217
868 869
4035 11778
14200 14217
293 295
1963 3568
622 9948
6083 8467
14195 14199
3254 3255
14212 14214
1660 1904
14193 14206
492 494
1045 10704
2190 2194
9446 9448
4810 13989
804 3535
3602 3603
370 4293
161 162
10562 10563
1948 2116
686 689
1045 3632
14197 14213
14205 14230
2709 5654
14187 14217
2717 14171
72 8663
1150 3387
906 907
2367 2731
1211 1413
12047 12050
9834 14189
14184 14186
7173 8518
154 155
2446 10169
155 156
494 2242
13 53
6621 6622
14209 14224
14211 14221
14207 14228
271 9833
2318 14231
14197 14201
2441 5643
428 11069
340 7904
6418 6421
13929 14175
1746 7960
3596 3598
5791 5919
860 862
5576 5577
8135 8136
6424 7026
410 11778
2675 8513
14219 14226
14200 14214
14199 14220
4168 11798
252 300
6731 6732
14211 14228
14193 14226
12459 12460
2367 4131
3483 8663
36 1746
578 876
9834 14212
14191 14206
1949 2114
14186 14225
13683 13684
8824 11071
4657 4658
6673 8823
590 593
2311 5092
14196 14197
9834 14194
1001 2213
14205 14214
5640 5643
229 7904
14211 14225
14198 14208
14188 14212
154 156
37 607
6529 6531
8522 8524
14186 14195
578 670
7960 10099
450 874
1663 1664
1572 5111
5021 10300
4441 4616
14200 14205
2265 13574
5581 5582
3871 3872
636 638
5732 10054
14203 14225
14202 14205
14200 14202
371 372
172 2640
492 2341
3789 3792
14196 14210
9988 14198
3071 8321
14220 14222
14211 14215
2192 2194
13919 13920
1535 4951
872 875
14192 14218
4210 4211
2540 5126
1763 5484
1093 3326
11064 11071
14224 14225
14202 14218
87 2125
730 12115
452 2640
5581 5583
4653 4656
1168 3383
14184 14222
766 10372
671 5760
14188 14213
1167 1168
5020 10840
3146 3326
9850 9851
14186 14198
4439 4441
14211 14229
14184 14208
48 1426
40 48
172 8169
14193 14200
14200 14212
4095 9659
14186 14192
14192 14219
2436 2437
10976 10977
8524 8525
166 167
5540 5543
1385 4061
13954 13955
1838 1839
3443 3446
5323 5325
229 2437
14217 14226
4168 11799
1335 1337
591 3670
14189 14223
721 2854
10711 10712
14189 14224
585 4605
14205 14226
5975 9135
156 730
2199 3318
14192 14211
14197 14227
1660 1903
578 5215
9235 9237
14208 14213
5462 5464
14193 14221
1455 1457
4241 4245
1548 1915
3318 3319
172 2074
14148 14149
14213 14226
1763 5488
7753 7754
1150 4165
1359 1360
615 2666
5325 5327
39 3562
7743 7744
72 3483
14195 14230
54 2577
13115 14103
2114 2116
88 754
800 5490
14060 14247
592 1961
13899 13900
633 6991
506 578
40 382
782 938
172 2820
172 13142
4241 4244
2799 11907
867 1890
3321 4859
9529 9530
106 107
805 4479
14214 14226
14191 14214
12048 12050
760 2471
434 1621
5461 5466
14173 14174
14207 14222
14216 14229
9533 9534
1 3380
2541 2542
14186 14208
9834 14195
14188 14210
2105 7787
3239 4182
2686 5791
3632 9961
14252 14255
8665 8666
8493 11362
1108 5081
11798 11799
1484 1660
804 2046
1912 1917
14192 14197
1338 1342
9988 14189
13945 13950
901 4392
14198 14203
872 874
159 1108
2246 10669
1248 8028
14196 14226
791 2124
1121 1413
10167 10170
873 874
172 5913
14191 14208
4440 4615
3072 3074
46 684
14188 14202
5323 5328
1865 7352
5479 5480
660 2500
9173 11069
1411 2831
209 572
172 3284
10564 10565
14184 14189
480 1150
14223 14230
14196 14198
172 4392
874 4394
14201 14204
14141 14142
421 2046
4768 4769
6673 11065
4011 13215
2717 9460
857 858
608 609
1763 1839
215 218
373 12844
14189 14215
14187 14227
2454 5501
1211 1412
14185 14197
54 634
252 1426
14202 14222
4805 4806
3971 3972
7295 8268
13682 13683
14033 14034
1122 1413
2731 7243
578 1417
5461 5465
14188 14224
