1413 3782
1764 1765
61 1413
4112 5467
591 4094
54 217
4776 10833
3674 3675
508 4057
808 3963
3756 3759
1789 13784
5237 5238
342 344
8118 8119
8159 8160
9546 11206
498 499
5640 5642
7794 7795
799 1874
7620 7622
4198 4199
2442 5640
54 1383
2184 2185
395 1729
152 351
5071 5459
7022 7025
5232 11557
8235 8236
5430 5431
12010 12011
3951 3954
13761 13800
2334 4064
1410 1411
1696 1697
3955 12010
7939 7941
3712 3881
3207 3208
1389 1390
5013 5014
12000 12001
3708 3879
10494 10495
2334 2904
592 4095
3723 3724
4411 4415
1765 3806
4095 4096
9547 11206
804 6551
632 1535
54 1385
595 6640
2419 3998
4780 4781
13696 13697
2121 8424
3538 5013
60 62
1945 8562
1535 1537
263 3539
8216 12010
13720 13721
3538 5015
4093 5825
2507 10284
4860 4861
3806 5487
806 10950
1821 13731
6804 6806
159 1414
5884 5885
1407 2244
3488 3490
7620 7621
4671 4672
8068 8069
5818 8732
7021 7025
2185 13714
5885 6284
7202 7203
9546 9548
1728 1729
1414 12682
1989 1991
4992 4993
4410 4415
1624 11021
8214 8215
115 116
4314 5467
7619 7622
1787 1788
6568 6569
2418 3998
8215 8216
2250 13725
13329 13715
479 1425
5012 5015
3161 3163
1596 1597
782 2121
2929 4986
218 1385
241 1624
10831 10832
837 5597
1697 3167
11557 11558
6563 8562
10495 10496
5825 5826
1411 1877
8091 10284
632 1399
4683 5971
8089 8092
1014 13724
3952 3955
169 5489
1537 1729
1389 6571
4084 4085
13725 13730
263 5014
632 4951
1555 1556
3940 3942
11090 11091
4671 4673
62 1861
61 111
4410 4411
577 13720
411 9361
6474 8293
1596 8214
592 7784
14 4951
13760 13761
11269 11270
3308 13800
4412 4415
729 7943
13736 13737
2904 3194
1356 3569
4413 4415
591 1425
4093 5826
11269 11271
1045 3632
10975 10979
1596 3955
9790 9791
3672 3674
2440 8967
1873 1874
110 12110
3669 11851
8214 8216
10977 10978
3669 5459
3937 3939
1989 1990
2402 2403
1429 1430
11089 11090
592 7785
3574 3575
12450 13716
592 4093
8320 8322
7020 7023
3952 3954
782 1499
10164 10166
3963 3964
2442 5641
3936 3942
2121 9548
14 1399
3864 3865
2442 5642
7940 7941
4093 4096
1596 1598
73 152
799 8409
13715 13716
6654 6655
2250 13726
4411 4412
2019 2023
10268 10269
10978 10979
7686 7808
61 62
599 13724
2216 6656
8089 8091
4715 4716
1212 1595
2370 2371
2441 5641
1682 1683
3672 3673
8174 8175
151 153
519 520
13719 13721
7021 7022
1945 6564
7619 7620
13761 13796
13734 13735
798 1874
4168 10120
1428 1429
1356 1876
13719 13720
3538 5014
7793 7795
1356 5003
3712 3713
153 1175
7137 7138
1696 3167
37 730
5232 11558
3936 3937
631 633
4112 4313
4094 4096
729 1318
4915 7936
287 3951
2440 8968
10093 10094
3939 3942
344 3278
798 799
5485 5487
591 5825
13717 13718
351 1347
4672 4673
218 1383
4313 5467
287 3953
344 7931
2418 4861
10092 10094
