1491 7981
5062 5064
8707 8709
5505 5507
8457 8460
7384 8736
2105 2107
2127 2129
5062 6777
4884 7002
9241 9242
1870 4178
10410 11385
5526 5527
9945 11789
1265 1267
7332 9282
279 2043
5658 9408
10199 10201
13793 13794
4136 9315
10860 10861
2664 4962
6879 7611
2077 9259
9077 9078
7545 7547
6597 8086
2430 9054
7013 7014
7973 7974
4050 4332
9931 9933
10585 10587
1267 1268
7697 11411
5334 9053
10196 10197
10708 10709
2590 5564
414 4798
974 2493
3358 10024
6829 6832
5931 8440
6045 6046
9946 9947
11318 11319
4866 4867
997 6725
1144 3206
413 2217
1953 3206
10197 10198
3279 3281
3398 4718
8458 8459
7545 7546
8435 10915
5492 9819
2285 2286
3905 5001
7610 7612
4050 4333
1728 5272
3451 4483
3478 11526
4483 4485
10665 10666
2117 13769
3377 3379
5259 5518
5150 6160
3242 4379
10824 10825
3147 3149
1410 2043
4684 11969
4190 4192
4178 10660
11259 11260
5330 7544
3206 5438
689 9008
3378 5734
4110 9933
394 1861
551 4580
3397 3398
877 878
8456 8457
4901 4902
11935 11937
507 2424
1306 3388
4951 4952
9946 10008
10860 10863
9015 10429
1599 7726
8455 8460
5657 5658
10434 10437
5090 5091
144 5752
3205 8999
1275 3205
9078 9079
3782 5300
395 396
4325 4327
10203 10205
7611 9031
4832 6586
4830 4832
10083 10084
10008 10009
112 3379
8458 8460
11643 11644
8455 8456
8061 8063
5560 11868
3205 3511
10922 10924
7612 9031
6317 9003
4799 7722
4110 4111
3817 12153
3765 12008
9945 10008
10252 10255
1 8356
1275 4195
6120 6121
7736 10957
1002 8606
4799 5560
5495 5496
3148 6155
2286 2334
2844 2846
4110 10570
4143 4736
4152 6596
984 3059
393 5565
4484 4485
10196 10199
5931 9053
9380 9381
4152 6007
7385 11684
6657 6658
3205 5506
408 9282
3855 3856
9396 9397
10529 10530
4765 11979
3088 3089
9144 9382
11550 11551
5695 5697
3410 3413
5330 7546
7483 9009
3205 9043
2119 13769
8503 8504
10139 10140
1027 11518
1273 1274
11383 11385
111 3133
3764 8742
3950 6120
10118 10119
2232 4837
4791 4793
2253 2254
4175 4176
5558 8736
3905 4066
4718 4719
10867 10868
12032 12033
9632 9634
5088 5089
3388 8327
5775 5776
4631 6889
4193 4194
507 9868
9077 9079
2303 2305
11526 11528
2424 2425
1571 8250
998 9669
7741 7742
3947 6120
3948 3950
9075 9078
6774 6775
3109 3110
3205 11692
12159 13686
551 6664
11699 11701
3235 3238
13700 13754
3866 4254
1717 7599
6224 6760
8802 8907
6241 8578
5693 5695
10200 10203
3949 3950
408 591
7599 7600
13777 13778
984 3866
9612 9614
4580 8378
7857 10867
4950 4954
413 4832
8706 8707
5215 11249
5516 5518
9407 11969
9054 9055
9918 9919
3294 3295
4954 4956
2717 2718
10569 10570
13700 13755
4255 5646
13743 13744
4065 4066
4831 4833
5391 5392
2859 2860
5697 5698
3133 4949
7534 7536
1491 7781
3900 3901
3904 5023
3584 3894
9004 9005
11978 11979
2305 2306
1029 2395
5785 5786
9945 9946
10803 10804
5182 5183
11169 11170
4110 10981
8778 8779
3413 3414
2216 3628
6763 7690
2334 3194
4483 4484
3248 3250
10410 11383
3205 9015
4135 4137
8502 8504
6017 9945
8708 8709
3205 3452
5351 10385
6828 6832
2334 6225
2304 2305
10254 10255
5740 7016
2845 2846
2249 9758
7612 9032
4284 9044
7612 9033
1275 3358
3206 3996
4951 4956
1002 1003
3904 5001
1572 13763
5491 6664
591 7332
1028 2828
5560 11869
4344 8929
6664 11700
3195 3242
586 3966
3782 7699
5521 5522
2453 2454
7385 11685
1571 3994
10433 10436
551 7740
394 397
3765 12009
4950 4956
11642 11644
10196 10202
1410 12201
3890 9009
5061 6777
8078 8079
10922 10923
10198 10202
4189 4191
3149 6155
4684 9407
13762 13763
10021 10022
10866 10868
9891 9892
2714 2715
4962 4963
4870 4872
3412 3413
10823 10825
4149 4150
3293 3295
10197 10203
3450 5090
4764 4765
1571 1649
3388 3389
9021 9023
1410 6429
2217 2285
551 5491
2025 3205
10435 10437
1067 11550
10322 10323
5141 5695
4178 8145
7858 10867
2367 11518
4254 7281
7298 11878
10201 10203
8455 8459
2127 2131
5001 5023
6828 6831
5333 5334
1144 4866
4178 11473
5694 5695
1258 3992
7280 11699
8364 8366
8777 8778
7483 11170
9631 9633
1702 1703
10181 10182
10862 10863
984 3058
8161 8162
5494 5496
9075 9076
5298 5299
6586 7151
3151 11248
9613 9614
7184 7185
9614 9615
144 670
10585 10586
4189 4190
7553 7555
9672 9674
6644 8483
4136 10758
5144 5145
4177 10660
9075 9077
670 9259
4687 6521
3905 5024
9672 9675
4175 4178
2861 3854
5784 5785
2105 2106
9631 9634
4823 4824
2286 2287
2305 2819
10864 10865
1794 9397
10202 10203
1266 1268
2904 10531
4111 8547
924 13799
2303 2819
2828 5318
395 397
2043 10710
4954 4955
1002 8607
7698 8208
4175 8145
4072 4074
5141 5692
9639 9640
127 424
37 1638
10433 10434
4580 9489
8062 8063
4902 4903
5392 10403
396 397
8874 8875
591 9282
2367 11519
8366 8367
4072 4073
9638 9639
6761 6762
3866 5527
7697 10283
3451 5770
586 3021
3948 3949
2904 7346
1258 3993
4728 4730
5774 5775
9890 9892
61 633
3410 3411
8071 8072
1772 6351
4347 4348
4133 4134
6317 7286
6054 6055
6813 6815
1258 1410
3528 7573
9935 9936
3088 7843
10957 10959
1490 10141
395 6429
217 11082
3358 4485
2287 3946
5330 7547
5300 9784
10433 10435
3501 3503
6223 6225
10198 10199
6222 6225
3206 9015
6879 6880
9612 9613
2425 4817
11331 11332
2285 3736
1274 9315
10587 10588
8710 8711
2216 7699
4684 5657
5301 6814
8457 8458
5300 8435
984 3057
4347 7767
3020 3021
2249 9759
1027 2718
808 8923
2828 5319
4550 4551
10436 10437
3797 4819
1881 4551
4631 6888
984 4255
9868 11340
5023 5025
3247 3249
1619 1620
9315 9869
6429 12201
8498 11457
1599 7728
7532 11649
4817 4832
3378 7385
808 12041
4143 9095
4324 4326
4637 4638
8364 8367
4136 9868
3965 3966
8811 8813
7384 8735
10709 10710
5694 5697
5259 5516
8435 10914
8457 8459
8801 8802
3946 4485
7533 7536
4177 7611
3151 13753
4884 4886
2285 5269
3378 3379
2285 2287
4348 6354
6664 7280
4348 10048
4950 4951
1067 2120
9242 9243
3764 8741
6762 9089
3379 7384
5301 5740
3205 3996
2454 2455
4024 10428
4178 9033
5081 5082
5608 5609
8519 11318
1265 1268
4050 4334
3947 6121
13779 13781
3147 3148
1717 7598
1571 3349
4871 4872
7544 7546
8128 8129
10199 10204
3894 3895
7553 7554
3947 3949
3387 5800
3411 3414
3866 4638
1258 1571
1003 10323
6016 6017
1067 6017
2267 13753
2785 2786
2664 4963
3735 3736
4832 11835
12157 12158
4832 7151
6762 6763
3904 4066
7533 7534
9000 9002
7726 7727
3717 3718
5558 7384
2043 10709
3854 3856
2861 5969
1490 10139
3379 8736
11755 11756
8728 8729
1275 3417
874 9396
6487 6488
6686 9396
4133 12031
6889 6890
8706 9054
586 587
10261 10262
5300 7698
277 278
2334 4485
3410 3412
393 1002
2904 10529
9673 9674
3206 4812
9042 9043
7533 7535
5558 8735
10196 10198
6664 11701
1274 1306
8161 8163
5300 5740
3866 9950
8873 8874
5005 5008
2423 2425
1491 2295
12008 12009
973 974
3387 5801
6009 6010
7055 7057
7857 7858
10369 10370
4178 6879
8706 8708
6664 11699
2874 2875
6161 6162
6664 7740
5692 5698
5944 6293
7054 7055
10082 10084
3866 3867
4832 6879
414 4832
11700 11701
1861 5875
5658 9407
5784 5786
6617 8127
4765 7887
3194 3429
6350 7735
5696 5697
5492 9820
4831 4832
5506 8999
7483 11169
13754 13755
5506 8998
3205 4465
2334 7346
9022 9023
6368 6370
3044 3045
9945 10040
3501 3502
3590 3591
9931 9932
9000 9001
8061 8062
6368 6369
6888 6890
4829 7151
9031 9033
2303 2304
394 395
3449 3451
1028 2395
3866 4255
1881 4549
4110 9932
2334 5710
1275 4194
1490 1491
2303 2306
4142 4736
1275 3450
2118 2119
7184 7186
4765 11977
394 6487
4729 4730
8543 8544
2334 2904
5505 10428
7781 7981
4765 11978
2716 9515
5412 5413
3379 8735
6576 9891
4178 6645
10196 10204
997 6726
10866 10867
3450 5088
9945 11788
6760 6761
2267 6807
4298 4300
393 4133
2663 2664
11888 11889
7725 7728
8872 8875
3950 6121
1029 5738
3236 3238
10204 10205
3195 3196
11788 11789
5318 5319
9379 9381
3416 3417
9009 11739
2128 2130
7857 10868
6369 6370
11977 11978
3206 9043
8364 8365
6831 9900
1648 2660
3966 10078
3374 5236
3684 3686
1274 7876
5695 5698
2861 11979
4254 6187
5300 10915
1275 4483
6316 6317
5061 5062
11099 11671
3206 4866
7483 11171
4631 6890
5694 5698
11151 11152
7286 8551
393 4134
4829 11473
6643 8483
11859 11861
2334 3736
4828 4830
159 5082
7047 7048
394 6488
9889 9891
2127 2130
7151 11473
5694 5696
10077 10078
1411 6586
3450 5091
874 6686
1571 3992
4152 7611
6643 6644
11834 11835
41 11527
1275 4193
9044 9045
10850 10851
4107 5072
2128 2131
2590 5565
5517 5518
7384 7385
6879 8930
1266 1267
11889 11890
7699 8208
8455 8461
6763 10183
1861 6487
10199 10202
6586 7152
878 879
5143 5145
2334 3735
3411 8343
11642 11643
8872 8873
3150 3151
10196 10201
2335 3059
11789 11790
5088 5090
2286 5269
4868 4869
7054 7057
7450 7451
1411 4837
6007 8086
5301 9784
41 11526
716 5072
7972 7974
3378 11684
2588 5565
5800 5801
5494 5495
3854 3855
6224 6225
1365 1366
5370 10437
10197 10204
8218 8219
4829 4830
3194 5298
9672 9673
5179 5180
4765 7888
11097 11099
4176 4177
4465 6472
4866 9042
10433 10437
4178 8930
6831 6832
7697 8208
9075 9079
4830 4831
3378 8734
9613 9615
7554 7555
6879 7609
6829 6830
4106 10666
2216 2217
8741 8742
2267 4485
4332 4333
5520 5521
8459 8461
1717 7600
3151 4485
5301 8435
1211 2660
6880 6882
2659 2660
10424 10427
2430 9055
10262 10263
2305 6009
9315 11340
11097 11098
5300 7699
8219 8305
10199 10205
2117 2119
11185 11813
279 404
4828 4831
5141 5698
3947 8285
6596 6597
2217 9003
3196 4379
2286 9136
3205 5438
1067 11551
2904 3736
404 2043
3194 5299
41 3478
2120 3978
7887 7888
1307 7781
2840 5272
8872 8874
8080 8081
10570 10981
8145 8146
635 9950
716 4107
112 8735
7725 7727
11384 11385
3378 8736
6350 6351
1571 3867
3897 3898
7286 9003
394 1411
394 11923
4951 4955
9759 9760
8613 8615
1751 8544
3732 5215
6881 6882
1870 4817
3279 3280
4177 5506
9856 9857
2286 3736
997 998
7553 7781
9889 9892
8244 8245
2267 3151
4178 10008
3450 5089
1411 6587
8070 8072
8802 8803
5692 5694
9673 9675
10196 10200
6663 6665
4736 9095
1599 7725
3529 3895
11518 11519
7535 7536
4107 9654
159 1108
5352 10385
10318 10320
7690 9397
4832 6404
5944 8495
4823 4825
8614 8615
3587 3591
11860 11861
8519 11319
6881 8930
8219 8669
1552 1554
5693 5696
10425 10427
4133 12030
1029 2828
3450 3451
276 278
6521 11544
10958 10959
3205 9042
2305 6010
5738 7573
2249 9760
7056 7057
3782 7698
3148 3149
633 1067
877 880
8606 8607
13772 13773
2844 2845
9315 9868
8802 8813
3057 3058
4830 4833
219 3206
3206 10023
3377 3378
4580 9490
10957 10958
4177 10659
4828 4832
689 2025
1275 1306
7151 11462
924 1491
6645 9766
3905 3906
7610 7611
5564 5565
4483 5770
4178 9032
4581 8378
2043 4837
3249 3250
8706 9055
6664 6665
2287 9106
2128 2129
4798 4800
5627 6143
7483 9008
9638 9640
5752 9527
2217 2286
5006 5007
10318 10319
1571 9383
5391 8410
3588 3590
8802 8804
4868 4871
395 12201
10861 10863
7857 7859
3529 7450
10180 11260
9614 9616
11328 11330
2216 2218
1211 1648
9001 9002
4485 9023
11859 11860
12030 12033
4829 8930
2216 7698
10261 10263
4828 4833
2424 8644
11169 11171
4325 4326
605 8495
413 4177
3904 5025
10435 10436
11699 11700
1258 2043
3684 3685
2304 2819
