2907 14393
8046 8051
10233 10244
9453 9455
8176 8177
489 2079
5396 8947
10243 10245
79 10743
1055 1057
1709 1711
896 12065
2022 6171
1504 1508
5928 5929
8225 10505
306 9877
3400 9838
1022 14341
2343 7247
1683 1730
585 4391
1009 5499
10131 10132
9671 11095
1507 1508
1649 11449
6898 6899
7176 7177
11394 11395
14240 14268
1978 1981
1931 1932
945 1050
9425 9426
10136 10137
327 330
2670 7249
11449 11536
10737 10740
4044 4046
4023 4024
14442 14443
479 3360
10231 10238
119 121
757 758
9651 10767
701 702
839 6035
14372 14373
2041 3699
5929 14251
625 626
9064 9070
2268 2269
627 4070
8096 8097
1185 1188
121 7947
14303 14379
5498 13960
466 1520
990 14293
280 11267
1304 2001
11093 11094
3582 6417
2732 2734
10643 10646
10232 10240
62 5300
3885 7618
1276 1277
1097 6307
511 8229
9082 14442
4509 4512
10740 10742
1645 1646
3103 11639
636 3846
302 304
10230 10233
45 47
14313 14314
10506 10507
11446 11449
2853 4024
186 190
2954 2955
6516 6517
2729 2730
3848 7891
2051 2052
698 704
2020 6170
7778 10736
7188 7191
1109 14460
1503 1506
373 1730
2014 10983
10229 10245
5905 8445
10735 10746
5924 5925
180 2113
180 189
327 329
1506 1512
7178 7180
1374 1375
463 464
303 2077
147 3185
10078 14324
326 330
3134 14317
1611 11529
13413 14297
2772 4572
52 298
5102 5105
1003 3299
2518 2519
12044 12046
10246 10249
10897 10898
555 556
3935 5038
2015 2483
636 1999
7730 12179
2503 5045
2041 10592
10314 10315
3141 9339
466 7710
1505 1510
634 946
10737 10741
11686 11688
2940 6812
494 495
8047 8049
2210 14307
992 3797
19 2161
1211 10611
58 59
992 2518
3846 3847
124 715
745 9928
7169 7170
2516 3183
1097 6306
8048 8049
3930 4265
636 7179
112 8420
9671 11094
10230 10244
1041 1423
3399 7250
10734 10742
10733 10743
5867 14358
10349 10354
3848 11095
3733 14303
4501 5040
10240 10249
638 3847
3935 5040
2382 2384
12372 14305
1507 1512
2209 9531
182 184
10232 10245
10247 10250
173 490
133 3353
1810 1811
9877 9878
479 13045
492 815
10229 10244
3444 4919
9096 9098
2017 2018
1211 6644
260 3699
591 2386
4253 10397
12577 12772
9934 12035
466 7711
4508 4510
10645 10646
6593 6594
14316 14321
3934 9321
745 5584
219 6516
636 7177
1771 14437
10244 10249
812 2343
36 38
511 2735
373 3701
1927 1929
14306 14307
180 5660
1394 1540
5932 8374
2209 5240
2953 2954
3476 5102
591 1876
1211 10610
14415 14416
10347 10352
5933 8373
14353 14355
2843 8096
10733 10740
1310 1312
5616 5618
1506 1509
1911 10142
7811 14332
1259 7947
10187 10190
329 330
308 2268
412 8427
219 1394
715 4508
2245 8505
992 2012
1054 1055
7578 7579
325 329
10229 10233
9068 9069
700 701
12179 12180
10236 10250
10135 10136
1649 8913
5039 5040
1893 2656
2018 2484
329 332
5754 5756
2015 3934
10347 10353
325 330
10228 10230
12846 14274
573 3353
1516 5411
10344 10352
4510 4512
13787 13788
10238 10250
10242 10245
1042 2060
10229 10246
373 3133
1114 9098
4769 5867
112 3156
1376 3930
3475 5104
636 2771
10605 10606
1027 14461
1456 9354
1747 9082
466 3184
769 1468
5300 10609
62 1211
10738 10742
2210 12372
329 333
7192 8279
465 2158
80 515
991 1740
2014 9321
10232 10241
5982 9671
2940 2941
2015 2016
7613 7614
10343 10349
4507 4508
1291 3184
10233 10241
718 719
10244 10245
10240 10243
4099 4100
10869 10870
127 13188
305 9876
1277 1278
5982 11094
2911 2913
2734 2735
2341 2342
10233 10245
1122 1861
700 705
12750 14290
5617 5618
10237 10243
5038 5040
512 3156
10129 10138
11000 11001
7863 9960
2939 2942
1543 2001
11553 11555
489 490
1276 1278
2733 2735
9264 9265
481 3212
54 6621
1475 1476
1474 2210
2431 3075
10903 10905
4100 8670
715 10135
869 6516
3134 14315
2843 8098
1360 13301
10347 10354
2066 10858
79 10735
4506 4507
14472 14473
5933 8374
10904 10905
123 9138
1097 6308
1747 3849
918 920
10741 10745
47 3829
5102 5104
3426 5929
12042 12044
327 332
2040 2041
6362 6363
10913 11028
125 10131
12082 14290
6636 6637
1893 2196
1835 1836
1926 1929
700 703
7811 14328
52 272
19 2162
432 6468
1376 4265
479 6551
127 10130
12748 12749
2434 14448
2938 2939
1668 6037
1892 2656
10346 10354
182 188
1810 1813
13775 14036
10344 10346
10737 10739
7188 7190
7778 10744
127 10132
955 2955
10736 10741
704 14404
10234 10235
2636 9049
2079 8357
291 295
8773 12180
10883 10903
695 1685
12257 12688
1469 2678
10149 10150
7992 7993
5931 5932
12057 12058
4506 4508
1508 1510
125 10135
10235 10251
2942 8700
1861 8038
10606 10607
10581 10583
636 3847
3549 3550
4501 5038
573 2697
848 14365
3303 3304
636 7181
312 10743
7188 8279
3103 14385
1819 2954
1226 2615
10999 11002
4012 5860
839 6037
14308 14309
199 4382
862 1057
1325 2088
4086 4087
1269 4227
770 771
47 4969
418 1612
10134 10135
10233 10235
7249 9837
120 14299
5616 5617
389 391
11198 11199
3225 4619
557 14434
4620 5767
946 2906
959 2658
11697 11698
1469 2630
9062 9064
1543 4461
2017 3934
182 186
133 573
708 3553
1423 1687
10232 10242
7059 14259
745 4156
10228 10232
183 187
9590 9592
4507 4509
5949 5950
2048 2052
1569 1570
9062 9063
3426 12375
3905 5023
10233 10250
10234 10245
10609 10613
7192 8281
7862 7863
317 12750
1514 5410
745 5587
5722 5723
2049 2052
8947 10593
124 10128
10740 10741
1743 14403
12082 12751
10733 10738
10351 10353
3727 7448
5498 5501
10736 10744
180 186
11694 11697
127 4529
1621 3212
19 10312
4571 4572
1929 1930
10244 10247
2772 4571
816 817
350 2772
557 625
10234 10246
636 4569
1996 2772
636 5739
1222 2733
695 696
4838 6635
186 188
10228 10246
305 308
990 14291
1508 1512
922 14291
3520 3522
2614 6405
874 14399
7811 14331
10128 10135
2016 2484
2908 14434
2940 8702
6628 6629
637 638
172 1056
492 495
3134 12844
874 14400
14330 14466
1939 2341
918 921
1669 3846
507 14452
10233 10240
578 14397
8338 8339
13924 13925
124 10131
694 697
5001 5024
10233 10248
3552 9592
1186 2343
1924 1927
10234 10244
1611 6797
9591 9592
6628 14372
1647 2411
10903 10904
5505 5506
1054 1057
689 9009
626 12711
11639 11640
5755 5756
377 378
694 1684
14297 14298
3473 3474
1649 11448
8344 8345
14395 14399
59 7811
8913 8914
745 12967
2014 2017
2454 5498
2014 10984
4505 4512
3522 6743
2236 12084
13746 14470
7975 11480
481 14306
6810 8700
1112 1113
1508 1511
7778 10737
3733 14276
10483 10484
5409 7422
466 7712
14263 14266
636 5791
10243 10247
967 12401
2772 3848
14397 14399
39 8428
12257 12436
12844 14317
5636 5638
468 715
4013 4014
1259 12026
14459 14460
10734 10747
450 874
10130 10133
10232 10234
1509 1510
2381 2383
1136 2732
5634 5635
432 1049
1861 2543
54 6622
260 5241
10346 10351
2672 2673
4837 9934
10228 10234
1244 2162
10228 10237
2853 4023
816 1317
578 14400
10347 10349
3302 3303
7778 10741
8344 8346
313 10747
10940 10941
463 2077
4753 4756
1360 12960
1667 2902
3477 5105
8420 9934
4481 6621
7193 8282
10610 10614
1669 1747
636 839
510 8227
6214 6635
12846 14272
1930 1931
1370 10581
124 10136
991 2518
10315 10316
2733 6024
1009 2454
80 471
11694 11695
1050 3472
10233 10251
4705 4707
2161 2162
1040 1043
8227 8229
2299 2300
4505 4507
946 3289
6628 14350
10898 10899
10245 10247
10241 10250
10228 10251
5867 14359
205 5871
122 14362
801 5281
395 13788
494 496
3009 3010
2942 5722
636 9671
1009 5498
4508 4509
6214 6636
5584 5588
2941 2942
312 313
2397 2398
909 910
12374 12375
10235 10247
44 515
312 10736
2843 5149
6065 6067
270 4154
2658 3104
6052 10940
14329 14332
122 14363
636 1251
39 8427
1611 11032
3904 4999
10245 10250
5982 11093
9453 9454
14328 14332
1371 1893
2047 2052
124 10138
3007 3008
2411 12782
188 5660
4049 9139
1505 1509
7464 7465
1468 14272
7137 7138
14287 14288
12183 12184
305 9878
12751 14290
2999 8790
3582 6416
4517 4518
2728 2729
10642 10645
10344 10354
10229 10238
10236 10247
2908 3289
2236 3761
5300 10610
13812 14072
1668 3848
1252 3848
4769 14358
14332 14333
10250 10251
6516 6518
13921 14281
182 190
124 967
1211 10613
699 702
14349 14350
123 12219
6643 8483
10235 10241
696 1684
1371 1892
10239 10250
929 1444
769 4306
706 708
10131 14381
7213 7215
79 10733
125 13188
636 7891
9062 9068
10734 10746
5279 5281
1354 1355
3846 11094
2397 8420
10233 10236
12846 14273
492 1313
2870 2871
10350 10352
1291 7710
1711 1712
10188 10189
1252 1747
7259 7260
5931 8374
769 1853
3904 5024
12748 12751
801 2614
1216 9839
10245 10246
1244 2161
270 4087
5104 5105
9064 9068
180 188
5584 5586
10733 10747
7613 10583
5410 5411
183 186
7192 8282
10343 10344
1474 13378
636 637
1003 2457
557 3289
992 12186
3190 3191
4365 14430
2159 5127
7710 7712
5279 5283
291 293
1599 8104
181 189
10232 10250
313 10736
636 6036
1051 1053
1747 3847
10131 10136
10739 10747
636 6035
3521 4771
9941 9942
1050 3473
10230 10246
515 1418
5932 5933
5149 8099
8692 14441
3360 6551
507 13775
399 3550
466 10904
909 2871
1245 2248
1009 2316
2914 5871
11893 11895
5188 5189
79 10742
5996 8357
10249 10250
10136 10138
312 10741
2041 8947
325 328
1116 2196
10233 10237
10132 10137
3472 3474
291 292
5844 5845
1041 1042
59 14333
3476 3477
208 3841
7651 7652
10735 10739
910 2870
9939 9941
1861 6214
301 303
14392 14393
2015 2484
10736 10746
10739 10741
8419 8420
1051 14405
2196 10582
4969 4970
2772 4568
2952 2955
6170 6171
512 5587
10743 10746
1785 3214
12749 12751
638 1747
10232 10235
12844 14318
350 4571
3618 3619
2158 2159
14330 14331
12082 14289
62 10614
10235 10239
10641 10645
14343 14344
8046 8048
1669 3845
2196 7613
10187 10189
127 4530
2046 3360
557 14391
325 333
2046 6551
8427 8428
308 2269
8097 8098
866 1141
10484 10486
715 10128
14305 14306
2079 5871
510 3582
507 14451
9424 9425
1981 1982
3289 6364
636 1669
11892 11895
303 304
697 1686
491 492
147 1076
1354 8447
10231 10248
1114 9096
7483 9008
4505 4508
801 9636
14 12960
4569 4570
323 626
297 698
1474 2209
297 886
2121 9545
933 4530
3625 10747
350 4570
10242 10246
2728 2730
181 190
181 188
1116 3607
11094 11095
2210 5241
73 2878
3008 3011
9012 9013
2910 2913
10592 10593
2429 3225
5724 6620
1477 14457
208 12175
14398 14401
1196 1291
1853 1854
10734 10744
933 4529
14271 14272
7730 12185
7582 7584
3477 3980
7811 14330
466 1196
4507 4511
9063 9064
14360 14361
111 1468
12042 12045
479 2046
1370 10582
6066 14430
1112 1114
468 10128
2732 3156
9671 11093
10128 10132
1892 10506
2429 4620
14316 14320
11553 12127
7189 7193
4722 4724
317 12748
14395 14398
5042 5043
1008 5498
350 4572
626 2907
6035 6037
10743 10745
10940 13925
10236 10239
1504 1506
4252 10396
4512 8060
7711 7712
38 14403
79 10737
10346 10348
990 991
2772 4569
5724 14416
1669 1999
6628 14373
1206 10513
2454 5501
468 4530
350 4569
9546 9548
1996 4570
10940 10942
468 10134
159 212
8528 8530
1375 14295
5925 5926
636 1997
1291 1599
4706 4707
1215 14287
4569 4571
3439 3440
184 186
10239 10251
10238 10245
466 10905
172 1054
124 10133
933 4528
8700 8701
73 1543
1008 1009
112 2397
14330 14333
1054 1056
2158 2160
47 7950
3010 3011
10231 10234
7483 9009
14399 14400
10245 10249
10733 10735
729 6551
1477 14456
3797 8176
14291 14292
468 934
2386 2905
14 1360
8096 8098
5927 10384
37 44
144 4660
512 745
10239 10241
694 696
466 10903
1784 3214
918 919
1394 9875
14418 14419
7712 7713
984 985
7178 7181
1098 6307
13921 13960
4969 7950
7778 10739
4507 4510
946 2495
512 5588
10241 10249
2914 8357
946 2908
1924 1930
8948 10592
1996 1999
4570 4572
1216 10720
1136 2733
1464 2519
373 14321
945 3474
14395 14401
1002 1003
10438 10440
1098 10271
7811 14466
3009 3011
8345 8346
885 1184
511 6417
13038 14367
1211 6642
12392 14279
3797 8177
1216 6853
10734 10737
4838 6637
3582 7015
5377 7951
313 10743
205 946
1892 10581
8226 9854
7778 10738
555 5498
12023 12025
2434 14446
8993 8994
7151 14447
52 3191
3700 3701
184 5660
11694 11698
874 14401
37 14279
10237 10247
5724 14415
10242 10250
14036 14451
6613 8097
555 13921
4481 6622
14316 14317
124 13188
6594 11028
10228 10241
2381 2384
2079 3426
10233 10234
8700 8702
10346 10347
515 1276
507 2311
5754 5757
4070 4071
10963 10965
2049 2050
226 4391
457 8891
1506 1510
254 255
12082 12748
1514 1516
2912 2913
2670 9837
626 816
10233 10249
1009 5501
10234 10248
2872 5409
39 10640
1196 3184
5616 7579
10244 10250
10733 10745
12372 14307
1374 14294
3224 3225
1647 12782
1114 14322
9934 14441
1775 1776
1819 2952
141 142
5000 5002
10242 10249
709 1611
292 294
626 3733
183 188
9837 9838
14414 14415
270 298
10229 10241
2670 9838
698 700
1514 5411
801 5280
388 391
4894 4895
511 1222
7906 7907
14262 14267
1853 8870
11028 14371
1568 1570
9062 9065
1649 11447
2236 3751
226 4519
73 817
79 10736
1464 8420
1836 1837
5239 5240
3846 5982
699 11209
2908 6364
11001 11002
10741 10747
10128 10133
1050 1052
557 983
1109 1110
8864 9406
10642 10646
73 4461
325 332
493 494
10128 10136
1892 3262
326 329
173 489
1110 1111
10242 10248
1506 1508
10239 10242
715 1360
118 14337
1009 5500
1508 1509
1851 7907
848 14405
14410 14460
5584 5585
10766 10767
312 4379
719 14402
9423 9424
511 2732
124 10137
9650 10765
10229 10250
1747 3848
1928 1931
1835 1837
5931 8373
9067 9069
2210 5239
715 4511
4619 11838
1999 2770
655 5916
9452 9455
5636 5637
7778 10740
184 2113
4012 4046
10738 10744
1355 14472
715 10133
1475 7260
7471 7472
11552 11555
14353 14354
8049 8050
10229 10237
1002 11137
313 4379
699 14404
2453 2454
1456 7813
1970 8826
125 3400
463 2078
5499 5501
2236 3763
3438 3440
5929 5930
328 333
869 1394
715 4506
9063 9069
10238 10246
1051 1052
14396 14400
808 10606
10395 10396
8227 8230
3625 10744
11891 11894
11481 11482
7517 14268
3625 10735
5396 8948
10188 10190
121 1259
625 818
715 10130
5500 5501
373 378
6405 6406
4619 4620
7463 7464
4568 4572
1819 2953
14071 14072
10233 10242
1785 1786
330 333
10348 10351
4529 4530
13413 14299
52 1711
2772 11093
1109 14364
7611 9311
2671 2672
730 2368
909 2870
5949 5951
6634 6636
7905 7907
2157 2160
2772 7176
6052 13924
1505 1507
127 10137
2210 9531
10243 10250
180 182
1928 1929
1709 3619
3181 12372
