1709 1711
592 11745
13121 13122
820 823
1184 1185
2138 2140
5871 5996
455 456
718 4091
1969 1972
2939 12807
12075 12076
3080 3082
12555 12556
251 381
557 626
3689 12834
5357 5358
2340 2558
12340 12342
1405 1408
60 2335
5011 12279
900 1414
339 9401
3033 3036
929 3159
3442 9587
1186 1939
41 287
2896 12556
468 709
10690 10691
41 286
541 4214
862 2072
1969 3527
46 1076
809 4089
217 1385
12755 12756
730 12516
729 9596
7153 7156
13451 13452
12482 13572
652 653
1870 5385
7155 10103
9882 9884
958 1350
1419 1420
12391 12517
450 874
5120 5121
592 4094
950 954
2236 3777
2181 2182
821 824
12141 12413
636 638
46 300
2536 2538
3080 3081
1945 3716
9167 9170
159 4377
953 954
153 8272
1651 1652
3776 3777
395 808
523 13014
315 317
11064 11066
8824 11066
229 2437
205 8357
1560 7925
2171 2637
12619 13031
730 886
172 13114
3760 3772
13406 13407
1270 2829
5662 9544
1918 5018
729 1425
1779 13543
426 14155
252 583
481 13159
269 12317
950 951
1328 12890
3763 3776
13304 13305
13367 13368
2438 12352
1067 1233
132 13286
99 13217
13177 13429
172 13142
38 730
201 2532
4535 4840
1362 9531
1093 8680
13 297
2226 12551
10691 10694
1183 1886
7960 7963
3846 5982
12392 12788
1021 13243
9168 9172
663 5782
665 690
20 6969
1141 4515
9159 9165
12285 12287
890 1441
615 12984
5781 5782
251 252
219 221
618 619
1796 1797
1969 1971
2867 3182
12777 12779
11065 11069
581 1281
12401 13423
7613 7614
5394 7769
8824 11068
13501 13502
1948 13302
2632 7276
20 3779
42 127
213 759
153 1175
6276 12963
13 6825
13456 13457
397 578
13589 13590
172 901
13066 13067
159 4744
2679 2871
2063 13386
209 729
2620 13102
4911 4913
45 3829
1475 13378
1188 1189
1203 1205
900 12975
2772 4570
13304 13306
591 1968
6628 14351
9612 12792
61 62
5772 5773
12406 12496
360 12609
52 54
12359 13470
2674 4533
2223 12881
1354 2058
664 666
1824 2438
256 10448
684 12607
41 53
12465 12466
4113 9543
1064 1066
48 1513
11801 11802
840 13094
1350 2490
4359 8657
12811 12812
821 823
730 2790
7022 7023
260 1045
12986 12988
1636 4887
7961 7963
360 12950
1577 13895
404 4034
1179 1180
5198 13349
264 265
2772 11095
2531 2532
5662 7686
11065 11066
1240 13430
1204 1205
13516 13517
3925 12450
12276 12278
1022 12757
446 12535
53 217
37 4927
2737 13185
11068 11071
1954 1955
4882 9507
4794 12634
1654 13621
45 7228
12183 12824
12341 12342
1391 5735
12811 12813
13451 13453
8543 8544
1297 12621
553 13586
869 1709
1611 3607
5393 7768
205 946
9160 9161
12931 12934
12141 12414
5010 12278
5380 5382
12094 12096
13504 13547
4592 12866
2987 2990
71 2567
1079 1081
12413 12415
1117 1647
8751 8753
1196 12976
73 1080
1034 1861
1548 1916
7113 11395
402 403
339 9803
1271 8422
8020 9652
12962 12963
591 1425
3937 3940
8430 8431
2323 2325
96 99
1380 1944
9162 9164
866 1076
8176 8177
83 13066
1763 5645
6189 6190
2139 2142
11069 11070
2057 3750
730 12524
288 13343
3763 7943
955 977
2674 2676
890 12891
2987 2991
2896 12557
13 12488
2226 4289
7061 7063
9615 11476
729 2437
2236 3771
1270 13441
684 1385
808 13969
1308 2725
4377 6564
975 13194
13306 13307
684 4763
2350 10447
3576 13927
7943 9596
625 817
418 1314
260 2208
3775 3776
2988 2989
13450 13451
300 1349
12986 12987
6006 9508
4158 4159
71 3999
96 12903
260 881
4547 9173
3767 3781
666 1383
420 6099
10761 10762
1540 12955
492 4156
5486 13225
5893 10603
10687 10694
12603 12604
1617 1618
10483 12588
524 13013
820 828
13322 13325
820 822
11067 11070
588 975
2179 12567
1374 1375
1213 1771
529 3785
11190 11192
822 826
4376 4377
553 2748
5198 14486
6171 6797
2393 5866
1798 1801
1711 2754
345 347
7154 7155
135 175
1407 13113
13189 13190
3033 3037
1488 13571
554 12286
1543 1544
12735 12737
1098 7561
1967 8237
7045 13429
2841 12330
2986 2991
4547 11064
14349 14352
1296 1297
2772 5982
3138 3139
44 515
151 8232
1390 13488
9883 9885
217 220
363 6800
2291 2293
3763 3781
1240 9786
578 13113
7153 7154
62 112
3771 3772
12414 12416
1000 13506
8691 8693
967 2058
172 3131
6265 9390
506 874
1918 5019
12657 12658
1376 10514
97 98
6674 13376
158 886
359 362
9742 9743
45 666
1704 2057
889 1441
889 1000
259 3311
13955 13957
1710 10631
372 2802
684 6624
400 403
1891 1893
13452 13453
1064 1065
1021 12757
12383 12387
54 219
494 2242
10760 10762
7771 7773
1370 10581
92 93
1607 1608
1263 1967
12443 13590
1323 5383
929 11547
468 470
231 1318
46 2441
3750 5196
3937 10517
3783 13843
1682 3194
434 6200
270 298
218 2172
2881 2882
9582 9585
13503 13504
2099 2566
2020 6797
12076 12081
8672 8673
819 823
1383 6676
54 1711
1370 10506
1549 1912
12552 12553
7021 7023
12352 12448
12604 13364
209 4608
12463 12733
12973 12974
479 6551
1827 3558
96 929
580 1280
38 1304
636 9671
12076 12079
4681 5393
2236 3781
37 14005
8446 12037
13038 13039
9671 11093
823 824
618 3572
13269 13271
845 12873
10764 12081
3558 12961
127 13188
12228 12382
10693 10694
764 2558
1463 1800
68 4396
9881 9886
4361 8658
3057 12930
889 890
557 2907
1460 2559
638 839
7563 13943
7153 11479
5757 12339
584 13162
13154 13155
1370 1893
1269 1270
1393 3043
1784 1785
45 2710
12317 12318
2488 8672
199 1225
551 13314
4780 4781
360 12744
12498 12500
809 1161
12286 13497
804 9596
424 10273
941 955
683 3340
37 1642
12443 12445
37 1825
8062 12701
675 3893
13006 13007
1479 1481
527 2706
52 1712
1698 5384
4607 12085
432 435
17 14132
47 572
12667 12668
3348 13033
5383 5384
113 114
36 12760
1362 1731
591 4096
13449 13450
8479 8480
1668 6036
339 12340
467 12288
297 698
11591 13133
308 12504
2965 5055
1270 1271
172 13209
7933 7934
1000 13505
12330 13070
124 1035
83 13046
615 12983
13000 14341
1116 1893
96 98
432 3492
4095 4096
820 824
3053 5548
3188 13837
1371 1892
8947 8948
12406 12495
61 2335
2675 4533
1805 1960
543 684
2150 2151
12441 12442
3920 13408
9170 9172
889 12891
13366 13367
1812 1814
2226 12550
132 298
684 1155
591 5970
147 2012
5893 5894
202 730
8692 11063
154 1543
874 3348
132 1017
2091 2873
1370 10582
539 5005
1513 2445
527 1233
173 12706
2223 12841
1135 14477
13350 14486
2350 12150
5605 5606
8790 11953
3265 6344
653 1396
3324 3540
12972 12973
14481 14483
44 260
13450 13453
582 1279
12421 12423
2020 7130
2467 2468
635 638
7773 7774
2242 3967
591 6200
2041 8948
860 1572
1370 4917
12355 13505
269 12602
1141 1142
13347 13348
3763 10309
2057 2746
2755 2776
859 901
1308 13043
1156 1157
890 3159
3871 3872
12641 13295
2668 12330
1425 7943
3348 4394
5375 5376
5498 13960
662 9742
12961 12963
12076 12077
1896 2291
54 2172
1243 1244
13117 13118
2057 2747
672 884
2987 2988
12511 12512
957 3558
10653 10654
1767 4296
11753 12298
1404 1407
4608 4609
1869 1870
13961 13962
2620 2621
159 12612
1698 13141
2377 2379
256 2350
54 270
1289 1290
1698 5385
630 13083
6435 14335
51 52
3056 13593
108 1289
13987 13988
684 12754
13022 13023
1848 11745
263 5018
135 173
8 11
1093 11436
12383 12384
2265 2266
418 13166
2557 12993
583 615
5010 5011
1141 2223
31 33
12078 12080
6635 13389
5735 5737
580 581
578 13114
481 7943
12598 12599
2011 12592
772 9401
2315 6848
93 985
557 12590
1996 4571
2438 9173
2725 6606
2011 12466
152 480
13150 13151
4066 10450
6614 6615
2452 12889
745 13327
1422 14041
684 9814
62 12315
12384 12386
6439 7961
12597 12598
901 3348
2057 7135
5165 14286
1006 13082
37 202
10763 12080
1531 4790
166 167
1814 12870
2722 2723
728 12602
12412 12413
1193 12976
363 12608
100 13234
13347 13351
262 486
3042 3043
684 1660
1698 1700
12842 12843
6628 14348
874 9396
218 684
202 1228
1513 1668
172 864
551 3515
763 765
3540 12137
13096 13097
465 466
715 1360
826 827
597 743
2907 12614
13207 13208
1468 12845
901 13116
172 577
8824 11070
2595 3738
360 12947
13489 13491
795 2020
372 1628
193 194
172 1161
541 1390
2057 2437
636 11093
1887 1888
1108 5229
1011 1012
9162 9165
975 1948
13127 13128
9 11
41 13082
2020 6088
5199 5200
1886 1887
573 1191
8062 12700
668 1757
845 1391
263 767
711 12879
450 1291
13 53
7155 7156
153 2992
395 396
3044 5395
10760 12081
153 2396
1814 7839
1800 1801
4681 7768
2007 8768
2747 13043
215 1328
3559 3560
4363 10599
3044 5393
7785 9114
3999 7429
279 3075
220 4663
1574 1575
8768 8769
493 815
2411 12723
846 1752
610 614
1577 12555
132 13990
10687 10691
1161 1255
2939 12810
14349 14350
764 766
1612 1613
1628 12714
1704 2754
93 13292
37 12410
13005 13007
4395 4396
5699 5700
898 1385
3370 6997
3767 3771
12733 12993
12384 12385
8751 8752
1328 12889
114 812
1698 1870
481 13158
256 257
1323 13175
862 863
4911 4912
592 6525
1128 13109
11436 13987
4680 5395
481 729
2350 4840
13190 13871
13114 13115
795 12150
2621 9587
124 967
729 12610
975 1617
741 2007
4377 5228
93 3532
13843 14467
10764 12077
350 4572
296 730
859 863
1616 7276
4377 5229
60 61
1973 5336
12363 12364
913 3084
581 582
866 1142
2041 5986
219 12818
412 420
591 592
172 715
5701 5702
1021 1022
69 12666
6892 6893
9583 9584
2985 2991
1386 1387
73 817
201 6674
5165 5167
1611 6797
1046 1048
1696 8020
363 12398
4582 12894
3637 5523
83 13048
12287 12616
428 11068
2377 6188
1255 1258
1759 6376
2291 2292
229 624
1098 7562
5665 5666
1385 2637
170 171
53 297
323 557
636 4569
2347 9566
12725 12858
263 265
1091 1093
1323 13098
73 1543
12621 12623
12792 12793
865 1513
10450 10451
270 13373
350 636
1386 4807
259 2294
60 395
1696 9653
8864 8865
8750 8755
2754 2755
112 395
13427 13428
263 264
1211 12500
300 958
592 1968
14389 14390
159 1304
2236 3775
1276 1278
1550 1551
10760 12078
1323 5385
13162 13288
999 2213
1376 5621
2811 11202
946 2079
942 13077
1157 1158
1390 3840
1181 2992
6307 10271
3746 3747
13153 13155
159 212
611 613
1613 13166
1955 1956
13348 14486
5 13090
439 560
157 8043
12734 12735
2739 12949
2345 2346
397 3131
9401 13606
946 5996
3848 11095
153 1352
975 2099
37 12517
12546 12547
1411 2525
481 745
934 1647
7224 7225
3779 3780
6628 14352
17 8892
173 12705
12074 12078
153 2881
37 159
96 1045
207 572
68 641
12443 13589
172 4394
2595 3788
1460 1461
4910 4912
527 4743
14 3131
270 8612
985 13292
899 4989
1404 1408
9816 9817
260 1263
6891 6893
543 3285
812 8136
933 934
1096 1099
592 7785
12775 12778
1376 2350
13269 13270
10763 10764
1343 13272
38 12392
2011 12591
5523 8600
3556 3560
1511 14007
2675 2676
11477 11478
317 2161
847 1752
6066 8480
1293 13030
13041 13042
492 494
3558 7801
6673 11064
13046 13047
1293 12621
1734 12319
149 12329
711 2369
1456 13136
5983 5986
591 1967
1233 4887
210 211
617 14044
2754 13373
4810 9298
967 12401
635 636
615 13187
439 558
9163 9164
3921 3922
1537 4915
1892 7613
1636 13369
1360 4377
12383 12385
4066 10451
5200 13349
881 5476
1463 1796
4605 12085
1954 2631
5983 5985
1970 1972
3967 4156
201 13119
53 54
1868 1870
6088 6606
8189 8191
419 422
363 12950
9162 9163
859 12955
3776 12788
4093 6525
260 3699
3930 6044
591 4095
5010 12277
323 831
1654 13444
1010 1012
1543 1941
615 2665
8823 11066
45 13680
492 1313
11065 11071
3278 12733
10511 10512
1463 1798
3646 5849
1339 3453
942 944
1511 14005
3920 13405
317 1078
9880 9881
1892 1893
799 13099
822 823
13470 13471
12516 12517
11849 11850
9917 13958
1892 2656
124 8136
350 4570
12436 13496
1699 13175
415 416
13113 13114
412 4533
4093 4094
481 2169
2275 3999
1232 1233
1996 2772
6397 6399
638 1668
13 557
506 2366
774 12979
1654 2653
1461 1462
259 6378
6935 8724
132 13989
578 4394
453 13498
9879 9885
127 3400
351 13491
6628 14350
975 12459
1543 12533
6676 6677
1771 8039
53 2011
1323 12669
3569 6062
213 8827
229 728
1350 12841
6675 6677
578 13142
231 960
1843 12652
3271 3272
824 828
890 6423
159 6113
73 898
4090 4091
584 13288
2081 2082
578 13285
13258 13259
1750 1751
10686 10691
562 3375
2810 2811
2022 2966
124 812
527 529
522 525
5600 12821
259 9185
13989 13990
1157 13554
11240 11478
12836 12838
418 1612
3556 3558
9917 13957
799 1696
12413 12414
13449 13453
114 453
1185 1189
3447 4780
1313 1314
13417 13479
1751 8543
1584 12827
8020 9653
515 4930
13008 13009
12450 13296
2022 2023
2488 8671
11065 11070
4053 4063
955 13241
217 12338
45 866
12512 12513
2041 2208
61 112
9615 11239
592 4096
2059 2746
270 4154
481 1150
525 13014
12730 12732
12563 13445
1066 3370
1654 12637
2057 2058
418 472
12392 12517
13 212
582 1280
297 730
8038 12155
2012 2013
1157 12313
1459 1460
967 13043
269 420
11847 11848
2357 3296
2964 7773
560 561
90 6374
12598 12600
2768 14003
12076 12078
1611 2149
286 287
123 552
34 35
217 12818
252 382
201 1047
13262 13263
1378 3494
5159 5160
4361 10598
447 730
2990 2991
1798 1799
1780 3425
12506 12994
832 833
473 1613
67 68
578 859
555 5498
12400 12401
9164 9165
7135 13109
217 898
1636 13135
54 13418
4359 4360
636 7891
193 195
4547 11069
684 9472
12829 12832
2704 2705
9566 9567
13321 13325
2965 6088
9882 9885
2196 13044
1203 1204
41 12666
412 421
12597 12599
2772 4572
1066 3763
3874 13428
859 862
272 13265
807 874
13261 13263
553 12303
597 7267
860 864
6848 13225
2674 2675
1380 3494
10515 10517
12314 12578
1887 3840
3828 12611
592 635
7012 7926
668 3262
668 12634
213 2471
944 13077
9168 9171
1654 13257
217 2128
3034 3036
1227 1228
2057 5196
2179 12568
2964 9401
218 12542
69 641
172 859
1955 3081
1797 1801
807 4089
1084 1085
218 7135
2122 6674
862 13124
323 2907
577 861
1076 13146
34 523
4578 4579
1116 5765
9614 11478
1498 1500
1150 6625
229 2011
730 1738
260 1362
3053 5547
745 12968
881 13012
729 12318
13546 13575
1751 6614
13115 13124
12435 12469
900 1108
45 6676
668 3263
9159 9166
194 195
1045 12903
1407 3348
665 6675
201 13352
541 4215
428 900
1378 1380
382 1425
2497 7052
492 2341
2336 2340
13348 13349
543 1141
217 218
8671 8672
99 269
1542 1545
218 1385
218 6254
12930 12933
1967 5159
1034 2561
408 1462
395 1034
9159 9161
12649 13296
591 729
124 12341
4649 13092
12823 12825
1001 6576
859 1540
13096 13098
829 1543
5984 5986
91 13292
823 828
296 297
159 5082
4605 4606
514 2022
217 1866
13546 13584
13125 13126
1396 13295
975 8314
290 13340
2637 6254
975 13193
1799 1800
2466 2467
172 13285
1784 4082
6379 6380
3127 3128
929 4515
730 6287
12631 12754
573 966
97 13234
12405 12958
297 12465
807 9396
263 3537
5010 12279
450 578
10760 12077
172 397
938 1161
12896 12898
577 901
14 13276
12885 12886
1344 7562
45 865
201 13376
54 13262
11064 11071
2532 2533
975 1001
46 543
1577 12420
12079 12081
218 4663
9884 9885
14005 14007
981 6219
435 3492
1076 12392
2623 12312
1893 2196
12733 12984
730 12523
149 13023
37 12516
8692 8693
3846 10374
96 1315
260 1909
172 874
1653 1654
1240 7045
297 639
3870 4531
12495 12496
9168 9170
2079 5871
2140 2142
9612 12793
1255 1256
9879 9882
479 975
975 999
2007 2307
3930 4265
241 1750
625 818
764 2340
229 12611
12316 12317
1896 9210
159 7432
1017 13989
13486 13487
5771 5772
172 5150
300 13680
1360 3348
1973 1974
3262 9648
2498 8436
5984 13117
10651 10653
422 2367
9171 9172
466 10883
1240 10568
1391 5737
543 1350
7772 7773
10760 10761
12141 12412
821 828
3558 3576
1743 12760
386 966
152 260
12183 12897
8 9
12330 12331
928 929
826 828
1420 3995
2974 2975
2040 2041
2619 13102
219 1385
19 13283
1344 8864
11 12
12286 12440
10760 10764
1968 10304
6062 7315
1868 1869
1000 12354
1304 14006
3848 9671
598 599
1699 13176
3788 6840
1765 2041
13871 13872
414 415
12096 12097
2059 2748
16 18
3558 13536
1323 3703
2772 3846
395 6062
2827 12080
269 1309
9615 11240
1067 1257
1067 1256
12612 12613
4226 4227
9160 9166
159 7204
96 978
397 5867
711 12796
8680 13987
1651 1653
1462 2559
12949 13508
151 1352
881 12458
2379 8818
177 1323
1156 1158
3311 3626
2376 2377
11183 11184
506 807
6439 7962
899 900
288 13342
112 3084
9163 9166
300 1484
795 10447
1073 4171
1654 3541
711 955
218 219
4922 4923
9161 9162
12691 12692
192 193
1228 1738
2210 9531
6625 9813
668 1203
13611 13612
886 2242
12340 12341
360 362
812 8134
12899 12900
1083 1084
6891 6892
2531 2534
3558 12535
1886 12683
592 7784
5160 5161
2939 12808
269 13155
1323 5384
1945 13235
1801 1802
1577 2896
41 217
396 2561
29 33
6188 6189
12879 13241
93 13119
3192 3193
4547 11066
90 231
481 977
523 13013
668 9999
9583 9585
2007 3128
13065 13066
20 588
599 1184
257 2294
889 1001
718 4159
1751 6564
297 12614
9614 11239
2689 2690
481 955
591 6525
1184 1188
413 416
6628 14349
3159 3160
13180 13181
13836 13837
578 13124
11068 11070
1698 13097
5198 13351
5427 13395
60 112
286 1082
12343 12345
1763 12419
152 168
12183 12896
47 300
10761 10763
1370 1611
13322 13324
5982 9671
5010 12276
578 13115
158 730
1704 3750
943 944
1203 7821
615 13056
172 860
72 317
3515 13314
502 1115
474 3481
179 2135
6439 7959
45 6675
1374 12979
10760 10763
192 195
729 6551
5645 12419
1108 8039
1073 5934
8189 8190
4363 10598
1035 14122
37 868
5200 13348
1073 4295
2989 2990
859 6825
1537 4914
12392 12516
3056 13011
819 825
9173 11067
91 92
555 13921
1066 6997
5115 5476
2810 11202
29 30
8020 8609
54 1383
1968 10302
1044 1045
2275 2435
967 1354
9173 11064
636 637
37 12760
4810 4811
3324 3541
5427 12475
12511 12513
14350 14351
588 3780
3077 3078
1971 1972
12591 12592
2754 7496
975 13426
5982 11093
66 641
3209 3210
99 420
1751 4377
1576 13895
2178 2182
4346 12739
1996 7891
7011 12800
12359 13471
8313 8314
543 4515
527 528
611 614
1308 13044
13449 13452
100 12966
54 1356
270 2754
41 13418
6035 6036
6375 9855
3044 5394
8604 13123
817 818
260 1967
2988 2991
270 2059
1045 4717
494 814
13034 13035
297 12488
506 5341
12550 12551
13127 13129
737 739
840 13095
2057 2059
150 13402
12523 12524
6395 6398
1308 4578
861 874
6848 12642
3999 5154
795 6797
66 70
208 4802
37 14007
2196 12805
2058 2196
466 9356
4914 4915
1911 2825
12495 13028
1242 1244
967 13188
54 221
13115 13208
7624 7625
395 577
37 1304
272 298
1709 3619
565 13128
988 989
553 12287
428 11066
10686 10692
7276 8313
3138 3140
951 954
3454 5175
4113 7687
3839 12444
218 898
1047 13352
13104 13105
1811 1813
447 886
153 766
1707 2062
577 4526
123 13813
4923 5198
1058 1059
857 13214
44 4930
12336 12337
3128 8768
865 12881
1407 2567
3617 3619
229 230
745 13326
3780 6969
1714 13137
2336 2339
10374 11094
12733 12983
479 2099
3767 12788
1186 1187
1406 1407
2366 9396
2238 2240
2739 2740
891 1444
2380 8818
1108 1414
12391 12516
1480 1481
815 1313
3766 3767
12816 12817
765 766
46 4763
13429 13430
7771 7774
12477 12478
2072 13208
1360 3779
2964 9938
3699 6299
6265 6266
69 70
1996 4570
4547 8823
2376 2379
443 444
1870 5384
12408 13558
5600 12822
1390 5736
48 50
297 2907
541 1391
804 1425
1228 1229
4568 4570
12620 12623
1696 1697
2211 2212
1654 12137
542 4213
4265 10514
209 6782
8750 8751
297 831
1107 13032
37 12391
1892 10507
5383 5385
386 387
9161 9166
46 47
615 13137
1019 9813
12353 12355
3576 12311
382 583
1390 4215
10764 12076
12896 12897
1425 9596
3876 13135
2439 9855
3036 5094
3037 5093
847 1391
54 217
2122 13376
1896 2293
952 953
395 2561
11155 12156
3136 3138
5394 5395
5011 12276
1404 1406
1035 1036
12386 12387
3956 3957
37 1228
8349 13316
8431 8432
7686 7687
2620 2622
13955 13956
71 315
132 1019
13770 13771
2676 4533
822 825
13246 13488
127 967
12081 12483
653 13028
636 11094
12829 12831
1798 1802
6397 6398
12079 12080
1995 3311
3137 3140
11094 11095
217 2172
1000 1001
159 4125
12704 13259
260 1308
1270 2230
17 133
94 553
6477 10451
73 625
270 2746
3839 12445
1116 5115
10760 12079
2619 2622
263 3539
612 613
2725 11395
1211 12498
2594 2595
615 1962
2985 2989
2754 2776
3896 12585
9817 9818
4437 8768
6265 9389
981 3763
684 3425
13207 13209
1256 1258
260 1376
900 4989
13149 13151
975 2632
636 2772
477 478
350 4571
13634 13635
127 1648
1098 10910
290 13342
1488 13572
4927 12410
36 37
12075 12080
401 11996
9173 11070
1463 1797
1479 1480
5166 5167
12812 12813
7092 7228
664 665
1886 13419
591 9596
172 807
978 1045
5982 11095
8753 8754
976 977
13 730
551 13142
653 13432
573 6435
69 2074
96 1316
9584 9585
3557 3558
740 741
41 42
2739 4312
829 4461
3846 3848
13142 13285
12833 12834
13305 13307
1022 13000
173 13334
2236 3766
1097 1344
668 3310
159 426
9170 9171
957 12512
9168 9169
5017 5019
1710 1711
804 4479
591 1848
1240 7495
12987 12988
1076 12411
599 1186
12691 12693
3228 9090
825 828
862 13209
12413 12416
6614 6616
3763 11533
4681 5394
40 252
67 70
12791 12793
13604 13605
424 2149
2746 2747
10 12
2242 4089
494 3967
10515 10516
168 1076
542 13419
339 12081
1308 2722
12885 14386
4810 6781
300 1350
41 69
12732 13024
515 1276
2466 2468
12830 12832
1537 3738
12569 13277
2379 6190
256 259
12690 12691
711 941
269 624
2722 2725
711 2404
6437 6438
54 4663
825 826
217 2637
4673 12476
7021 7022
13978 13979
1308 1441
360 5757
73 2474
1017 13990
1073 2655
12669 13210
12609 12950
269 1045
1356 12818
124 125
16 17
2501 2502
209 211
38 202
4887 13210
2377 8818
668 4794
2020 5055
886 2790
260 269
2283 2284
2057 2755
3775 3777
11192 11193
12359 13472
716 1204
37 38
12985 12986
172 13276
1308 2297
3850 3852
814 1313
1911 13214
1396 12641
19 159
270 7459
1709 3617
4685 5380
1185 1188
1385 3957
12409 13558
12408 13557
6088 8842
741 2307
11070 11071
1354 2747
2315 13271
1047 1072
1178 1180
957 12513
270 273
279 3077
412 422
2063 3111
577 860
207 210
900 1866
124 8134
219 898
382 4290
419 421
950 952
54 220
346 347
297 3821
4363 12428
3874 13427
13030 13031
3558 3559
1574 1576
380 13257
10652 10654
428 6673
12074 12080
738 739
261 275
859 1572
1460 2560
12392 12451
93 3533
165 2705
5376 13242
2004 12474
10763 12078
11436 13988
13162 13289
3076 3077
573 13112
172 938
3920 3921
428 1818
13959 13960
158 1094
3493 3494
1758 6423
13324 13325
1370 1371
1098 10271
1524 8982
13444 13445
1240 1732
839 6037
12542 12959
11476 11478
3689 12833
5393 5394
209 6781
297 12524
12331 12332
1308 12350
12800 13118
859 12954
2986 2990
489 13334
412 2674
12619 12621
1751 6615
14005 14006
12459 13302
1073 1973
1811 1814
1399 13440
2208 14152
54 3801
1241 1628
860 862
14348 14349
32 33
41 2637
397 5535
3540 3541
363 12566
54 12579
5736 5737
1771 6840
2986 2988
5072 5073
3103 5374
1407 1408
6848 13604
448 12488
47 3829
12844 12846
2138 2141
269 2437
474 12420
684 1019
2022 11395
890 1444
5159 5161
765 13089
754 755
975 2213
665 2711
54 2128
126 4290
13010 13140
2297 6666
13363 13365
273 2754
1097 9668
514 2019
927 13126
4685 5382
1799 1801
12555 13535
9389 9390
275 13548
7155 11479
898 13688
7613 10583
3037 5094
1370 7613
8823 11070
13557 13558
711 2009
1603 13296
17 18
269 12316
1175 5160
2238 2239
153 765
3075 3076
1098 6307
4086 5208
2801 7821
12971 12974
12399 12401
323 455
323 12488
12289 12290
12555 12557
8891 8892
7772 7775
1461 2560
1383 6675
158 2790
2376 8818
515 1277
453 13500
453 454
13309 13311
47 13680
257 3311
466 1359
2620 3442
7561 7562
1389 6571
12689 12693
1356 2171
322 3375
4359 10599
807 5150
7561 7563
1295 1297
1328 2452
541 13419
557 2495
424 1141
1647 1648
1892 6797
585 967
1293 13538
479 591
412 1289
1749 1750
1093 1135
51 900
20 21
13288 13290
2748 12819
52 55
218 221
10686 10694
2058 2059
214 759
1547 1549
2041 8947
279 12953
172 861
13008 13010
13115 13116
90 1318
3453 3454
6673 11065
1343 1344
2059 2747
1414 4125
2557 12733
13276 13277
12303 13043
114 4289
1213 6840
12825 12826
3265 6342
7563 9668
9882 9886
10652 10653
10651 10654
683 684
1354 13043
2350 10448
12757 13000
149 1199
591 4093
553 2196
615 617
172 395
10760 12074
3035 3036
14348 14351
1531 13427
10689 10690
1616 8314
13697 13698
1360 12960
135 12706
3572 3573
269 479
96 12957
12718 12720
3454 5174
315 3999
152 153
226 4089
2139 2140
1294 1295
9 12
3558 12511
2180 2182
740 2007
13576 13577
1954 1956
1376 6044
7625 12724
2790 6287
5154 7430
865 12841
869 1710
885 886
468 934
1734 12320
271 1128
159 5228
862 13207
6551 9596
12074 12081
1459 1461
127 5591
12821 12822
684 9815
6276 12961
1343 4142
636 6036
804 3763
1654 13029
159 12682
13340 13342
360 12339
96 13012
4681 7769
317 1826
615 12733
890 891
1892 9648
2754 8612
428 8824
222 12312
12556 12557
229 12610
424 5591
297 12741
13113 13116
6675 6676
1203 1727
479 9596
1654 6666
1796 1798
12392 12411
149 7045
12960 13033
13495 13496
37 745
592 1848
54 1708
12831 12832
217 219
1759 13057
709 1611
386 573
54 13688
1654 13259
663 5783
1065 1066
273 298
1545 2275
1800 1802
684 7206
12570 12759
1391 1393
864 1146
13 12465
1810 1814
3161 3163
2041 3960
1396 12640
860 4394
448 2907
12734 12736
10303 10304
1360 13301
2239 2241
581 1279
13039 13040
1203 4089
8121 8122
37 168
2986 2987
1294 1296
829 12321
1209 1210
1091 14477
12415 12416
5017 5018
47 100
317 2627
450 1360
3558 12512
12435 12436
1543 2275
1353 9625
1291 5341
218 12465
7011 7289
165 2703
172 551
591 4094
2394 13612
173 490
946 8357
12574 12575
3079 3080
1293 12623
270 5208
3779 4375
260 9531
2379 6189
1107 1712
2338 2339
889 2213
635 637
12689 12691
132 14132
360 6800
13 12523
4629 5621
217 9598
13 578
1407 13116
1390 5737
665 2710
716 1205
6997 12872
10581 10583
4680 5394
317 1911
5384 5385
1543 4461
612 614
12411 12788
683 1076
1098 4436
636 3846
5801 13248
1561 7012
1421 1422
124 1076
6673 11066
7562 7563
2179 2182
12412 12416
7672 7673
3036 3037
5381 5382
1524 8981
1861 2561
743 1270
1000 2213
2986 2989
12095 12096
381 382
65 5401
13349 13351
9614 11477
4375 4377
2347 4567
490 12706
4790 13427
1618 7276
39 2347
2057 13265
863 12954
812 8135
1805 5401
11069 11071
13956 13958
172 3348
3558 6276
7962 7963
2591 2593
93 4294
1407 13114
8981 8982
1178 1179
2746 5121
7023 7024
1652 1654
3348 13116
37 12451
260 1731
2537 2538
1293 1297
54 899
591 7943
1389 4215
2873 4089
1912 1916
428 8823
3209 12504
1096 1097
2179 7225
288 13340
728 5919
6613 12398
1654 13622
8750 8754
11847 11849
938 5150
45 1383
3348 12960
1304 12330
3920 13407
1391 3043
1543 12855
8135 8136
5498 13921
46 13680
12298 12299
1478 9855
13 859
4680 7768
54 13263
1854 12740
12619 13030
730 1543
12930 12932
2236 3760
1411 2527
2632 8314
13347 13350
3920 13406
339 12342
506 1291
363 6613
10763 12074
774 1374
10175 12454
90 9855
14348 14352
5011 12277
1559 1560
41 1385
3839 3840
1010 1013
628 629
824 826
13149 13150
125 1611
12074 12075
12719 12720
39 9567
453 13562
12800 13117
804 6551
9929 9930
12677 14389
1654 12704
1344 7563
11476 11477
3848 11094
13 3515
12282 12283
1405 1406
4057 14003
52 217
636 1668
67 69
54 6254
1698 1699
226 668
12609 12744
35 523
226 12886
874 5341
1796 1800
542 4215
132 2697
1647 12782
153 1016
11066 11069
553 554
13186 13187
230 2437
819 827
297 12948
577 579
3209 12653
323 12741
1391 4215
3033 3034
3821 9625
9614 9615
5053 5054
578 861
9668 13943
218 1384
1067 3228
7773 9938
6396 6398
951 953
412 13283
339 4297
80 12545
845 847
2041 4629
665 12866
19 21
1698 12669
439 559
10651 10652
7293 12800
13961 13963
9881 9883
5160 12091
1647 13216
12690 12693
1414 3129
1037 1038
588 5801
967 2747
7686 9543
270 3750
7020 7021
1035 14121
466 2075
2377 2378
824 825
14350 14352
4053 8822
34 13013
929 1444
2180 2181
1315 1316
12405 12496
382 13396
565 1698
5701 5703
1116 1611
1798 1800
4681 5395
172 578
12292 12743
591 804
9881 9882
1269 13441
96 12458
219 1356
2725 7113
4361 13236
14482 14483
1304 2841
300 12372
9228 12436
597 1604
93 2262
507 3128
263 5019
1414 7204
2827 12079
1892 3607
5093 5094
709 6797
804 7943
3576 13536
730 2242
672 673
592 11744
1603 6935
80 4364
1093 14477
217 1356
12075 12081
860 1146
71 1407
1962 13186
2213 6576
220 1385
2072 13115
1391 5736
125 126
12330 13069
4531 4532
191 192
946 5871
1638 5054
5198 13348
933 1647
745 4156
30 32
2041 5983
1293 1295
2020 8842
9173 11065
12443 12444
1709 1710
38 1228
819 821
83 13065
9159 9162
13595 13596
12776 12778
928 13432
9884 9886
666 2710
40 2347
3940 10517
5984 12800
263 12872
12463 12506
96 5073
4479 7943
1373 12764
1108 5082
37 1738
11744 11745
1185 1186
1080 1081
1705 5200
1385 2171
1199 4388
4296 4297
371 372
12597 12600
66 68
298 1791
1962 13187
2301 2302
263 1066
3079 3082
4837 5165
3188 13836
2196 2747
44 1304
395 588
9161 9163
54 13291
94 12286
636 3848
1066 13174
263 5017
263 1918
126 127
37 12788
1711 3617
1360 13033
12291 12292
446 12412
526 529
13376 13377
12879 12880
1324 3359
8087 8088
148 3925
424 468
13097 13098
2827 10763
13499 13500
1211 12960
3618 3619
454 6728
2048 8421
300 4057
1321 1322
9885 9886
865 1350
1970 1971
12931 12932
1611 10506
10598 10599
2600 7540
1710 1712
1187 1189
8657 8658
1323 1869
508 509
898 4989
7768 7769
2138 2139
1079 1080
527 1067
12421 12422
9883 9884
47 209
819 820
1072 1073
201 2534
1961 13187
1370 1892
270 2058
2892 12555
90 960
2439 6374
12268 13625
269 866
664 667
765 9268
13405 13408
370 1241
6308 10271
3646 13309
729 3763
2827 12081
413 414
2964 9937
125 127
151 152
37 1076
12570 12571
199 1226
6035 6037
132 386
812 2226
901 1407
6374 6375
7784 7785
298 1792
1805 7839
743 1271
7154 7156
6341 6344
12292 12820
466 4626
730 885
730 12391
12455 12456
2757 2758
479 1425
1814 12871
12401 13538
12408 12409
3114 13174
12384 12388
2315 13270
41 2074
1183 3830
943 13076
3081 3082
217 13418
1388 4807
10692 10693
525 13013
12689 12692
729 7943
7011 7293
3870 4532
10762 10763
385 387
12364 12365
674 675
209 12871
4887 12669
665 6677
269 12611
54 898
1193 1196
1970 3527
213 214
127 10273
13547 13575
668 3037
1548 1912
1378 3493
575 576
8604 13121
42 286
10761 10764
360 363
891 3159
2394 6324
2297 13029
553 12530
9612 11476
152 5160
12960 13301
5983 5984
578 4526
1706 12681
5200 13347
12286 13561
9160 9162
1047 4294
36 38
169 170
1796 1802
12444 12445
12286 12643
10764 12075
152 5866
4923 13347
12078 12081
53 12465
13503 13585
13407 13408
3763 3775
1805 1814
881 1045
4214 4215
286 1084
379 380
4923 13349
900 1427
217 2171
363 13485
1475 4170
1824 12352
716 1203
636 839
592 4093
2637 4663
13363 13364
12407 12408
6363 7175
6997 6999
45 690
978 7949
730 12392
1150 7943
578 13208
47 208
4094 4096
1391 3042
10764 12079
418 3809
3034 3037
1344 8865
10690 10693
929 7313
3836 7228
72 857
1384 1385
6396 6399
62 13276
12074 12077
824 827
157 12037
1916 1917
1376 4265
370 12714
711 12795
124 126
12857 12858
553 12805
158 3376
3054 3055
1519 8038
1930 3576
7495 7496
5427 12474
2754 13109
1699 13098
201 985
218 2057
61 395
217 1225
2226 4837
665 1383
4363 8658
2020 2725
159 397
2747 5120
1967 5161
54 3750
7045 13177
1996 4572
4360 4363
12606 12607
151 153
492 814
684 12456
12407 12409
6673 11069
1073 7051
73 1129
317 1824
11847 11850
1548 1917
1712 13032
428 11070
4571 4572
1385 3956
450 901
684 2437
40 251
42 287
635 7784
288 289
7774 7775
5984 13118
1108 5081
7771 7775
5427 13394
218 13291
7959 7960
7961 7962
4685 5381
12841 12881
1647 2411
1000 6576
809 5150
1035 3456
742 743
446 3558
4053 4062
558 560
2536 2537
426 4125
4362 12428
1397 13178
846 847
1066 3114
481 12372
319 4887
272 273
38 6440
229 12318
1577 12493
2079 5996
4113 5662
13 831
363 986
615 4649
1390 13246
12141 12416
1098 6308
386 1191
13043 13044
742 8422
12705 12706
492 2342
10103 11479
898 9599
12567 12568
479 12459
583 868
12807 12810
13000 13243
3532 3533
370 371
422 633
281 282
8823 11064
2138 2142
10689 10694
92 985
506 9396
10760 12080
1375 12979
3301 12688
371 1241
1108 1771
3453 5175
36 1743
4394 13115
12828 12830
2020 7113
11240 11476
9615 11478
936 937
1524 8980
795 797
1967 12091
65 1805
2754 3750
2022 5041
1887 3839
9614 11476
8823 11068
12621 13030
208 2431
859 860
5393 7769
2004 12475
13035 13051
1749 1751
1150 6624
7625 7626
11190 11193
477 3692
1824 2025
3558 3560
831 12488
260 4265
260 801
10581 10582
13267 13268
97 99
127 934
12412 12415
588 2257
2827 12078
218 1711
2011 12465
2827 12074
269 729
1656 1657
218 2171
1323 13583
209 12870
2022 7130
1293 13031
1001 2213
382 693
4362 4363
12661 12662
96 100
1896 2292
2526 2527
2058 2746
10687 10688
4359 4362
975 8313
1474 13378
62 8150
730 745
1961 1962
3750 5208
2965 7113
112 913
12608 12609
636 10374
172 4526
4053 4054
153 8473
3576 12395
1448 1449
260 665
619 3572
2743 2744
492 2778
1269 1271
289 290
12552 12554
4923 5200
8221 8223
1812 1813
1297 12400
1370 2656
2292 9210
10794 10795
34 525
2020 6171
1814 1960
12498 12499
6673 11068
1699 13096
91 985
1854 12888
9582 9584
19 3780
159 5867
2367 2731
2746 2748
290 13343
992 8176
2357 3495
270 2748
1848 11744
339 772
1944 3494
4294 13352
12287 13586
274 275
2057 2748
865 929
169 171
259 9184
10688 10693
5081 5082
1076 2441
91 6137
3637 8600
9598 12818
12406 12958
1329 3352
241 13820
466 1495
1892 10582
271 2754
8754 8755
13321 13324
2237 2239
7959 7963
13321 13323
4377 5230
2315 13269
5200 13351
13 12524
216 1328
881 929
80 1313
1654 12812
12094 12097
4547 11068
5165 5166
2041 3699
17 132
83 13047
2378 2380
1948 13194
2128 9599
279 405
469 980
12391 12392
4569 4570
874 1407
263 1064
13954 13955
12141 12415
5196 7459
6840 9026
4790 13428
3537 3538
6848 12643
1323 3705
578 13207
2196 12697
37 900
1892 10506
2703 2704
122 123
317 12448
2242 2873
297 2242
1354 12697
3038 13532
1076 12788
1323 13176
577 578
573 4810
1066 6314
633 2731
137 138
12078 12079
1967 3069
14 1360
1354 2196
13286 13287
3937 10515
19 412
153 260
2041 5985
480 8473
2007 4437
8430 8432
730 12410
7062 7063
2731 4395
3035 3037
6415 11266
1208 1209
270 5196
13347 13349
360 12442
297 323
15 16
256 10447
1300 2620
260 1150
96 97
300 684
1385 4663
45 46
9671 10374
323 12948
807 809
13162 13290
1203 13413
1185 1187
94 95
992 3797
2377 2380
8750 8752
1066 12872
1944 3493
6395 6397
149 13177
2274 4240
218 1383
3137 3139
1545 1941
12930 12934
890 3160
569 570
3870 3871
10689 10693
2632 8313
1698 13129
524 525
395 13248
1073 1483
260 6044
1256 1257
599 2677
522 13014
6376 6383
10506 10507
855 856
827 828
419 6099
10688 10692
108 515
12700 12702
729 866
10687 10689
13109 13373
1232 1234
9173 11069
493 494
149 1656
7234 7235
975 1616
445 446
4910 4911
111 7315
45 1142
15 17
737 738
3848 4568
1257 1258
13175 13176
6342 6344
967 12697
2242 4156
874 1291
12473 12530
3829 6600
6673 9173
1955 3079
578 1572
1376 3930
10630 10631
1537 9026
98 99
12701 12702
3263 13103
929 1513
2580 2581
90 6375
94 2748
12285 12286
527 3228
898 3801
12287 12530
10302 10303
636 5982
7011 7291
821 822
1207 1208
159 1414
54 1866
1559 1561
12734 12737
1441 12292
12823 12826
1704 13396
37 12392
3558 7800
1616 1618
5547 5548
13190 13872
12677 14390
5984 5985
1356 1967
3442 13102
8691 8692
636 11095
419 420
1349 1350
1705 5198
6476 6477
1488 12482
13322 13323
5393 5395
11093 11095
153 5160
12286 12530
5662 7687
653 12640
208 572
1751 13039
351 13573
11065 11068
1203 2801
951 952
839 1668
3797 8176
229 3828
1698 1868
7205 7206
229 12959
13624 13625
10691 10692
217 6254
270 2747
3703 3705
2141 2142
7496 13373
11848 13518
153 5866
447 1654
975 13302
260 4629
72 639
11062 11063
1797 1800
3370 6219
1355 12867
172 12960
1329 13414
1304 13084
45 269
1308 13552
6477 6478
124 13188
626 9421
613 614
637 638
2058 5120
2004 5427
4568 4569
1955 3082
300 683
12640 12641
9883 9886
3797 8177
207 208
45 47
261 274
8823 8824
12692 12693
4359 8658
269 12610
13405 13407
20 4683
2323 2324
7153 7155
14348 14350
742 1271
1098 9668
13962 13963
901 13142
12699 12700
580 582
2827 12077
13449 13451
1356 1385
553 12616
3370 12965
428 1107
683 2441
745 13158
583 1825
1731 2210
80 585
201 2533
47 6560
4568 4572
11067 11068
615 13092
2498 7052
1892 10581
9615 9616
881 5115
943 13077
13394 13395
5055 6088
1459 1462
11066 11067
350 4568
152 2396
955 2169
1300 3442
2437 12959
985 2122
173 489
7625 13192
898 1356
308 12503
4810 6782
795 2022
3075 3077
665 4592
886 3821
12622 12623
93 13352
13546 13547
578 1407
10689 10692
1370 2196
172 13116
35 522
153 1181
506 12613
412 2676
1654 12811
99 1070
92 13292
420 421
91 201
12604 12605
1240 13429
37 1743
448 12614
819 822
12399 13538
2041 5984
260 543
159 422
209 572
447 831
12474 12475
1474 1475
985 2120
13113 13115
1996 4569
473 985
12931 12933
207 211
479 4689
269 4689
3057 12934
1082 1084
1617 8314
12961 12962
553 12440
5617 5618
4361 4362
9612 11477
558 561
256 3311
6088 7130
3537 3539
13009 13010
385 573
1208 1210
13954 13958
1824 12448
866 4515
7153 10103
1353 3821
73 829
270 271
5996 8357
1046 1047
83 13067
35 13013
47 866
4680 7769
1948 13193
5198 5199
3925 12449
9073 9074
92 6137
1097 1099
7022 7025
11848 11849
5055 6606
370 372
192 194
2262 2263
41 220
1463 1802
5486 13226
9612 12791
10686 10693
279 12562
578 901
2020 2022
45 729
626 816
508 14003
428 11065
14 13277
2979 2980
12412 12515
3874 4790
2490 3144
1654 13445
96 420
159 14155
13288 13289
270 2776
395 5801
219 4663
14284 14285
4569 4572
10764 12074
7209 7210
153 2393
8671 8673
588 13248
41 1005
127 470
47 7228
615 616
37 217
72 4606
7022 7024
1370 7090
1704 5196
8190 8192
11067 11069
5603 5605
3265 6343
13087 13088
975 7276
2984 6564
172 862
492 985
2022 7113
12757 13243
263 12965
4362 13236
7613 10582
553 12643
12081 12341
1973 12492
2754 5196
267 268
6782 9298
2072 13209
5702 5703
2099 13302
3285 4629
1067 1255
1323 1868
1548 1549
1811 1812
300 543
801 13633
541 4213
5892 10603
1886 1888
481 976
663 5781
8 12
1362 2210
12643 13561
260 2210
588 13426
132 4810
2237 2240
1045 1316
159 260
1293 12401
47 665
468 1647
401 403
420 3328
13132 13133
73 4461
2377 6190
260 3930
5198 5200
11471 11472
2710 2711
14 715
3079 3081
1370 10583
745 12391
286 1083
1575 1577
7020 7023
1763 12703
45 6677
53 13418
7949 13012
3836 7092
9167 9168
11064 11068
1279 12621
9163 9165
9813 9814
624 729
108 13401
467 13374
985 6137
3193 3194
1577 12556
3801 9599
158 212
6398 6399
1764 12677
743 8422
1214 13066
527 4887
12405 12495
220 1115
132 5699
12303 12616
3111 13386
288 290
712 713
1560 8097
1093 13987
8824 11071
8221 8222
132 5700
1870 5383
1389 1391
6439 7960
821 825
2532 2534
12357 12358
957 12511
665 2208
13956 13957
796 797
12441 13476
4363 13236
446 12536
408 1460
54 9599
13317 13318
153 8232
2747 12697
474 1577
1814 1833
1751 2742
12642 12643
1240 13439
2722 2724
191 195
12776 12777
12385 12386
578 862
2376 2380
127 468
1618 8314
1225 1226
494 2342
5115 12578
10762 10764
100 881
636 4571
12972 12974
653 928
448 831
12363 12365
260 5621
2437 12610
9164 9166
1370 10507
481 6624
6341 6343
1093 13988
718 2230
47 7092
54 1384
10764 12080
147 2013
10764 12078
1654 2297
1833 12870
1323 1700
2178 2179
1279 13031
2965 6606
1930 12396
2394 13611
3617 3618
807 2366
610 612
13154 13156
636 4568
825 827
1912 1917
5228 5229
12563 13257
1478 6375
901 4394
271 13109
1797 1798
980 981
823 827
1869 1871
4649 12733
1765 6299
1750 2742
9169 9170
2772 4571
809 2242
2057 13373
2497 2498
52 1710
6395 6399
3829 6265
933 1648
1293 12619
1751 8544
9816 9818
807 938
51 55
1751 3368
583 616
1067 3128
583 1425
5666 5667
12899 12901
2058 2747
527 1234
9228 13496
12824 12826
12287 13497
900 1107
10686 10687
12954 12955
557 12948
7624 12724
4570 4571
729 11533
2196 12303
8824 11069
9917 13955
1067 1161
9160 9164
1698 1871
718 1270
821 827
874 13116
4213 4214
1097 7562
5165 14285
1474 4170
7427 7428
20 3780
9161 9164
9129 9130
1711 3618
1547 1912
157 1580
5504 12458
1308 13507
269 5919
418 1613
472 473
12074 12079
2242 3821
3920 3922
982 2048
300 3340
455 12948
37 12411
5871 8357
10516 10517
1939 1940
8823 9173
1617 7276
6477 10450
12985 12987
1441 13044
12837 12839
12535 12536
597 742
1814 5401
4352 6697
528 529
3763 3777
12733 12994
397 901
12329 13260
9159 9164
428 11067
12450 12649
1699 1700
4839 4840
44 108
2020 6606
9167 9172
10688 10690
1560 1561
4605 4607
9612 9614
350 4569
1196 1843
573 574
3851 3852
13421 13422
174 175
1854 5273
1022 13243
12095 12097
1574 1577
2452 12890
730 12451
1277 1278
10302 10304
3044 4681
1391 1752
9937 9938
2239 2240
2274 2275
13602 13603
166 1617
2472 2473
578 860
591 6551
1213 9026
1371 2656
718 4157
13340 13343
1711 10630
9614 9616
1698 5383
1709 3618
10690 10694
1603 8724
2296 12665
14481 14482
5765 5766
492 8464
729 4608
426 1414
1187 2677
12823 12824
363 13525
1909 2149
8823 11071
62 395
424 1611
4359 10598
1304 14007
11066 11068
524 13014
10763 12077
123 12382
96 5504
395 1861
1263 5160
13571 13572
1383 1384
8020 10541
508 4057
12076 12080
54 12338
1314 3809
3794 13255
12094 12095
401 402
48 49
360 13328
10374 11093
1918 5017
9879 9881
766 2337
1291 1360
1360 4375
4535 4839
1397 1398
3558 12654
985 13376
9612 11240
351 13489
12155 12156
6342 6343
12629 12630
13065 13067
2236 3776
9879 9884
2979 3495
3453 5174
7773 7775
124 8135
588 3712
6848 13605
901 13115
898 1708
743 13441
1973 2655
1827 8257
900 1818
72 13214
4361 4363
5782 5783
541 1886
711 12880
889 6576
2266 4546
46 684
929 12891
424 9531
1070 13217
730 12533
12530 12616
4265 6044
1967 1968
35 525
1211 12499
208 5929
582 653
205 5996
6551 7943
13347 14486
628 13278
12365 12366
60 62
229 12542
1184 1187
72 2438
3265 6341
93 6137
1545 12855
553 2503
665 666
8823 11069
1813 12336
446 12515
12697 13043
754 12532
1611 10507
13477 13478
820 827
1654 12996
6673 8823
1350 9625
2339 2340
11591 13132
172 13207
506 1414
1710 10630
3262 4606
610 611
218 2011
442 444
6266 9389
12758 13000
1096 1098
13139 13140
2619 2620
205 5871
1019 5700
673 7616
3557 3560
12286 12642
1797 1802
51 54
1765 3699
1495 2075
1067 3127
420 5073
823 826
6189 8817
562 566
13498 13500
3128 8769
3369 3370
395 13969
147 3925
2377 8817
4037 4038
2058 2748
159 5230
54 684
2179 7224
2985 2987
94 12819
684 6625
93 2263
1560 7926
215 216
1603 12450
729 7823
54 12818
2236 3767
1297 12942
2151 2152
615 1714
152 12301
526 528
13158 13159
616 14044
890 929
1297 12619
8062 12699
2495 2908
541 1389
523 525
1008 1009
890 1758
636 4572
9879 9880
1706 4794
53 12466
1012 1013
889 891
13305 13306
222 2623
147 148
889 929
860 863
1304 14279
684 866
260 10514
8823 11067
13114 13116
2723 2724
2019 2022
975 1618
420 1045
5781 5783
492 815
12619 12620
2196 7614
4290 10794
6439 7963
4360 4362
80 515
371 12714
4113 7686
177 12628
2057 13264
1005 1006
7624 13192
845 846
2892 12556
10686 10690
8750 8753
845 1752
13843 13844
98 100
12354 12355
172 422
6374 9855
3136 3139
3057 12931
12837 12838
272 13264
45 1442
3270 3271
226 12582
114 3990
1116 2196
2099 12459
2128 12818
270 4086
1390 1391
208 3841
900 12579
226 1203
270 7135
1751 6616
1291 4089
12870 12871
4547 11065
2058 12697
1323 1698
5616 5618
8752 8753
13490 13573
91 93
3033 3035
279 3078
4917 13284
319 9090
795 2350
191 193
1575 13895
10763 12081
1425 6551
929 3160
2196 12286
6362 6363
54 4086
3376 7150
10447 10448
3270 3272
45 2711
804 7823
1419 3462
12807 12808
14 1211
4547 6673
2022 6171
740 2307
481 6625
10453 13567
2754 8611
14 172
418 13319
124 468
12074 12076
583 617
565 13129
229 12602
2072 13207
260 2350
981 10309
279 3076
2639 13275
13122 13123
308 12411
272 5196
132 13190
526 527
95 2503
8062 12702
9162 9166
8191 8192
636 2000
1461 2559
1279 1280
19 2162
942 943
2754 10171
5603 5604
13155 13156
10510 10511
592 1967
812 4290
270 1613
13405 13406
94 6848
12775 12777
41 54
3057 12933
888 1529
1609 1610
2019 5041
823 825
65 1960
300 508
12778 12779
1383 6677
13 448
2376 6189
3848 7891
6396 6397
1293 1294
1785 4082
11068 11069
6848 12286
13164 13165
2022 5055
9160 9165
12901 12902
2009 2369
9161 9165
13076 13077
2357 2358
5379 5382
12599 12600
10 11
7276 8314
12247 12753
565 13127
479 729
152 8473
3710 3711
39 1759
8692 11062
1073 7050
865 2445
260 424
263 3370
3763 3767
955 12879
199 217
12399 12400
172 13208
1441 12303
12933 12934
46 683
158 2242
339 12341
263 6997
2140 2141
7021 7025
928 930
5198 13347
54 5208
12530 12805
1945 12814
1380 3493
2772 4569
13069 13070
5115 12314
12983 12984
218 12818
1313 12487
2057 7496
6439 6440
68 4395
4606 4607
96 881
37 730
218 1356
599 1189
132 13189
39 2516
559 560
10688 10691
261 262
114 2227
666 667
201 2531
4096 6525
1611 1892
1360 1361
958 1072
2439 6375
599 1185
1308 7113
2768 4057
772 4297
13 323
11064 11067
13194 13302
94 12643
889 7314
37 2394
12316 12318
2772 10374
201 426
2917 2918
1186 1189
742 1269
8222 8223
270 2755
9814 9815
153 168
634 11591
39 4567
729 3828
45 3836
573 14335
2896 12555
212 6113
718 4158
6781 6782
12436 13495
2199 12713
319 3228
88 12532
251 583
1560 7012
125 12401
6307 6308
207 209
1826 12352
421 422
859 4394
7943 11533
13264 13265
2128 9598
1269 4226
40 382
987 988
12286 13637
812 4289
2533 2534
9615 11477
12276 12277
68 69
7313 7314
1199 4352
1000 12353
37 2235
1092 1093
12405 12406
981 1066
3558 12962
1187 1188
12428 13236
66 67
363 12744
4680 5393
492 2242
3324 3325
888 1530
72 4605
41 218
1304 14005
718 4090
1263 1356
54 4989
5591 10273
370 1628
636 6035
9742 9744
3763 4479
4437 8769
1356 5160
1323 13097
462 12441
12183 12898
9582 9583
755 756
5198 13350
1116 5766
10448 12150
151 8233
428 4547
938 1707
615 13186
7291 7293
2602 2603
542 1886
52 1711
2621 2622
4359 4363
5196 10171
173 4204
218 220
209 4609
566 3375
6848 13638
4388 6697
13349 14486
428 9173
3848 5982
126 812
666 2711
13135 13369
1308 13548
12932 12934
819 824
2022 6088
13274 13275
8604 13122
1161 1258
555 13960
1297 12620
730 12517
219 220
3840 11897
2411 12782
15 18
12894 12895
881 5504
7618 8963
891 1441
12900 12902
1161 5150
1810 12337
447 2653
728 729
218 12466
45 7092
14 62
7823 9596
12828 12831
12833 12835
941 12795
126 4289
941 12796
47 6600
12930 12931
1603 13331
2207 2208
5604 5605
9173 11071
12383 12386
591 3069
958 959
2703 2705
662 9744
1414 12682
37 583
2488 8673
4882 9508
99 260
3767 3772
1893 2656
209 1833
259 6380
12838 12839
7289 7293
13124 13207
41 1356
12690 12692
12376 12580
319 13552
653 12495
260 1116
5982 10374
45 13199
8817 8818
12482 13571
13342 13343
3558 12513
8824 11065
1463 1799
4568 7891
9167 9169
1304 1511
1378 1944
987 989
88 754
10760 12076
490 13334
1547 1548
1711 7135
819 828
9880 9885
256 795
172 579
4066 6477
8772 8773
874 901
766 2558
2985 2990
1668 6037
424 1117
317 2438
13623 13625
1698 13210
1070 1071
218 859
13321 13322
10688 10694
13 13314
201 2122
13351 14486
1293 12622
260 5160
684 12542
51 4989
6564 13039
360 986
553 13497
9173 11066
432 618
927 13125
3620 3621
7959 7962
730 4927
1233 3228
3228 4887
859 1146
1814 12376
12330 12332
1660 4763
7291 12800
3111 5558
4157 4158
12344 12345
96 5072
6170 6171
1116 3828
37 12579
4589 12467
9612 11478
3262 7821
13046 13048
573 14374
7012 7925
591 11744
6435 14374
1067 1258
54 1710
212 730
108 4930
891 12891
42 468
578 6825
6673 11070
37 14006
167 1617
12506 12733
135 174
258 259
12276 12279
70 641
400 401
153 2882
489 490
1300 2621
1654 13258
270 13109
12553 12554
2619 3442
588 3779
1711 10631
12725 12857
10821 10822
581 1280
165 2704
2022 2685
12504 12653
7135 13373
542 4214
9507 9508
636 7179
2754 7135
558 559
13844 14467
4840 5621
13546 13585
37 260
8134 8135
132 387
297 12523
394 550
7960 7962
13121 13123
1116 1892
8753 8755
404 12953
862 1572
7020 7022
5655 9743
1642 1825
1405 1407
13166 13319
2226 2227
4213 4215
1810 12336
719 2742
6673 11067
3541 12137
1161 1257
1468 12844
72 4607
2827 10764
395 578
455 2907
7021 7024
6997 7000
9165 9166
636 7035
494 2341
270 2057
3846 11095
2772 4568
13505 13506
363 12947
1196 12652
260 2149
12791 12792
4923 13350
1293 12399
2020 6170
420 5072
2196 10581
608 13180
981 3370
5961 5962
891 929
339 12483
8752 8754
45 6560
9184 9185
2892 2896
447 3515
125 3400
260 6299
1511 14006
2337 2338
270 13523
12075 12079
1779 12730
527 1232
2235 12392
218 2637
668 13622
159 745
2171 2172
2022 8842
4582 13260
94 12642
522 13013
208 209
3704 3705
1616 2632
630 13278
1019 5699
1824 1826
2772 3848
13013 13014
2824 2825
7289 7291
709 1892
573 12907
2283 13458
2380 6189
19 588
217 4663
12075 12078
745 13159
14 901
865 866
1560 4430
1011 1013
12401 12471
152 1175
1617 8313
3750 8612
3779 4376
2591 2592
1291 1361
127 933
684 2011
684 1780
4297 9401
1868 1871
624 728
12699 12701
12268 13623
3161 3162
874 4526
1300 2619
12836 12839
125 709
10763 12076
9881 9885
1411 2526
1390 11897
208 12175
159 506
1300 13102
3850 3851
1022 14341
1350 12881
3767 3775
38 6439
13498 13499
360 12441
1308 12303
5655 9744
4930 8354
54 900
395 901
729 4479
7800 7801
151 168
1996 3848
6624 6625
217 9599
469 8864
668 2801
124 339
12286 13626
1308 2196
5154 7429
1108 5230
1233 2706
12971 12973
41 219
53 218
3054 3056
420 422
1545 2435
13954 13956
822 824
3075 3078
1841 1842
153 8231
3846 11094
591 886
9 10
559 561
124 127
626 818
371 2802
1091 1092
1771 9026
1095 1097
3760 3763
12704 13258
599 1187
981 6314
1091 1135
6188 6190
1308 12349
618 3573
862 13115
3036 5093
12967 12968
270 8611
10692 10694
479 1076
13955 13958
422 2731
3370 12872
1220 1221
8751 8754
434 591
639 726
2525 2527
985 13377
4157 4159
5165 14284
5771 5773
2139 2141
1323 1699
554 12616
2746 5120
4394 13142
1207 1209
363 12549
4361 10599
2619 2621
44 159
446 14251
260 2725
13010 13139
2559 2560
125 468
8980 8981
7061 7062
829 1080
19 3779
47 207
1499 1500
5174 5175
2357 2979
1543 1545
1005 13082
45 11689
2057 2754
5201 5202
754 756
412 2675
1293 12942
2057 2776
985 13119
11064 11070
1967 5160
12499 12500
10687 10693
479 7943
13047 13048
1186 1188
3076 3078
13225 13226
1810 1812
7023 7025
13450 13452
37 1511
112 3128
14 397
3136 3140
1961 13186
8134 8136
615 14044
715 12960
201 4294
47 3836
269 3828
12080 12081
172 1407
360 12398
1233 1934
34 2657
12897 12898
111 6062
4377 13039
1698 13127
4910 4913
217 1384
1519 12155
1537 2594
1751 12056
39 13592
13323 13325
1035 1073
4093 4095
729 4609
12384 12387
13471 13472
65 1814
3703 3704
941 12880
6378 6380
338 2964
154 12534
12501 12502
12828 12829
1968 3069
4093 4096
260 481
2292 2293
9882 9883
