14446 14447
715 4508
5102 5103
2937 2941
4722 4723
695 1686
3625 10735
7137 7138
10238 10240
3134 14320
5038 5040
2014 2017
4049 9140
14330 14466
695 1685
127 10134
5280 5281
7628 7629
10313 10316
3733 14303
2015 3934
5115 11207
5241 9531
10346 10350
557 3289
2397 11028
1355 14472
708 757
10606 10608
127 10128
9521 9523
12372 14306
5950 7817
489 2079
1668 6036
7730 12183
45 3829
3846 10374
704 14404
3582 9256
332 333
5300 10611
2209 5239
1216 9839
1667 2903
8993 8994
418 1612
1929 1931
4895 4896
5023 5025
2398 11116
9065 9067
10738 10744
990 14292
934 4528
172 862
8420 11028
462 463
2670 3400
1468 14272
10231 10244
2454 2455
1504 1505
2872 7422
8427 8429
8864 9406
10737 10745
10244 10245
159 7204
3551 3552
3521 3522
1304 2001
186 188
293 4422
10129 10130
14071 14072
2843 5149
10735 10737
1979 1980
5982 9671
7059 14260
13921 14281
5849 7428
6123 6124
1600 1601
959 2658
10130 10136
8229 8230
5498 5500
1269 4227
1853 12740
959 3103
4505 4506
1311 1312
313 10739
1022 13243
10346 10353
1925 1929
3516 3519
967 12401
3438 3439
2311 14452
6214 6635
3552 9590
4721 4723
373 1683
8286 8338
10736 10742
13746 14470
122 14362
11696 11697
312 4844
5950 5951
7416 7992
636 6036
10735 10739
79 313
10641 10642
1618 7276
10343 10352
312 4379
7169 7170
4501 5038
3846 7176
7188 7193
636 7177
9545 11206
1980 1981
328 330
9082 12392
10129 10137
491 492
1051 14366
291 295
3516 3518
512 5588
10395 10396
19 2162
7249 9838
325 331
2732 3156
12043 12044
636 6035
1503 1508
8420 9934
2843 6613
2016 3934
5932 8373
2843 8096
489 2869
12219 14362
922 14292
9423 9426
410 10765
108 11910
52 298
123 1667
638 1669
1926 1929
10128 10137
374 378
10453 14304
9380 9381
118 14336
2236 3762
816 818
4619 11838
79 10738
3188 4480
10245 10249
1188 2677
9012 9014
3625 10742
6628 14350
4893 4896
313 4379
2210 14305
10605 10606
205 5871
7462 7463
8225 8226
2079 7730
10346 10349
10234 10246
2907 2908
1469 2678
5617 7579
638 1668
6613 8096
1997 2000
297 730
302 303
181 183
44 1414
7627 7628
7178 7179
7151 14447
1668 6037
9960 14402
10239 10244
2209 9531
6405 6406
512 5585
14395 14399
694 697
9064 9067
3007 3009
511 8228
10343 10353
3625 7778
10737 10747
10735 10743
308 2269
466 10883
11029 11030
7220 10528
12844 14317
10348 10353
127 3400
3904 5025
312 10737
14319 14321
3181 14305
9066 9069
1370 10583
326 329
2072 10768
702 705
10230 10236
2853 4025
1892 9648
329 331
1136 1222
10741 10746
450 874
10244 10247
706 758
10233 10245
655 2087
869 1394
2245 10078
745 1771
108 515
9066 9068
10348 10354
182 188
73 818
6628 14351
10241 10251
12064 12065
291 292
5724 14415
190 2113
183 185
468 10138
2143 2220
4512 8059
992 1740
4501 4502
5949 5950
919 920
3400 9837
1474 1475
10743 10744
1067 7015
4253 10396
10237 10242
125 13188
1475 2210
2942 5722
5929 12375
698 699
1076 3186
10737 10744
1050 3472
2454 5499
10997 10998
5498 5501
3173 3174
862 1056
946 2907
6052 10131
8528 8531
5498 5499
5280 5283
1136 2732
4809 6993
1771 6683
11892 11896
181 186
14348 14351
4723 4724
399 3552
326 330
635 638
1924 1928
636 638
3845 3849
270 4154
10738 10741
708 3554
14397 14398
512 5586
2015 2484
10234 10245
1819 2955
5104 6371
327 333
917 919
700 704
188 2113
79 10741
4894 4895
10246 10250
1370 3607
1291 7711
2382 2383
1996 4570
3520 3521
10132 10134
946 6364
1040 1041
1226 2614
159 5081
5396 10593
10349 10352
9065 9070
8098 8099
10609 10612
5396 10592
14404 14447
2518 2519
14320 14321
1456 14426
774 14294
946 14419
1785 3214
479 729
8692 14441
2292 3731
1649 11448
435 3492
1876 2386
5584 5588
5149 8099
4044 4046
1277 1278
2772 4569
4919 4921
450 578
5948 5951
10237 10250
910 912
5723 5725
4568 4572
3150 6518
1211 10609
5932 5933
3477 5105
412 8428
6810 6811
306 2268
8948 10593
202 203
1892 10507
13000 13243
7778 10738
10231 10232
10231 10249
5929 5930
9063 9069
5030 5031
1098 10271
302 304
10248 10250
1211 1259
300 1456
10236 10248
10233 10238
946 2079
10230 10242
801 5282
1252 3846
7611 9311
10344 10345
2728 2730
3553 3554
468 10134
2911 2913
5396 8947
4619 7472
4837 9934
4724 4725
1370 10581
378 14322
1477 14457
10240 10246
14310 14311
10605 10608
2454 5501
9064 9068
1508 1510
3400 9838
2636 9049
10229 10250
510 6417
10231 10235
2870 2871
125 126
1190 11822
313 10743
10741 10744
10735 10746
8047 8048
14396 14398
2397 6594
2311 14037
142 1526
1683 1730
638 839
298 3190
1861 6214
2770 2771
14414 14415
3075 3313
5924 5925
1040 1043
626 3973
7710 7712
481 1621
38 1747
10234 10239
10238 10247
3399 7250
306 2267
10235 10250
557 625
127 10138
10242 10244
1978 1982
704 11209
4508 4510
812 2343
14397 14400
5149 8098
955 956
14036 14453
808 10605
929 9873
2014 9320
7583 7584
638 1252
12750 12751
4510 4511
10313 10314
4252 10397
5586 5587
1009 5500
4838 6635
7222 7223
462 3426
2772 9671
10248 10249
511 3582
480 5821
510 1136
10187 10190
10245 10247
11523 11524
14392 14393
10743 10745
3301 3303
10129 10135
1040 1042
9063 9067
3477 3980
1785 1786
468 10136
1926 1928
5636 5639
10383 10384
12748 14290
1022 14341
1505 1509
9064 9066
2907 14393
389 392
6634 6637
4620 5767
1892 10583
990 992
137 138
10234 10241
3733 14275
10078 14324
8344 8345
700 703
1511 1512
3444 4919
715 4509
331 332
10231 10233
1122 8038
1599 8104
2121 9545
432 6468
2381 2384
4516 4518
1055 1057
3426 12375
14263 14265
14328 14330
1668 6035
7215 7216
124 715
5929 14251
14297 14300
279 3427
1740 2518
1002 3300
10231 10239
11695 11698
557 14434
10940 10941
2210 12372
3224 3225
4222 4223
10235 10244
10642 10646
14271 14272
10737 10741
3846 11094
8227 8229
313 10745
9671 11094
3477 5102
8050 8051
1413 11028
11028 11030
1601 8104
7448 7449
12082 12749
1003 2457
1304 2344
7211 7212
14349 14351
10591 10593
9067 9070
10128 10138
10997 11000
8048 8051
328 333
4837 12035
2670 2671
7213 7215
555 13960
946 5996
1371 2656
5044 5045
1284 1285
14329 14330
108 11911
2209 5241
120 13413
8692 9934
1475 7259
1611 11529
310 311
1599 7713
329 332
7483 9009
1775 1776
10228 10232
1709 3619
2728 8286
2041 5396
5923 5925
312 10746
1116 1370
1851 7907
510 511
180 183
10246 10249
10230 10231
916 917
1291 7712
7191 7193
12846 14272
14297 14298
10229 10239
11553 11554
13775 14036
7151 14446
4568 4570
3848 7176
463 2078
479 6551
7613 10583
10237 10245
4571 4572
4014 4044
494 495
123 2902
4838 6634
1136 2733
6036 6037
625 626
7151 14448
2772 11095
1506 1508
1892 10506
10438 10439
715 4507
10733 10737
11093 11095
479 1319
8286 8340
701 703
715 10131
510 8230
2411 12782
2236 12082
9063 9065
2772 4572
4570 4571
7906 7907
5023 5024
14263 14266
10234 10244
14457 14458
4509 4510
10642 10645
2843 8097
312 7778
183 184
304 3107
4619 4620
862 1057
1052 1053
1002 13746
2940 2942
1668 1669
696 1684
3848 11094
10343 10351
9520 9521
1568 1570
3617 3619
2292 3730
869 6518
3934 9321
10344 10352
303 1935
1211 12024
1469 4306
5931 8374
10234 10251
689 7483
12257 12688
493 494
745 4152
946 5871
120 121
8528 8529
10737 10743
1211 12023
11891 11892
1996 1997
184 186
10229 10235
10237 10249
1215 1860
2872 5408
1743 1747
491 496
2614 6406
2635 9049
9096 9098
7114 7115
180 5660
10239 10248
9064 9070
12844 14316
8948 10592
125 10133
1244 2161
2906 2907
1122 6214
350 4572
479 2046
7730 12179
955 2952
10348 10350
14306 14307
11552 11555
350 4568
8992 8994
435 6468
5931 8373
6052 13925
2041 8948
848 14365
4919 4920
10187 10189
10131 10137
1569 1570
2717 8419
312 10745
2516 3183
829 2878
59 14331
2843 8098
14399 14401
869 1710
745 9928
121 7947
14322 14323
634 2908
10130 10134
10238 10242
14472 14473
5616 7579
480 1319
10229 10240
6517 6518
1109 1111
378 14323
2016 2018
9650 10767
808 8420
10313 10315
294 4422
10128 10135
8048 8050
10734 10744
1108 2244
513 2735
1784 1786
10249 10250
10611 10612
325 329
2670 7250
301 303
703 705
1252 3847
491 493
2001 2275
39 995
11552 11553
507 14452
14395 14396
1098 6308
12844 14318
296 730
6594 8420
10236 10238
1098 1853
10604 10605
719 9960
10239 10240
219 6516
9062 9066
10187 10188
10232 10249
14292 14293
14303 14379
1394 6517
730 885
185 186
1394 1861
10238 10243
2429 7601
715 10134
4938 6214
5724 14414
1611 1892
4620 7471
19 6334
801 6405
3934 9320
2041 8947
317 12082
2941 2942
866 1141
2077 2078
13775 14037
2519 11028
260 1376
492 496
933 4529
3472 3473
2381 2383
13000 14341
1110 1111
12082 12084
3733 14379
13921 13960
2908 3289
492 1313
2937 2938
13413 14299
922 990
10232 10243
1216 6852
1687 1688
1469 3264
4512 8058
9940 9942
124 10138
312 10742
14272 14273
10963 10964
10241 10248
1211 7947
719 14402
291 4422
3174 3175
11001 11002
36 38
2434 7151
108 1289
39 3183
10314 10316
10228 10247
1098 9955
180 190
2087 3264
12436 12688
10228 10243
52 272
14330 14332
10736 10747
2770 2772
125 715
2210 14306
3135 12844
3133 3135
466 10904
991 992
636 3845
14395 14400
715 10137
12577 12772
17 3353
5239 5241
1504 1511
2733 6024
183 186
5523 8469
10734 10735
922 923
7035 7180
2034 2035
492 495
181 189
7015 9256
1008 1009
946 2495
4152 7611
112 2397
2953 2954
10240 10245
10349 10350
14395 14397
1263 14359
185 187
10641 10646
7463 7465
8046 8049
14360 14361
7192 8279
3847 3849
862 1055
14398 14400
1540 3150
992 8177
5277 5819
5756 5757
1507 1512
3760 3763
260 6299
4507 4512
1927 1928
1504 1509
10641 10644
133 11823
764 766
10232 10247
699 704
188 190
3904 5023
10135 10138
7168 7169
410 9651
14451 14452
5239 5240
1054 1055
373 14316
11394 11396
557 12711
5927 5930
808 2717
745 12967
1859 1860
510 512
2014 2483
1252 1669
3829 6600
7188 7190
13774 13775
494 496
122 12219
4938 6636
120 14298
9650 10765
946 14418
10128 10130
2018 10984
1709 3617
5499 5501
1051 1052
4049 9139
111 12844
9591 9592
127 4529
54 6623
1003 10322
2079 8357
10240 10248
6066 6067
3150 6516
350 4569
4568 4569
2772 3846
967 13188
1394 1540
468 10133
2041 10591
3510 3929
627 4071
11524 11525
636 1252
774 1374
10484 10486
3135 14317
3476 5102
5616 5617
1475 2209
10736 10739
187 188
6516 6518
5982 10374
54 12773
1924 1930
922 14293
702 703
125 10128
188 5660
6170 6171
1545 2275
14328 14329
466 1196
3476 6371
510 6416
373 1468
967 13423
3518 3519
327 331
715 10128
124 10136
4938 6635
254 255
2733 2734
466 1599
7247 7248
10236 10251
10643 10646
127 10133
7221 7223
4754 4755
7975 11480
8227 8228
945 3472
946 2906
8096 8098
323 886
388 391
253 255
11697 11698
59 14466
6628 14372
4481 6621
10345 10346
10132 10138
7947 7948
466 10903
10230 10244
1067 9256
8701 8702
5587 5588
14396 14399
1503 1511
10241 10247
14397 14399
2381 2382
745 14437
3133 14320
208 3078
1113 1114
305 9878
296 297
182 183
2952 2955
39 10640
10605 14462
3156 11143
11891 11895
329 333
4962 10899
12374 12375
3400 7250
5279 5283
2910 2911
7212 7215
1771 14437
2245 14324
1173 4809
5616 7578
10345 10353
373 3135
698 705
715 10136
745 13746
1876 2385
3444 4921
12750 14289
2048 2049
1002 11136
7464 7465
636 7180
771 2999
208 473
1043 2630
182 189
466 1359
14397 14401
7947 12026
1507 1508
312 3625
10229 10249
704 705
10129 10134
14305 14307
119 121
801 9637
3185 3186
11447 11449
745 5586
7778 10740
10230 10239
10233 10240
5584 5585
10734 10737
10962 10964
709 1892
479 12459
8225 9854
568 2636
2047 2051
219 869
2854 3739
557 14392
718 719
814 815
127 13188
159 1304
4014 4046
3301 12257
1413 8420
10344 10351
715 10133
1925 1928
2630 5916
3625 10734
10229 10243
4705 4708
11694 11695
6635 6636
14299 14300
12247 12753
10229 10232
1374 1375
10610 10614
10374 11094
1996 2772
10483 10486
10232 10244
181 182
6635 6637
1930 1932
308 2267
5396 8948
13775 14453
1116 2196
2772 5982
395 13786
12042 12043
6628 14352
142 2397
2939 5724
14396 14397
8505 14324
260 2041
4243 6585
1771 6684
1669 1996
1374 14295
373 377
7035 7179
1526 2144
3304 10472
4706 4708
2051 2052
10236 10239
317 1911
180 2113
14308 14376
12750 14290
123 1666
7627 7629
10645 10646
909 2871
1649 8913
10349 10351
9311 11497
62 10614
1394 9875
6052 14381
313 7778
378 1112
226 585
181 188
2937 2942
636 11094
2159 2160
8344 8346
2292 3729
10235 10239
2050 2052
2014 10984
62 4837
5377 5378
1042 2060
125 10132
10940 13924
4506 4512
6065 6066
808 8419
10347 10352
764 765
2635 13767
12748 12751
14452 14453
12105 12106
715 4506
73 829
2952 2953
917 920
36 1743
5139 14251
10242 10248
1504 1510
10343 10354
585 2034
1927 1930
54 6622
1506 1512
1611 11032
3438 3440
10237 10246
7516 7517
7905 7907
2910 2912
8278 8280
10194 10195
9139 9140
708 758
1423 1687
774 1375
14358 14359
10233 10239
12057 12058
4365 14430
10610 10611
2457 3299
181 187
10941 10942
10610 10613
2311 14451
187 190
591 2385
12005 12006
636 3847
1109 14459
10247 10251
1649 11446
511 7015
466 7712
13243 14341
6035 6036
10740 10744
706 757
1252 3845
10236 10245
10132 10137
6594 11028
312 10736
12024 12026
79 10739
12392 14442
2717 8420
1928 1932
1924 1925
636 11095
1456 9354
457 8891
14258 14260
3733 14276
8913 8914
14353 14354
7211 7215
2910 2913
557 14393
11694 11696
5087 11912
1291 1599
10741 10745
3935 4502
11480 11481
6659 6661
3700 3701
13413 14298
6593 6594
8187 8188
655 1469
10903 10905
8869 9010
14349 14350
10238 10249
2902 2903
3078 3313
10239 10242
10641 10645
922 924
10132 10136
511 1136
7582 7584
4509 4512
9423 9425
9487 9488
79 10746
205 8357
3521 4771
62 10610
4707 4708
325 330
10246 10251
279 489
14330 14333
10232 10237
3625 10741
54 12774
3134 3135
8046 8047
8059 8060
312 10734
5112 14338
869 1861
4014 4045
11446 11448
481 14306
9635 9636
6137 14283
3905 5023
4379 4844
373 1469
3134 12844
1464 9636
6660 6661
3904 5001
5188 5189
301 304
511 1222
959 2248
5103 5104
4920 4921
3905 5001
9454 9455
5300 10609
468 4528
14348 14349
2670 9838
5585 5587
10243 10248
1647 2411
1186 1188
14271 14274
3885 7618
10739 10743
17 573
181 190
10592 10593
10740 10743
3904 5000
36 12760
9650 10766
1599 7711
1413 11031
205 5996
14351 14352
3156 9928
10344 10346
4462 4463
1540 6518
3845 3848
9590 11232
4252 4253
4506 4509
1464 2519
1222 2734
1070 1071
10236 10242
5187 5188
10346 10351
373 376
390 391
507 14036
125 10135
10345 10350
992 3797
10322 10323
6628 14348
2942 8701
180 181
1475 1477
626 3734
10231 10248
975 14151
10741 10747
3935 5040
5976 11553
7811 14332
4365 14431
2999 8789
4044 4045
4152 9311
3522 6743
124 967
12082 14290
10230 10248
10248 10251
7176 9671
4721 4725
715 4512
817 818
112 9934
79 3625
10130 10135
10239 10249
9939 9942
10242 10243
186 190
578 14395
490 2869
127 967
5844 5845
7778 10746
990 14293
1245 2248
11449 11536
7212 7213
909 912
139 140
7059 14259
11552 11554
12845 14271
2843 8099
219 1394
1996 1998
626 817
10239 10243
7188 7191
5396 10591
10228 10236
9405 9406
874 14401
293 295
172 1054
696 697
11001 11003
2017 2018
10132 10135
219 6518
10765 10767
10131 10132
10345 10349
1568 1569
388 389
10232 10240
10234 10243
1027 1601
2018 10982
145 146
80 89
125 3400
125 127
10131 10135
375 377
5948 5949
10149 10150
10734 10742
3008 3009
125 967
12748 12749
5767 7471
2397 2398
4660 4662
1784 3214
991 2519
511 1067
2853 4023
9934 10913
3439 3441
410 10766
1116 3607
1423 1688
1109 14364
1508 1512
462 2228
10733 10746
5871 8357
10238 10244
3133 14319
1477 13378
14416 14417
5634 5635
10228 10248
11447 11536
72 317
4893 4895
510 8227
3439 3440
10998 11000
183 187
125 10136
5930 10384
2236 3760
2614 9487
10744 10747
578 14398
2236 3763
12845 14273
6214 6637
10243 10244
7651 7652
3103 14385
1510 1511
2018 3934
10234 10235
769 1116
181 184
3516 3517
17 133
745 4227
11891 11893
123 11546
1924 1932
208 3841
306 9878
14464 14465
1667 2902
10229 10236
702 704
1464 9635
933 4530
4506 4511
11028 11031
10231 10236
10234 10242
12082 12751
14258 14259
1474 1476
946 8357
127 715
325 328
12844 14274
3299 3300
1669 2000
11000 11001
2911 2912
1252 3849
12082 12083
10236 10249
745 5585
323 2907
10611 10613
3224 9342
2454 5500
9066 9067
2014 9321
450 14395
80 557
184 2113
10483 10485
350 4571
2367 3733
5931 5933
3748 14382
79 10737
9636 9637
312 10744
219 1540
7730 12185
5927 5929
38 12760
3008 3010
298 1711
492 815
468 715
9379 9380
172 13301
2434 14447
8226 10505
1456 7813
7190 7191
3426 12374
655 14282
12748 12750
180 182
2490 11407
1310 1312
38 14403
2018 9320
306 11377
1861 2543
6613 8099
14331 14332
1067 7906
3301 3304
9062 9063
1505 1510
636 2771
10739 10746
10128 10131
992 2519
2209 5240
5929 10383
5950 6447
312 10740
14346 14387
8280 8281
3904 5002
173 490
1003 2430
700 702
1371 1893
180 186
1122 2543
399 3550
7679 7681
10233 10243
5001 5025
80 4364
709 6797
10604 10606
10738 10740
124 13188
4759 4761
1810 1811
638 3847
14316 14318
10130 10131
14273 14274
127 10135
10250 10251
7187 7190
10735 10742
10231 10243
1926 1931
745 2910
313 10742
11686 11688
699 700
1252 1668
10235 10237
327 330
1276 1278
2244 2245
7862 7863
10131 10138
10243 10246
301 3108
1186 2341
1325 2088
7578 7579
1503 1512
111 1468
1002 1003
650 2206
4506 4507
6643 8483
5001 5733
12006 12007
10235 10242
5948 5950
4505 4512
2999 8790
635 636
14315 14318
125 13423
1924 1931
715 10135
2245 6139
279 2079
2383 2384
511 2733
12751 14289
3930 4265
4570 4572
127 10129
5929 10384
10484 10485
10235 10241
3156 5584
10353 10354
10739 10745
578 874
1027 14461
12025 12026
8046 8048
462 464
1186 3188
638 3846
39 8428
5722 5725
1506 1509
1067 3582
6052 10940
2050 2051
4506 4510
10236 10247
1925 1926
1002 2457
10241 10242
10743 10747
2018 2484
9546 9548
9940 9941
180 187
4705 4707
5791 10375
6306 6307
698 14404
4505 4507
5300 10610
9158 9277
373 3700
4568 5739
9546 9547
260 2209
1222 2735
6659 6660
7188 8281
10228 10249
874 14395
4755 4756
1370 7090
9934 14371
373 769
6271 6273
7187 7193
10244 10249
10188 10190
5757 5758
1666 1667
1711 3618
511 6416
1259 12024
10131 14381
1097 6306
326 331
5722 5724
4754 4756
573 3353
1599 6684
305 2267
1669 3846
2158 2159
13786 13788
10242 10246
5924 5926
397 6899
12644 14154
3475 3477
4012 4014
8047 8049
12392 14443
1196 1291
2728 2729
512 2463
8097 8098
6023 6024
591 2386
36 1747
2671 2673
10641 10643
7193 8281
5377 14372
1370 2656
10746 10747
10733 10741
10238 10246
636 1747
599 1186
708 3555
769 1468
14474 14475
3625 10737
1114 14322
1711 3617
450 14401
4938 6637
557 3973
10228 10241
2015 2018
10606 10607
4529 4530
62 5300
1925 1931
10604 10608
8447 8448
816 817
1709 3618
4012 4046
182 184
8226 9854
5932 8374
1911 2825
10236 10244
636 9671
1939 2341
14442 14443
4508 4511
466 1520
2463 2464
9452 9453
10245 10246
2017 2483
916 919
5637 5639
1543 2275
10232 10245
3134 14318
14036 14451
395 13788
2121 3228
44 515
699 705
38 12392
12257 12436
11030 11031
183 188
946 2908
578 14396
4256 4257
2841 2854
1747 12392
625 818
4481 6623
11892 11893
13 323
4569 4571
7187 7189
955 2953
7179 7180
10242 10249
9453 9455
3134 14317
11000 11002
1931 1932
439 12185
1469 4305
2912 2913
2079 3426
2914 8357
3141 9340
5871 5996
655 2630
1112 1114
10228 10234
11395 11396
10229 10233
512 14383
2908 14434
2210 5240
2020 6170
10231 10250
4023 4025
636 4571
10234 10237
14305 14306
2022 6171
10234 10249
3733 3734
699 14404
7188 7192
2940 6810
1370 1611
5996 8357
2431 3075
2543 6214
14446 14448
5000 5001
10229 10234
14415 14417
3847 3848
7483 9008
11000 11003
3554 3555
325 332
328 329
1370 10506
14287 14288
5754 5758
62 9934
10582 10583
3517 3519
10228 10250
10229 10242
513 2734
12024 12025
465 2158
697 1684
373 14319
9865 9866
10229 10231
8700 8701
2048 2052
14391 14393
127 10130
7178 7180
9082 14442
10241 10249
1996 4569
896 12064
7811 14466
1413 11029
313 10734
1891 1892
10231 10238
327 329
9063 9070
62 10612
2429 3225
10229 10251
1747 3849
1599 6683
3103 11639
715 10132
6447 6448
1185 1188
10611 10614
11891 11896
313 10733
2434 14448
2907 14391
323 983
4042 4043
3301 12436
14418 14434
7214 7216
511 8230
10131 10133
2014 10982
119 120
3552 9591
1027 1599
695 4951
4086 4087
1464 9934
123 2903
11267 11268
5949 5951
6643 6644
698 701
1050 3474
3399 3400
1684 1685
2366 2367
439 7730
1394 3150
14419 14434
1370 10582
9097 9098
815 1313
2519 9934
2519 8420
3930 6044
4099 4100
1893 2196
769 1469
10736 10741
10233 10236
2248 3103
4569 4572
455 557
377 378
729 6551
10240 10242
4838 6636
10733 10740
144 4661
3520 3522
9934 11028
5754 5757
2434 14446
4722 4725
6307 6308
511 513
2853 4024
14334 14465
1930 1931
313 10735
10734 10747
10234 10240
1526 2143
3134 14321
205 946
4510 4512
6052 14325
14309 14376
745 3156
226 4519
10136 10137
375 378
1109 1110
1474 13378
9520 9523
8176 8177
636 1996
694 695
14308 14309
13786 13787
9521 9522
2017 9320
626 946
270 4086
10232 10251
13 297
9837 9838
10189 10190
701 704
3760 3762
229 2011
79 10735
13812 14071
10134 10136
8286 8339
10485 10486
14348 14350
14316 14317
1215 1858
465 2160
6457 6458
12392 14279
125 10129
7193 8282
10903 10904
1892 1893
1097 6308
5618 7578
1644 1645
327 332
510 2121
946 3973
636 1668
1939 12688
698 702
4464 10513
14395 14398
1507 1509
14343 14345
305 9877
12749 12751
7191 7192
1186 2677
5176 5177
4568 4571
1836 1837
2453 2455
6214 6634
4501 5039
44 1304
350 636
44 108
2732 2736
10741 10742
12748 14289
1116 1853
991 1740
655 1040
8529 8531
7151 14404
8379 8380
450 14400
848 849
7863 9960
2248 2658
3301 12688
10230 10232
11910 11911
1003 3300
10239 10241
636 4570
10228 10230
10343 10349
2079 5871
10244 10248
7585 7586
7221 7222
9941 9942
10352 10353
9068 9070
7193 8280
2733 2736
2670 3399
2017 9321
1067 7907
10346 10354
111 14271
2049 2050
1216 1860
3522 4771
2636 13767
1216 6853
3009 3011
10233 10251
2079 8773
1503 1505
10136 10138
1999 2771
10964 10965
7947 12025
699 11209
10228 10245
10240 10243
3846 5982
7678 7681
10742 10746
47 7950
10242 10247
1009 9793
10238 10245
2878 3141
182 190
808 10606
2196 10582
9939 9940
3549 3551
636 839
10228 10240
2772 10374
492 814
1811 1813
5867 14358
1999 2770
79 10744
2878 2879
184 190
399 3549
14430 14431
3629 7526
3477 5103
1508 1511
10744 10745
14404 14448
10243 10249
73 4461
801 2614
9590 9592
9876 9878
1925 1932
14342 14343
1997 1999
12846 14274
4894 4896
8530 8531
468 10129
127 10131
1259 12026
2940 8702
3302 3303
694 1684
146 4116
2017 10984
10604 10607
10235 10247
7190 7192
8048 8049
1098 6306
10347 10349
12183 12185
10236 10237
745 14388
1009 5501
10243 10250
1743 12760
468 10137
636 3849
7679 7680
1891 1893
2209 2210
3762 3763
910 2870
14332 14333
2672 2673
1002 2430
14313 14314
10231 10245
3475 5102
10238 10251
52 3190
10735 10738
3617 3618
698 700
7192 8281
511 9256
121 12024
10239 10247
695 696
331 333
4723 4725
1851 7905
10345 10354
14395 14401
297 698
59 14329
10233 10244
10346 10348
3444 4920
10235 10251
12844 14272
466 3184
12844 14273
10343 10344
638 3848
13 983
4968 4969
1685 1686
12644 12680
10737 10738
4568 7179
120 14297
3882 3883
14396 14400
9547 11206
159 745
1185 2677
1924 1929
1503 1506
10236 10240
80 471
7811 14333
8345 8346
1014 1015
7212 7214
1216 1859
10229 10246
869 3150
2079 12179
172 1360
205 2914
1509 1510
10228 10251
10735 10747
124 127
1477 14458
3156 5587
79 10742
1222 2736
1185 1186
14264 14266
3289 6364
1810 1812
10237 10243
418 1613
4193 14380
636 7178
111 12846
9651 10766
1509 1512
5377 6628
3462 6577
10343 10345
7712 7713
3582 6416
4893 4894
10581 10582
10913 14371
373 378
47 6600
6271 6274
1710 1861
1645 1646
3134 14316
10129 10132
3181 14306
1892 10581
14342 14344
10997 11003
4619 5767
306 9877
10348 10352
14262 14267
10643 10645
3846 3849
373 374
62 10613
1810 1813
2734 2736
10345 10351
3846 9671
1711 3191
1611 10506
10128 10129
14329 14331
10347 10351
7778 10737
4938 6634
6417 7015
2483 3934
1215 1216
1516 5411
373 3133
479 480
1911 3780
10234 10250
2635 2636
391 392
330 331
745 2912
1041 1423
350 2772
5939 5940
7946 7947
4769 5867
10134 10138
7188 8279
9671 11093
2772 4570
1811 1812
10737 10739
5637 5638
312 10747
848 1051
7778 10742
2014 2018
862 1054
8420 11030
5739 10079
557 947
186 187
916 920
1980 1982
2341 2343
5905 8445
5755 5758
2670 7249
