3362 3365
1098 13666
715 11445
11053 12172
2895 2897
11052 12172
11140 11141
7305 7760
6509 8579
11961 11962
1402 2414
6508 6509
2007 4616
1112 7902
11006 11009
11007 11008
9480 9481
10855 10856
2006 2007
9478 9482
408 7338
5514 7602
11060 11061
1097 1098
7443 7445
10784 10785
938 13899
10800 10802
6296 6527
2889 2897
7305 7306
6704 6705
6054 10464
6980 8302
7391 11084
10461 10723
5170 5172
6980 11049
10461 11932
6835 6836
3176 3177
10722 11933
3982 3983
7132 7133
10985 10986
2074 9535
3454 9691
7401 10936
4728 4730
6295 6296
1112 11080
10939 11084
591 7335
7401 7402
6855 6856
10938 10939
2892 2896
11290 11294
3679 3681
1227 6134
13665 13666
8328 8329
10937 10939
2891 2894
3683 3693
4448 4451
2459 2462
10836 10837
7624 13690
6205 8594
10881 10882
6054 6878
233 6296
550 2280
6507 11049
10936 11083
10392 10393
5061 5062
11831 11833
2154 2155
11291 11292
10422 10423
3406 3408
8591 8593
2889 2893
2433 5574
9478 9480
8726 8727
11049 11092
10784 11933
10801 10802
7379 7380
7401 11084
3644 3645
7401 10939
5410 5411
3681 3683
11058 11061
3390 3394
10461 11933
4066 11758
10722 11934
4616 7707
2891 2897
8130 8131
10939 11083
4448 4449
8329 8330
408 7335
233 8760
10463 10464
7391 11049
3681 3695
3362 3364
1112 11079
11727 11730
2892 2895
6844 6845
3364 3365
5217 5938
6835 6837
3467 3470
112 1403
5989 5991
4487 4945
11024 11025
397 2335
10799 10802
7443 7447
2561 10917
11083 11084
5514 5515
335 336
10461 10783
1227 6135
3768 3770
11138 11141
10782 10784
10465 10937
3981 3984
10844 10846
2413 2414
5263 5265
3694 10192
233 6527
2072 2076
2888 2898
6938 11140
3030 3031
3392 3395
9657 9658
2006 7708
1227 6136
11831 11832
11052 12181
3681 3694
801 4152
6507 6510
11053 12181
3390 3393
13658 13659
9477 9482
11311 11312
11083 11087
2894 2898
11310 11312
10937 10938
5629 5630
4151 4153
8692 11063
11054 12172
2412 2413
3643 3644
10806 10807
3405 3407
11121 11122
9217 9220
4488 4491
6318 6319
3679 3680
8075 8077
1062 1063
6507 6509
6509 8581
11059 11060
8580 8582
1112 11081
10972 10973
10468 10469
3454 4452
8760 8761
3681 10191
913 6507
550 11018
397 10466
7832 7834
2891 2899
6835 6838
10782 10783
11733 11734
2335 12012
2893 2898
6878 10463
4616 7709
232 234
11980 11983
631 3788
2897 2899
2458 2461
2757 2758
2898 2899
7445 7446
169 2413
10855 10857
3392 3394
9481 9482
6507 6979
11025 12013
3682 3683
6854 6855
7902 11079
7400 7401
6704 6706
6554 6555
12143 12145
2897 2900
4729 4730
3981 3985
2155 2156
11728 11730
11079 11080
11290 11291
7106 7108
1578 9535
6147 6148
11291 11294
2889 2895
3391 3395
6836 6839
10584 10937
8579 8582
3391 3392
11138 11139
6836 6837
8331 8332
10191 10193
2887 2890
7444 7447
7107 7108
6526 6527
2461 2462
5218 5938
2459 2460
7707 7709
9115 9116
9465 9466
9477 9478
2896 2898
11925 11927
6878 10462
397 12012
112 1402
2888 2900
3469 3471
6135 9011
913 7391
10584 11025
6049 6050
10461 10464
12143 12146
6275 10806
715 3454
6148 11051
7335 7338
8773 11877
11059 11061
6826 6827
8764 8765
2073 2074
3682 10191
8616 8617
6147 6507
105 7479
5368 5369
10465 11024
3028 3031
5170 5171
4488 4489
6054 10461
11006 11007
112 2413
6980 7391
10947 10948
6147 11083
4449 4451
2894 2896
6938 11141
3457 3459
8558 8559
11292 11293
4247 4248
5368 5370
10803 12012
7797 7798
3714 8171
3679 3683
12012 12013
6788 11724
10936 10939
5217 5218
3250 11980
6878 10836
9479 9482
233 7419
913 6980
8579 8580
6841 6842
10466 10803
10462 10722
10461 10836
2892 2899
6135 6136
8205 8206
3682 3694
10844 10847
11050 11051
8170 8171
7798 7799
3405 3408
6296 8375
6226 7342
233 6294
2895 2900
10461 10465
13670 13671
10880 10882
11158 11160
10461 10462
3390 3392
3682 3693
11048 11049
11289 11290
6527 7424
2894 2899
169 1402
6296 7419
9496 9497
11007 11009
3407 3408
6294 7859
397 10803
11018 11020
3769 3770
10784 11932
3405 3406
9480 9482
7625 13662
3390 3391
