11079 11080
10947 10948
144 5574
233 8375
10845 10847
3682 10193
6704 6705
7332 7335
7630 7631
9478 9481
10461 10462
9477 9479
1402 1403
3025 3026
7166 7167
10782 10784
2893 2898
507 5574
233 8760
7624 13690
4152 4153
10192 10193
4151 4153
7401 11083
6502 6503
9715 9716
7391 11899
5032 5035
13658 13660
1112 11081
11018 11019
6509 8579
2887 2891
11018 11020
715 4452
2890 2893
2072 2074
12144 12146
3468 3471
6979 6980
11073 11074
8130 8132
7446 7447
8328 8331
2887 2899
4487 4491
9477 9480
2461 2462
6135 6136
11019 11020
169 2412
5738 7599
5033 5036
3680 3683
7391 11083
3681 10191
10461 10464
3983 3984
5060 5062
8131 8133
3469 3471
11830 11833
10946 10947
10985 10986
2895 2896
2896 2898
8579 8580
6878 10461
8579 8582
7902 11081
7797 7798
6319 6320
11291 11294
8075 8077
5263 5265
10257 10259
397 11025
1227 6136
10784 11933
10257 10258
6503 6504
2335 11025
6844 6845
4513 4514
10783 10784
3682 10192
2335 10803
11072 11073
5032 5033
11054 12172
6054 10461
4151 4152
10584 10925
2038 2039
10465 10937
2249 9549
12143 12146
5990 5992
6855 6856
5263 5264
11057 11061
10803 12013
3694 10192
408 7338
2891 2898
1227 6134
2889 2895
6147 6148
397 12013
11924 11927
507 2433
6704 6707
11140 11141
11291 11293
11024 11025
4452 11444
11728 11730
6227 7342
2459 2462
10799 10802
721 1411
3681 3682
9466 9468
11055 11056
2887 2894
11160 11161
2561 10917
5989 5991
10937 11024
2007 7707
2891 2895
11057 11058
9115 9116
7401 10939
1098 13665
3679 3680
8580 8581
11292 11293
408 7335
3251 3252
8616 8617
10856 10857
550 11019
6507 11083
2888 2895
233 8761
3178 3179
8558 8559
3372 3373
11961 11962
10461 10723
6134 6135
11053 11054
5032 5034
5768 5769
6826 8617
2893 2895
4486 4490
6507 11048
8784 8785
2889 2890
11980 11981
8171 8172
13665 13666
5062 5063
8725 8726
8760 8761
5769 8988
801 4152
4486 4487
10257 10260
9957 9958
550 2280
7444 7445
3714 8170
1514 5411
10461 10463
10461 10783
3028 3030
6054 10463
507 11758
2074 9535
10844 10845
3391 3393
9477 9478
9372 9373
5989 5990
10836 10838
4488 4490
2890 2900
11058 11061
11138 11139
6878 10838
3028 3029
397 10466
5063 5064
6788 11725
7399 7403
2006 7709
7106 7108
5170 5172
6294 7858
2460 2461
8988 8989
3458 4248
3682 3694
3362 3364
2007 4616
2889 2899
5217 5218
7833 7834
2758 3018
2887 2888
8773 11876
10422 10423
9217 9219
11138 11140
10461 10465
13899 13900
11925 11926
3390 3392
7402 7403
11727 11731
163 164
10468 10469
6938 11140
1402 2412
2887 2892
1851 11999
11723 11724
2006 2007
10259 10260
10845 10846
6878 10465
8590 8592
10462 10465
11998 11999
9714 9715
11289 11290
13643 13644
3406 3409
7832 7833
5784 5785
1514 1515
10065 10066
6835 6838
3405 3407
5989 5992
9465 9467
3622 3623
6507 6510
397 12012
12145 12146
3678 3682
7424 8760
11037 11038
8580 8582
3681 5209
7444 7447
8076 8077
11123 11125
507 11999
7902 11080
2094 2095
8592 8593
4448 4451
8132 8133
11083 11084
10800 10801
6835 6839
4616 7708
2413 2414
8726 8727
2895 2898
3681 3694
7391 11084
3361 3363
2892 2899
3683 3693
3642 3645
3981 3984
6878 10837
2895 2899
7707 7709
1560 4151
3454 9691
5264 5265
1862 11982
5263 5266
5410 5411
6054 10465
6507 6508
2899 2900
9478 9479
3362 3363
6878 10463
6836 6838
13658 13659
3251 3253
6204 6507
5768 8988
10939 11083
6049 6051
11083 11899
2154 2156
11025 12013
6296 7424
2073 2076
6071 6072
8598 8599
1278 11724
2892 2894
10936 11084
10936 10938
7444 7446
9479 9481
13656 13657
10855 10857
8131 8132
2155 2156
9373 9374
7133 7134
4488 4489
12012 12013
3177 3179
3391 3394
2887 2898
3361 3362
6507 11899
11008 11009
13662 13664
11981 11982
11059 11060
9480 9481
3768 3769
6296 8761
10806 10807
233 8762
10466 10803
3727 3728
11025 12012
10844 10846
1637 1638
2092 2093
9466 9467
2433 4066
11724 11725
3390 3394
2458 2460
9465 9468
6294 6295
3363 3364
5171 5172
11159 11161
10972 10974
6527 7424
3316 3317
10803 12012
10784 11932
3470 3471
2073 2074
1862 11980
938 13899
10291 10292
6507 11092
5033 5035
2889 2896
4616 7709
1599 10066
3468 3469
11083 11087
6147 11083
5768 8989
8329 8331
1572 10584
11062 11063
2280 11019
7599 13674
11158 11160
10973 10974
2890 2898
3678 3681
6296 6526
2092 2094
6854 6857
10936 10937
1851 11998
7858 7859
5034 5035
5062 5064
10782 10783
10465 11025
5514 5515
5990 5991
6827 8617
10782 10785
10801 10802
2887 2900
2757 2758
13659 13660
4728 4730
3391 3395
2889 2891
1631 1632
2895 2900
3407 3408
10462 10464
4488 4491
8557 8559
6507 6509
6706 6707
1402 2414
8330 8332
10461 10785
2897 2899
2896 2897
2898 2899
8764 8765
10937 10938
11033 11034
408 7332
2458 2461
1630 1632
3984 3985
2887 2895
913 11092
6979 8302
7442 7447
9465 9466
397 2335
13670 13671
3176 3179
10465 10584
10462 10463
4486 4489
11444 11445
10461 11932
10466 12013
3029 3031
550 11020
2757 3019
11728 11729
334 335
3714 8172
8328 8330
2460 2462
11053 12181
4448 4449
11728 11731
2458 2462
11310 11312
5061 5062
4729 4730
2891 2893
144 2433
2154 2155
6296 8760
2890 2896
7305 7306
3468 3470
8601 8610
2889 2898
7400 7403
6843 6844
6705 6707
6296 6527
2280 11020
10880 10882
4487 4488
2335 12013
2894 2898
631 3788
3390 3395
2892 2900
9219 9220
2074 2076
6835 6837
11289 11292
2006 7708
10722 11932
3378 8734
10064 10065
5368 5369
3392 3395
2890 2899
5061 5064
6835 6836
2890 2892
1862 11983
7391 7401
3983 3985
3362 3365
2335 12012
2888 2890
801 4153
3405 3408
3981 3982
7391 10939
11933 11934
6147 7391
112 169
2891 2896
8205 8206
6296 7858
2889 2893
2894 2899
1514 1516
6070 6072
4205 4206
8238 8581
6147 10936
6826 8616
2153 2155
591 7332
8760 8762
3393 3394
7400 7402
11831 11832
1112 11079
8590 8591
5172 7302
3682 5209
2887 2896
8328 8332
6509 8582
7443 7444
10064 10066
5738 13674
8972 8973
1516 5411
3681 10193
10878 11312
4449 4451
1402 2413
5061 5063
112 1403
5629 5630
6526 7424
1578 2074
3679 3681
2888 2889
2889 2900
2889 2897
6509 6510
7106 7107
3406 3408
3642 3644
8170 8172
550 11018
6054 6878
6507 7391
8761 8762
938 13900
801 4151
11831 11833
9218 9219
10695 10697
8328 8329
10938 10939
715 11444
11727 11730
9217 9218
7305 7759
6275 10807
3176 3178
3176 3177
10722 11933
9477 9482
5217 5938
6837 6838
10936 11083
1098 13666
3679 3682
232 233
6507 6979
3408 3409
112 2412
3680 3682
334 336
6878 10836
6509 8580
1731 13656
2889 2892
2896 2900
10937 10939
3390 3391
6134 6136
4486 4488
233 234
2888 2897
7401 7403
1235 1246
3681 3695
10462 11088
2037 2038
5369 5370
7401 10936
2887 2890
1211 8505
3030 3031
10584 11024
2888 2891
10464 10465
3361 3364
3467 3468
11046 11047
7332 7338
11727 11728
591 7335
11375 11376
8082 8083
2894 2895
2433 11758
7442 7445
6788 11724
4449 4450
6843 6845
3364 3365
3678 3683
4487 4490
9467 9468
10695 10696
7132 7134
11932 11933
6135 9011
7442 7444
3982 3983
6854 6855
2433 5574
11982 11983
7391 11092
715 11445
8331 8332
10584 11025
3029 3030
3454 4452
5769 8989
9513 10986
4066 11758
9714 9716
2888 2899
6275 10806
6296 7859
6148 11051
6296 7419
3680 3695
6294 7857
6054 10464
3407 3409
10722 10723
3642 3643
5035 5036
7443 7445
3682 3693
7443 7446
6704 6706
6296 8762
3457 3458
3680 3693
2898 2900
8601 8602
8591 8592
1097 13666
11057 11059
7708 7709
2893 2896
5784 5786
6294 7419
6938 11141
6838 6839
11932 11934
4487 4489
11053 12172
11058 11059
11138 11141
6507 8302
1862 11981
6507 8594
6878 10462
3644 3645
233 6526
913 7391
9657 9658
6147 7401
9496 9497
11290 11294
7305 7307
2891 2894
7116 7117
233 6295
233 7419
2887 2893
2895 2897
11104 11105
10722 11934
3361 3365
913 6980
2892 2897
13641 13642
1731 13657
6147 6507
2280 11018
112 1402
2093 2094
13269 13670
11006 11009
10803 11025
2462 2543
5170 5171
10461 10838
591 7338
8141 8143
169 2413
2037 2039
3363 3365
11124 11125
2757 3018
2892 2895
2891 2899
6856 6857
1278 11725
10464 11088
1061 1063
7857 7859
10461 11933
6181 11078
6507 8608
6205 8594
2888 2898
3458 4247
6147 11084
11289 11291
10784 10785
8141 8142
6147 11087
11034 11035
233 6294
3177 3178
5172 5173
2681 2682
11876 11877
6836 6837
10844 10847
3682 3695
2890 2891
5034 5036
6980 11049
11311 11312
105 7479
2462 2544
9478 9480
11729 11731
9218 9220
8591 8593
4247 4248
3457 3459
913 11049
7401 11084
3769 3770
3726 3727
1599 10065
3250 11983
2887 2897
11924 11925
2765 2766
4450 4451
8329 8332
8604 8605
6318 6319
3681 3693
10783 10785
1062 1063
3682 10191
9217 9220
2006 4616
10461 10722
1578 9535
2093 2095
11374 11376
6826 6827
11723 11725
4616 7707
2153 2156
8557 8558
10258 10260
10463 10465
3678 3679
3981 3983
3726 3728
10939 11084
2153 2154
1516 5410
8971 8973
10463 10464
7375 7376
3392 3393
3393 3395
6526 8760
6294 6296
6854 6856
6507 11049
2006 7707
10461 10837
2092 2095
5482 7376
10465 11024
2221 2222
8773 11877
6509 8581
2335 10466
8453 8454
7442 7446
6148 11050
1278 6788
3681 3683
12143 12144
2891 2892
7445 7446
11292 11294
10461 11088
2072 2076
5060 5064
8971 8972
10881 10882
9480 9482
11729 11730
397 10803
2891 2900
11290 11291
2893 2899
13662 13663
8692 11062
3679 3683
11736 11737
4489 4491
10972 10973
8142 8143
5218 5938
7902 11079
7399 7401
1514 5410
11048 11049
6205 6507
7857 7858
5785 5786
7132 7133
11727 11729
11730 11731
6070 6071
7625 13662
11592 11593
2412 2414
9481 9482
7391 10936
112 2413
11058 11060
8329 8330
2543 2544
7625 13664
6318 6320
5265 5266
3390 3393
8692 11063
2893 2894
10191 10192
9477 9481
2914 2915
11273 11274
10258 10259
7306 7307
3682 3683
2893 2900
5033 5034
13671 13672
3394 3395
6502 6504
4452 11445
3678 3680
2890 2897
11924 11926
11139 11140
11052 11053
9496 9498
8170 8171
6054 10462
3250 11980
6147 10939
6204 8594
3694 10191
335 336
1599 10064
11049 11092
3643 3644
1227 6135
10392 10393
8603 8604
715 3454
2894 2897
6507 11087
10393 10394
169 1402
11926 11927
10466 11025
10462 10722
10799 10800
8579 8581
