2310 2311
765 866
9184 11392
273 13163
226 3037
94 2748
6374 6375
317 4916
12179 12472
2205 5169
1098 7561
5404 5405
3806 5487
144 3533
467 8421
226 4391
54 270
583 591
498 12322
5083 5085
1237 1239
9564 9565
3532 3533
706 708
10151 10152
13 212
1397 13178
2710 12866
13208 13209
3870 4531
2477 4054
1829 13520
51 900
840 13095
422 633
1683 1730
468 9910
578 579
3823 3826
479 1617
809 938
7029 7031
3750 4835
141 142
12816 12817
5169 8213
479 2475
5167 12766
3111 12794
3366 6365
2649 2650
2867 3182
13043 13044
272 273
1131 1133
929 13399
360 5757
13223 13224
3426 3427
2330 2332
959 2248
861 13315
158 730
900 1107
446 12336
382 13198
13001 13002
1592 1736
3218 3219
3130 3131
3350 8699
578 13142
12914 12918
9165 9166
7562 7563
505 507
1314 2444
172 577
370 12527
729 1425
1115 1356
269 12317
4776 8745
1767 12402
13564 13565
12360 12361
3938 3941
1190 1612
2072 13208
305 306
11963 11965
1712 3536
148 3635
1939 12308
7790 7791
1027 1861
42 72
807 808
7561 9668
1531 13520
4086 4087
37 1076
71 315
80 3336
890 12891
7473 7474
12609 12744
2323 2325
882 10674
1683 3194
3139 8908
12917 12923
54 9279
12912 12922
910 2870
148 5523
1992 5843
1854 5273
360 12609
1771 8039
4086 6339
12917 12924
172 395
3265 3268
172 1360
9132 9133
4882 6006
1315 13390
420 5073
7685 7688
1264 7412
1863 1865
3265 3266
1861 5988
7564 9564
3192 3194
634 4139
6297 6298
13169 13170
683 684
360 12339
12911 12916
105 1587
1633 3515
270 1613
4240 4241
72 7480
12783 12784
172 13209
2441 5641
54 684
158 886
1027 1851
3936 3941
3084 4140
54 217
2309 5092
543 3836
12780 12781
3053 5548
1531 2329
447 3515
4809 7258
3080 3082
214 2348
2555 10027
4515 5232
1351 3821
270 1704
6439 6440
3190 13435
1318 5004
12905 12906
5432 5434
2057 3750
13959 13960
1318 4166
73 8315
2169 3461
3436 3437
655 1043
172 874
1207 1208
4165 4358
12911 12923
3062 11842
1213 3738
6352 6353
2538 7131
11964 11966
1867 8837
12913 12923
7942 7943
13511 13513
127 3400
382 4290
1779 2642
2199 3318
3114 4820
54 2844
223 2020
774 13017
807 2625
913 13169
300 543
1464 13222
481 4165
209 14480
83 12850
12707 12978
888 12999
2421 2422
668 12634
1116 1370
52 4589
1548 1549
1150 1621
2206 13055
13299 13300
11434 11435
211 3828
1563 1606
582 13308
1329 3336
96 881
305 309
1901 12769
97 100
4535 4839
53 2011
2773 2881
13539 13542
578 13209
1353 2242
63 112
397 901
394 3128
4918 12093
13340 13341
800 801
592 6525
54 900
1771 14312
1865 1867
4241 4243
179 4940
929 9873
815 1313
12689 12691
60 1862
6502 11967
209 6782
407 2441
4835 7688
4880 4881
8985 8986
153 5866
766 2558
696 697
4969 9266
147 4296
5168 5169
3750 5268
2650 12615
3275 3276
12305 12308
3529 7386
2495 3733
4607 12085
1343 4607
1383 1384
12750 14290
891 1444
410 412
553 12440
12639 13078
1543 11820
42 2822
2024 2025
12943 12945
5014 5015
60 112
153 13253
168 1076
1116 3828
317 12492
13162 13436
12453 12673
297 2242
50 1513
711 12879
1531 9132
7259 7260
9727 9728
4242 4245
54 2755
218 12542
2172 7791
1547 1912
1289 3533
3750 4834
111 2251
3495 4988
13143 13144
5662 7686
96 420
12405 12406
4209 4212
397 3346
2281 2282
100 9645
12070 12073
6613 12559
46 1076
1397 1398
5906 5907
2790 10900
172 397
4917 9177
866 5232
543 13678
4241 13986
72 4606
151 2992
1822 1823
83 1014
2619 2620
774 1375
1771 9026
124 1076
2556 12861
2679 2871
2519 8420
13340 13342
1967 5160
2623 12312
1857 2567
874 3348
807 5150
13072 13075
127 424
13058 13060
2755 2776
9583 9584
985 13377
308 12411
729 4479
479 1076
914 2025
1969 8825
2746 5121
1299 2619
543 865
8611 8612
1203 13413
4737 4739
10858 10859
814 815
4210 4212
3937 3939
11706 11707
975 7276
888 7646
975 977
493 829
1329 3333
13058 13238
218 2756
1597 4835
928 7253
2058 2748
1736 3233
6276 12963
802 1291
605 938
2755 3189
210 211
13527 13528
1588 1589
260 684
12915 12918
2223 2224
43 13220
555 13960
1540 3347
270 9308
3637 4296
61 1027
415 2737
229 624
490 2869
4209 4210
1647 12782
3533 4665
397 4394
2441 5642
132 386
201 3869
12927 12928
3564 5736
3482 7480
2089 6686
360 12744
802 5049
12800 12803
4969 14142
5268 9308
83 13065
550 3128
4365 14430
3197 13355
424 3836
12767 12770
2600 2779
1597 7686
12413 12414
226 12886
447 3376
1141 6282
2551 2552
2760 9908
551 3346
4083 5903
811 812
13621 13622
2099 13893
12546 12547
493 494
2265 13574
151 152
5093 5094
7588 7589
72 639
1543 2435
1782 12581
13047 13048
2025 2026
12765 12767
1318 3743
634 13356
865 12841
144 4664
2004 12670
1390 1391
3290 3292
673 884
58 13229
3347 3348
4880 4883
578 13115
1633 2275
745 13326
199 217
13587 13588
2060 2420
888 12997
62 7420
217 221
7228 7229
60 1768
8176 12186
207 572
1780 3425
407 958
957 12513
323 2907
13221 13482
273 13357
90 6375
4057 14051
985 5194
2979 3495
4731 4732
172 938
12340 12342
967 12697
1067 1256
4592 12866
1391 4215
218 2171
37 1228
434 2024
4738 4740
323 886
957 12512
144 4663
5679 5680
2388 11133
776 5743
583 12780
12479 14021
322 3515
5010 12278
13387 13388
2498 10944
715 1360
4404 4409
290 12980
61 1401
12346 12347
90 231
6329 6330
1993 1995
3462 13312
12911 12922
12920 12921
494 13417
9587 9589
866 958
1132 1133
899 900
1150 2797
13142 13285
4297 6145
730 1751
13 13314
1161 9678
8110 8112
220 2756
5627 13923
468 5591
422 2367
421 422
3401 3403
54 2805
7032 7033
1711 3189
12765 12768
2543 7008
3940 3942
1400 2089
221 2172
6622 6623
743 8422
84 626
1370 1893
898 1356
1531 9133
774 12520
80 12545
2060 13229
730 1078
9612 12792
860 4394
9159 9162
1731 9531
11131 11133
9266 14140
51 4989
776 777
626 12590
172 12733
2443 2444
5556 5682
582 13515
54 572
3655 3656
413 415
12894 12895
1823 10039
80 12680
1362 9531
13269 13271
886 2242
48 4629
4140 4141
7686 7687
3750 4836
874 5612
2945 2946
892 894
407 408
557 2868
12392 12516
829 7109
498 499
112 395
1654 13029
3936 3940
665 7121
7366 11208
124 13188
96 7949
480 5821
1713 10748
1751 7315
220 407
37 12760
13339 13340
3447 12679
12961 12962
12892 13203
8621 8622
12377 12378
10591 10593
1969 3527
9160 9161
153 1181
5479 5481
37 12392
3689 3691
12559 12561
5011 12276
370 1241
5284 5285
1973 1974
3346 9057
12991 12992
90 3050
1375 12979
795 3357
804 6770
4989 12100
260 1376
730 885
217 407
2534 3273
37 38
2805 3543
1593 1736
5844 5845
929 3159
73 4461
2496 3733
43 1464
12538 12539
6350 7735
2058 2059
263 5012
1853 1854
3655 6364
13921 13959
12914 12916
458 5691
288 289
13167 13171
1042 2061
5120 5121
5919 6546
428 887
2081 2082
172 450
492 493
4099 11425
729 1309
493 1129
2275 13157
3664 5593
7060 12540
1588 1591
407 2658
3937 3942
1228 1229
2607 2608
221 572
51 54
172 5612
1537 1771
1380 1381
4663 6297
978 12903
862 13209
172 4394
12425 12427
12917 12918
1468 12844
1873 1874
1168 8960
4294 13170
1558 13211
479 7943
6848 12390
415 434
13514 13550
3435 3436
1705 1706
12558 13654
684 12456
1907 1908
1543 2275
650 2206
682 4717
2121 13619
3115 3116
1513 1668
807 938
479 591
1017 1019
5678 5680
1385 3956
178 179
1237 1238
492 12688
1498 9049
127 469
1475 13378
13480 13482
13355 13356
13219 13222
7268 12780
8879 8882
1945 6563
831 2790
100 683
2774 5614
1108 8039
218 6254
412 5912
8671 8673
620 802
2442 12507
1098 7562
4969 14140
1161 2625
5013 5014
96 1045
683 9645
3743 3744
12716 12717
2065 2066
201 503
578 862
12768 12769
832 2983
1696 8020
2799 8584
12300 12301
71 1455
13 551
985 6674
96 12903
13015 13016
3937 3938
1173 4809
71 2567
6396 6399
2388 6334
2326 2331
1712 2803
3806 3807
1424 1770
218 12818
1957 1958
424 1117
2235 2236
809 1161
1080 1305
1704 1705
635 5273
1974 4405
1523 1525
1763 12419
13239 13240
13343 13345
13072 13073
1045 3633
1651 1654
5678 5679
3696 3697
7589 7590
479 1116
901 13315
7257 7258
651 2839
12823 12824
999 1000
93 144
6374 9855
2274 4240
6 4481
1475 1756
771 8789
6674 13376
2619 9587
479 1318
985 13292
1230 1350
1604 7267
2001 2275
4113 9543
12286 13497
1329 3334
1437 1438
3936 3939
2393 11208
434 914
6613 12561
2327 2329
166 1618
12913 12914
62 13433
260 497
951 954
12766 12768
251 252
9159 9160
306 308
4242 5925
1304 2841
13109 13373
1228 2441
1322 2456
13357 13358
412 9018
2367 2731
12733 12994
4616 7708
2844 13110
12686 13544
61 938
45 666
772 4139
13490 13491
51 217
1594 1736
6502 11964
1076 2441
5814 5815
39 13280
1537 2595
42 9724
12659 12660
210 4019
7313 7314
422 577
1131 1134
733 949
127 4528
418 1613
1765 2041
55 217
7425 7428
573 14233
62 4140
2120 6353
3037 12582
272 7459
1475 7260
127 13188
944 13076
12750 14289
1597 7687
132 387
1543 3639
2161 8986
10748 10749
13063 13064
639 726
652 653
977 4642
3231 8731
1375 13015
13563 13564
3217 3218
1920 2224
12911 12924
13549 13618
4927 12410
1360 3348
13221 13481
231 888
93 2262
416 1292
2754 5196
2754 2776
2499 5168
2309 2310
12912 12919
5600 12822
172 452
3558 12536
5013 5015
5396 8948
432 13162
1243 1244
2207 7257
12333 12334
1531 2330
804 6551
1035 1073
9582 9584
88 754
60 945
961 962
2591 10549
12766 12771
1319 3360
12392 12517
7475 8390
13168 13171
1736 3232
2747 5120
808 809
2637 4663
2675 2676
300 382
220 5611
1763 5487
3213 6993
1300 1301
4835 4836
807 9082
1498 1500
1599 4286
3558 12513
5756 5758
12640 12641
543 5083
573 6435
505 938
2350 4840
13 831
938 2822
3233 3234
2019 2020
12939 12941
665 1442
314 317
1228 1743
975 2632
2196 12697
12552 12553
2623 12584
96 1659
809 13359
578 4394
795 2020
3170 13229
6840 9026
269 9596
6848 13638
1308 12303
764 2340
91 543
1967 3069
12769 12770
3337 3338
158 212
300 829
7564 9565
2326 2332
1857 5350
202 12392
978 1199
44 927
2181 2182
217 218
615 617
543 762
90 978
2161 11133
1970 1972
12449 12450
2197 12905
1419 1420
8562 8737
148 3636
1765 5645
457 458
300 508
2623 7937
13065 13067
1407 1857
173 490
12491 12762
2490 9625
152 2393
382 10921
12697 13043
13220 13224
887 1751
4472 4473
339 9803
9644 9645
901 4394
978 979
12916 12923
6115 9660
985 12378
62 2021
1471 1472
12915 12924
985 2534
2577 7102
5194 11741
1545 12855
1161 2025
12686 12687
149 12725
36 38
666 2711
2020 6606
54 4989
557 12590
1262 1291
2063 3111
12918 12919
9155 9157
943 13076
9080 9081
492 3967
1161 1257
474 4057
269 3828
733 5374
46 958
83 13066
12689 12690
413 416
2188 2189
149 12632
414 416
217 898
147 13329
38 1228
4106 9057
36 1747
5433 5434
12409 13558
2041 5984
158 1751
481 3387
3263 13103
7561 7562
479 1563
12411 12788
12314 12578
578 13116
1905 1907
4472 5066
12642 12643
12770 12771
1186 3188
3794 5204
458 2520
6 807
370 1628
67 69
7312 7943
481 8562
9775 9777
5965 8562
541 1391
798 799
2626 2627
748 3637
2225 3604
862 13124
1711 2748
1691 3529
385 412
4820 4822
2439 9855
68 69
42 931
2719 2720
1807 1808
54 1708
24 7441
716 4107
800 12952
754 12904
683 12507
2420 9038
2207 2208
7060 12541
12632 12633
9403 14139
424 9531
412 421
72 7408
3219 3220
505 506
1019 4562
72 2680
62 3782
1824 1826
2235 12788
13852 13858
300 683
12916 12921
12455 12456
3967 4156
407 543
3209 3210
269 1948
831 3515
3938 3939
64 90
1350 2490
1004 1005
154 1543
62 13211
1370 1611
782 2844
148 3637
4152 14388
172 807
798 1874
12593 12594
5600 12821
13078 13079
1045 13390
3360 11521
4365 6066
578 3348
494 2342
52 55
45 1142
290 13338
12919 12922
54 6622
13261 13303
2495 2496
2620 3442
1000 2213
172 715
7747 7748
111 1558
13221 13224
53 54
5118 10709
1132 2417
4535 4840
2315 6848
2122 13377
1354 2058
13510 13513
1616 6769
90 1478
9155 9156
12679 13556
1850 1851
802 1959
3276 3787
1073 1973
9730 11967
139 140
543 1920
5167 12770
2499 5169
866 4472
398 399
1356 5160
665 4592
12919 12924
13038 13040
9668 13943
804 1425
251 382
2072 13209
1588 1590
158 2790
593 6525
985 2121
2965 2966
3036 5093
12612 12613
4404 4406
6769 6770
992 8177
12305 12307
1704 13438
2041 8737
1969 9041
8231 8232
3640 12840
1080 12855
68 3231
4294 12929
2029 2030
4880 4882
71 72
633 4061
46 407
12367 12368
251 1425
2007 6695
891 1758
1132 12275
61 1861
13162 13289
9953 9954
1228 2440
1045 12903
802 2807
3939 3942
1137 1138
1674 1675
230 2437
12487 12545
13 447
6591 6592
3563 3565
1398 13178
3084 4141
46 4940
778 5743
93 13119
72 931
1531 13519
8062 12702
1158 9730
3565 3566
13219 13221
131 5261
45 2710
730 12516
19 11132
4165 4357
269 12318
123 3491
1360 13033
12918 12920
8604 13122
149 12633
888 13780
1399 7255
563 13986
802 2205
8267 12585
2248 12698
578 1168
2041 4629
252 12781
1464 9934
673 7616
992 12186
2041 10593
10483 12377
13509 13511
1076 2273
3262 9648
10770 10771
1759 6376
2273 2275
3437 10751
408 1072
1414 12682
42 938
2135 5903
4738 4739
1735 3234
13170 13172
5555 11777
12944 12945
538 801
3874 13448
10376 10377
3939 3940
8221 8223
19 10312
420 1661
3646 13309
582 13618
96 1316
3664 7700
1328 13542
446 6781
1098 1344
300 1230
684 866
3231 8730
2091 4089
554 12286
5498 13959
506 1414
7029 7030
218 4031
1592 3233
3533 6298
93 1289
539 1992
9401 13606
13509 13512
3750 9308
1376 4265
465 13346
218 2577
90 6374
127 1647
7685 7686
2439 3193
5072 5073
217 2171
385 9018
3169 3170
5892 10603
1442 7121
1464 13220
2137 2807
502 503
2440 2442
3558 12962
4642 4731
2057 13294
1213 3788
6112 9057
8349 13570
573 966
100 2173
2441 13062
4607 7408
1291 1361
314 315
5683 5684
412 1191
395 1401
12980 13052
2022 6088
1116 9564
2135 5902
1920 2225
46 2658
13563 13565
4240 4245
866 1072
1923 5504
3190 13434
11591 13133
745 4152
1360 13301
2868 13218
7517 14240
4209 4211
412 9016
1543 3638
4737 4740
3836 7228
480 4358
2944 2946
764 766
6395 6396
1108 1712
684 1780
12380 12381
13528 13529
14 1572
425 488
40 252
4882 4883
12301 12989
2479 2702
573 844
3937 3941
592 13944
207 209
580 13549
938 2062
36 12760
178 4011
407 2225
2151 2152
578 8960
1080 1545
668 3263
14139 14140
634 4141
6350 9794
958 959
223 6122
12644 12645
4726 5350
13892 13893
149 12527
202 12760
13 9532
975 7277
9582 9583
269 7614
13250 13251
4200 4202
6502 11965
154 12534
1974 4408
209 6781
13079 13080
52 54
13394 13395
2600 7540
1751 4246
13269 13270
4783 4785
151 351
45 46
2275 14079
13597 13598
13220 13222
1713 3435
3523 3524
13527 13529
7707 7709
288 5474
1866 1867
444 13120
2275 3638
898 900
2614 6405
62 5987
578 13285
715 13301
2059 7496
5965 8737
1072 1484
420 421
3292 3836
584 13290
260 2350
13046 13047
464 3426
684 12607
71 1456
2600 7539
124 127
3558 12535
424 762
19 8985
1097 7562
99 100
663 5783
1974 4407
517 1621
8697 8698
12435 12469
14263 14264
481 4166
4835 7685
2161 8984
6285 6286
3558 3576
592 593
938 1851
8383 8385
3285 4629
12179 12471
13162 13163
338 339
1611 2149
2057 2755
1375 12520
126 812
1349 1350
1386 4807
12430 12432
13580 13582
12479 13985
418 1190
96 1904
2439 6374
125 3400
1711 9279
397 3347
1308 1309
172 859
1314 4323
165 167
5118 13108
1299 1301
138 4881
1586 12527
1263 1967
1543 1545
12699 12700
3266 3267
1034 9137
12916 12920
493 1313
5457 5458
2393 7365
1344 7562
12446 12447
1385 4481
3232 3233
1034 4061
1821 3396
2196 7614
8879 8880
13124 13207
4947 4948
807 9678
2329 2332
13161 13162
3192 3193
635 1854
684 1385
208 3336
8317 8319
1377 3542
269 624
3401 3402
3750 6339
432 504
1356 3586
8221 12982
158 7150
37 12516
179 4083
3793 8915
12490 12491
582 13514
351 13489
382 12403
807 2233
1027 2777
13604 13605
12575 12576
1584 12827
2420 9037
222 13021
3262 4606
1638 6751
13376 13377
802 5048
1738 12760
2643 2645
7011 12802
770 6407
941 3698
13338 13340
4627 9027
263 5015
5486 13225
12463 12733
84 12711
60 63
54 3750
10940 10942
889 929
3943 3945
223 224
12919 12921
317 9152
1531 1829
13550 13618
54 2059
279 2079
1597 7688
62 634
9403 14141
885 887
7408 9724
1344 7561
93 6297
12275 12427
363 8860
2041 5396
1549 1912
3837 3838
1864 1865
1385 2756
12308 12686
1857 4726
80 1314
2647 2648
2004 5427
1067 1258
2740 12506
1241 8977
80 12510
1713 3437
1067 1255
7614 10270
12427 12470
730 10900
959 3103
9156 9157
1513 2445
9587 9588
13249 13250
3744 4165
490 12705
2556 10027
68 172
743 1271
10832 10833
395 8474
13270 13271
543 1498
7588 7590
2632 7277
10453 12581
3690 3691
1592 1593
54 1616
1368 2623
1291 2204
72 1322
4294 13352
338 3907
1383 1385
12412 12416
12072 12073
1242 1244
583 617
2746 2748
914 2026
1368 6407
9266 14142
804 7312
13512 13513
730 1228
3086 13384
5843 5844
12286 12643
1161 5150
498 12323
481 2798
61 1850
3084 3528
591 1967
11819 11820
896 897
138 4880
62 5867
1318 3744
8619 8622
9997 12617
698 5982
242 10709
260 481
6848 13605
551 578
96 13537
62 1850
260 10514
933 1647
2658 3103
4138 4139
1067 1161
1542 12729
2944 2947
370 12714
1343 9080
73 1543
1108 9586
13163 13358
1260 12840
38 6440
7011 7289
5987 5988
3750 7416
12913 12916
1116 1611
172 12960
582 653
434 3354
1545 2627
4241 4245
5678 7475
480 1318
13393 13510
778 3739
479 1302
1386 1388
12317 12318
1945 8562
12913 12922
8462 8463
11132 11133
1970 3527
1441 12303
481 517
290 13339
4626 12265
2599 2779
211 1116
8121 13238
13509 13510
153 166
3824 3826
3217 3223
1484 7125
10749 10751
58 3170
1127 4307
8698 8699
147 148
2311 5092
12367 12370
3153 3154
2196 12805
3113 3114
2755 9278
1076 12392
371 1628
808 1851
37 12391
7276 7277
951 953
12911 12919
45 1076
954 3908
3483 4607
933 1648
1543 13293
4106 6112
668 12582
13489 13490
481 2024
218 2637
3940 3941
46 684
4605 4606
8620 8622
1824 2438
3750 6338
286 287
13085 13086
3086 13383
9163 9166
4361 4363
5589 5590
12889 12890
125 127
1464 13221
493 495
167 168
13384 13385
632 2702
479 9056
9555 9556
395 578
770 6408
37 1743
1811 1812
931 4605
126 127
811 14240
1704 5196
577 874
479 3360
173 12705
2006 7709
1017 10620
3086 13385
1617 2067
213 8827
1950 10112
672 673
1771 3788
1211 12981
466 13839
8909 8910
1763 1764
1617 6770
12833 12834
13025 13026
11775 11776
288 13338
4606 4607
1711 2059
37 13084
691 1319
1545 12721
2022 2965
2359 4988
1269 4227
2004 12804
12376 12381
12748 12750
730 12523
6502 9730
480 481
1863 1864
583 12781
890 891
1594 1735
99 2477
5167 12769
953 3908
543 2224
13115 13124
950 951
38 1745
13147 13424
229 3828
71 2096
538 800
2059 9278
1531 5531
418 1612
125 2720
1704 2754
2330 2331
6265 12684
8859 8860
94 12473
12376 12380
12463 12464
124 339
58 2060
831 1543
1901 12766
1399 6751
7265 7266
890 3159
360 12950
270 2755
1152 1153
290 13050
5640 5643
382 12486
12920 12923
505 9082
866 1484
2066 10858
62 423
6397 6398
7135 13109
13514 13549
730 1542
1270 1271
12392 12663
2620 13102
1375 13017
2026 5751
13168 13172
5843 12583
3533 6297
807 2062
480 1309
578 12733
865 5232
60 1192
51 899
6407 6408
1161 9082
3828 5115
11126 11127
12767 12768
140 142
96 6648
11966 11967
12275 12284
1213 2594
1270 1272
3750 5196
12286 12530
4086 4154
13227 13400
12845 12846
135 9593
834 13392
12923 12924
4375 7032
578 13207
8697 11770
4528 4530
72 2679
494 2242
812 2439
745 12392
3268 3269
578 12994
13200 13201
5012 5015
12585 12586
148 1649
865 4472
4527 8496
8349 12308
3538 5015
13539 13541
1398 12294
2187 2188
597 7267
1531 2327
2045 10674
147 2012
5741 10449
12834 12835
632 2479
12459 12460
360 12441
13288 13289
4365 14431
445 446
158 887
7221 7223
5984 5985
13557 13558
151 153
1545 11819
12969 12970
308 1182
2619 2621
1437 1439
665 2710
1126 4374
10302 10304
12639 13079
201 2122
1407 4726
69 641
5813 5815
152 12722
1116 2196
831 12729
795 2019
909 13282
226 668
152 866
12294 12296
13169 13171
12712 12726
13921 13960
12707 12977
11591 13297
573 14232
467 12497
152 1175
1905 1908
3447 12678
4406 4407
663 10475
288 796
3806 5645
308 1183
7289 12803
4405 4409
1992 1993
976 2169
1376 2350
12918 12924
6635 13389
1455 1458
538 539
3084 4139
451 5475
1968 10304
5682 12960
2060 13197
132 1019
12912 12920
729 804
967 1354
260 6299
320 5445
494 814
479 13045
890 1441
759 760
1374 1375
270 8612
2552 2644
774 12979
976 4642
866 4515
139 141
3346 3930
2844 13111
12634 12635
494 4156
1710 5150
578 2072
2596 4085
91 13119
3217 3220
1593 1735
148 3634
1767 12293
9160 9163
479 1034
10940 10941
72 317
1906 1908
668 9999
138 3338
1017 4810
543 5085
691 12799
149 12521
37 6751
12911 12915
479 480
12800 12802
984 985
9587 13228
3635 3636
914 915
351 1347
37 260
1328 1581
13415 13416
473 1313
8947 8948
4165 4166
1521 1524
407 1362
8164 8836
12922 12924
13383 13384
1150 2798
3113 3115
218 2643
371 1241
12921 12923
5985 5986
1994 1995
12977 12978
9660 9661
218 13308
13163 13294
124 12341
432 435
8391 8392
1851 1862
1116 9565
260 269
807 4089
2136 2137
218 12539
4297 6146
3079 3081
94 12819
1747 12392
1438 1439
7942 8584
2755 9279
829 1080
13341 13342
12431 12432
2639 13275
2604 7426
583 1425
1547 1548
260 881
8062 12701
5504 13866
1543 12721
3084 4735
12671 12673
889 890
207 3828
729 1350
1899 1902
12275 12470
541 4215
5893 10603
951 12560
9162 9166
517 518
954 2020
12361 12362
2983 2984
1385 10709
1097 7561
94 553
1475 13379
543 866
51 1395
13309 13311
1780 2642
420 1660
2488 8671
172 578
553 554
1080 1081
1599 4287
1616 6770
1436 1438
481 2041
1377 1378
772 2160
317 1078
385 387
13344 13345
1521 1525
11636 11637
54 8158
1309 10270
1291 2205
2393 2394
1370 10507
1077 1078
4605 9724
317 1824
12928 13213
2872 5409
808 2233
2265 4546
3935 4501
179 8144
1374 12520
53 218
13852 13855
616 617
12368 12371
1973 2655
4607 9724
237 794
219 407
12775 12777
395 6062
3870 3871
13162 13290
4406 4409
395 7420
634 3084
951 6613
1603 6935
1750 10677
93 3533
3218 3222
6611 6612
711 12880
222 14484
4616 7707
371 372
1150 2799
958 3586
6265 6266
4113 7687
4783 4784
61 62
684 12754
9162 9163
12766 12767
2161 11132
1731 5621
269 12316
2607 7426
582 13107
2006 4616
13335 13336
605 809
12286 13561
9661 9662
1033 1034
418 473
395 901
420 6099
666 2710
10072 10073
588 5801
13529 13531
252 583
4394 13115
217 1384
13614 13615
782 2805
697 1684
2063 13386
2639 13274
2178 2179
889 1441
3634 3635
419 422
13529 13530
804 1309
10421 13204
473 815
12286 13637
3454 6355
1343 4142
1397 12294
8789 8790
580 581
42 7407
3036 5094
1269 8422
573 13112
12377 12379
420 1045
260 1967
80 515
2632 7276
620 2351
12775 12778
322 323
127 4529
913 13170
446 6433
802 5168
201 217
2737 13425
1807 12708
213 3396
3113 3116
1537 3738
9411 9412
3870 3872
3989 9833
913 3084
2388 11131
13167 13168
172 13124
213 760
218 5073
6847 6848
93 2263
6365 12675
1892 7614
899 12100
54 4031
1763 3806
1621 2024
1478 6375
9507 9508
5754 5756
2150 2152
201 218
7562 9668
452 2091
12558 13655
2161 8985
3267 3269
2225 3605
2452 12890
269 7312
1713 10751
1814 12376
12962 12963
2011 12466
1419 4246
5757 12569
771 2999
929 3160
12876 12877
13854 13855
1829 1831
479 481
12921 12924
12748 12749
38 270
975 1616
12776 12778
8672 8673
54 2637
1161 3040
12316 12317
172 13116
172 13115
13509 13513
4011 11646
729 975
61 1851
12392 12788
861 874
2207 4809
668 13622
770 1368
1945 6564
151 1175
502 1356
12918 12923
577 13116
13106 13107
539 1790
12512 12513
286 5982
5682 11502
13754 13755
9908 9909
419 421
985 13119
12367 12371
1302 9056
7937 7938
13221 13480
1901 12771
1240 9786
2556 10028
13 322
213 214
4405 4406
12435 12436
7686 9543
9164 9165
62 938
207 888
625 626
804 975
1370 3607
60 13211
12275 12633
24 3750
634 3197
2441 5643
1263 1356
494 1313
152 13253
3219 3221
1378 1380
1969 9755
3689 12834
12997 12998
2440 2441
1821 13731
1738 12392
928 930
684 1155
46 2225
3189 9279
1043 1423
6276 12962
5296 5297
12560 12561
1945 12815
1127 4374
3435 3437
1227 1229
5066 9525
13 12523
13107 13108
6848 12642
12691 12693
12684 12685
975 2067
124 8135
13221 13484
580 13522
876 5590
12286 12642
91 93
8619 8621
288 795
691 9137
479 6551
169 4061
1923 13867
45 47
557 625
4201 4202
127 933
13397 13398
480 1616
2041 5986
3533 3869
555 5498
2608 7426
2059 2747
716 4106
12765 12769
1141 1142
1766 1767
5159 5160
1380 1944
1713 10750
3945 8385
12802 12803
563 4241
1362 5621
7222 7223
889 12891
225 226
886 2790
54 2748
1611 11529
795 2834
298 3190
73 1129
166 168
6334 8985
172 13207
729 6769
3836 7229
414 415
12913 12924
220 1356
112 394
729 5004
13456 13457
372 1241
5259 5261
3209 3211
1064 1066
1073 3586
12295 12297
3218 3220
9154 9156
543 3285
4605 7480
2283 12854
653 928
40 2347
270 2746
2604 7425
9612 12791
3170 5679
37 9625
748 749
13207 13209
3289 3290
13000 13243
634 13355
46 47
13023 13091
90 13553
1713 2029
3337 3339
13115 13208
54 1711
2210 9531
3437 10749
422 2731
894 895
1531 13448
1970 1971
1939 12686
6279 11635
71 1407
13219 13224
2161 6334
5039 5040
958 1362
14240 14268
5404 12404
2248 2658
226 12582
682 2727
1378 3493
7173 7174
2625 9082
967 13043
8746 14487
2739 2740
6621 6622
54 10449
289 12980
578 901
111 1851
71 1378
279 466
46 543
2058 2747
10029 14487
2058 5121
202 1743
12915 12916
2058 2196
14140 14141
8671 8672
83 320
1150 4166
37 730
13046 13048
1321 2456
580 13514
372 1628
138 3339
1893 2196
726 4916
578 13315
8879 8881
10219 10220
72 3483
60 111
13222 13223
5167 12771
4626 13839
562 563
1851 5867
3217 3221
382 12521
38 12392
2006 9728
2275 2789
890 929
4481 10449
2324 2325
572 2172
506 12612
480 1320
3220 3223
152 153
114 3990
1301 2620
580 13515
1821 11114
10483 12378
2754 2755
202 1228
2020 6088
231 1863
1892 1893
3828 13179
13167 13170
12697 12698
1214 13066
47 1442
2402 3823
2872 5408
8221 8222
8948 10593
62 7421
420 1484
4346 12860
13393 13513
6612 6613
231 1328
12412 12414
1208 1209
1827 3558
260 3699
3638 3639
491 492
12276 12278
1543 2627
605 1161
60 938
5755 5756
1437 1440
1954 1955
2503 5044
873 5589
2329 2331
215 216
909 13281
99 1045
3278 12506
153 1347
936 1116
12915 12919
4528 4529
3646 13311
1385 13308
4809 6993
5118 5119
480 1150
153 13437
1328 12889
10071 10072
12286 12440
13570 13636
41 66
874 4526
591 4218
3111 5558
810 811
1370 2196
6006 9507
12791 12792
730 1077
1385 4307
2619 13102
1464 13219
407 5083
807 2242
1255 1258
582 10709
3154 13333
288 13343
12936 12938
1173 1174
2196 2747
12981 12982
5011 12278
12701 12702
4663 8783
2020 2965
4308 11635
1883 1885
1864 1867
975 6770
222 5529
12273 12274
2171 3750
1691 7386
71 1857
93 426
12052 12053
54 166
13 449
1770 14312
1045 1315
13481 13483
158 1094
3220 3221
1198 7896
889 7313
39 1759
1906 1907
1370 1371
46 683
1830 1831
453 12389
591 6525
3806 5485
1378 3999
3278 12733
218 572
7289 12801
1225 1226
38 730
222 2020
12530 12805
12916 12919
584 13288
260 2149
3944 3945
54 4481
12777 12778
12367 12369
5498 13960
481 12372
201 6096
666 1442
1543 12855
1635 2485
415 2738
4099 4100
562 4241
1116 1893
2273 4240
2137 2499
201 2534
481 2169
1378 1381
290 13052
543 1155
3637 4297
6145 6146
4663 12818
149 370
61 945
2710 2711
3193 3194
407 866
434 481
1067 1257
3222 3223
2283 12738
2135 4011
2242 4089
5486 6848
428 927
12296 12297
7517 12626
943 13077
260 4840
2441 2442
3788 9026
865 866
900 13431
12453 12671
1286 13265
37 12663
12368 12370
2223 2225
218 582
9082 9678
12082 12751
148 4297
1543 13320
12915 12923
13061 13238
1603 6936
4499 5853
12821 12822
13341 13344
881 1045
6174 6175
13342 13343
423 1298
201 220
1257 1258
218 4061
123 4858
5204 13410
138 4883
12748 14290
209 1863
12912 12918
7473 12275
41 68
765 7517
12913 12917
6279 11636
219 221
1262 1264
876 5589
6997 7000
12688 13417
1542 10022
1359 1361
6686 8583
218 2552
5801 13247
12340 12341
9559 13420
13207 13208
2452 12889
577 4526
317 2438
13540 13541
12391 12517
1617 7277
6848 13225
2059 2748
12914 12917
5372 14269
4752 4943
1704 12944
1743 12760
93 4664
12285 12286
8620 8621
633 2731
578 4526
12643 13561
4275 4276
1153 1154
13168 13169
4275 4277
2041 10591
1819 4293
2072 13207
52 217
795 2350
4243 4245
61 423
298 4086
2328 2330
3515 13314
1286 13163
270 298
12707 12708
977 4731
12860 13254
217 1385
1545 2435
494 495
288 13341
317 12352
3318 3320
2057 2776
424 1647
2754 8612
543 1349
46 13416
1977 4201
256 795
954 6574
1300 13102
98 99
748 3635
149 12329
149 2490
13073 13075
620 2352
5011 12277
270 2776
111 112
865 2363
12875 12876
1385 13107
578 10518
1208 1210
1710 1712
424 468
8135 8136
652 8317
447 449
412 4533
6276 12961
7425 7427
942 943
11963 11966
12359 12360
447 831
950 3908
591 592
317 1826
2180 2181
2595 3738
97 13234
226 585
81 320
1329 3335
132 4810
814 1939
5556 11775
886 983
13053 13054
807 13359
3930 6112
455 2907
1537 3788
2006 2007
2797 3387
1654 12563
665 1383
1763 5485
985 11741
1255 1257
591 593
4210 4211
24 9308
5781 6175
842 3062
271 868
42 809
480 4165
13 12488
2442 5643
62 63
3620 3621
2171 4307
1047 1048
46 1141
2761 4078
771 8790
978 7949
3497 3499
1765 1839
742 1269
1098 7563
1070 13217
2041 5985
1959 5049
1456 1457
13221 13223
1654 6666
765 766
428 3114
12678 12679
13473 13474
2619 3442
1603 13331
201 3273
263 1066
2439 6375
226 4519
9163 9164
1543 12534
772 9400
12408 12409
1660 6648
2137 2205
941 12860
941 12879
13539 13540
1967 5161
6324 7701
3447 4781
124 967
12912 12921
719 2742
434 480
218 684
1892 3607
9163 9165
1743 1747
1638 6686
653 12641
933 4529
6935 6936
1425 9596
2341 2342
172 13208
1328 2452
6375 9855
434 517
942 13076
2477 7675
1542 13293
300 4057
553 12530
1 6801
13195 13196
3376 7150
12913 12919
229 729
61 112
270 271
12922 12923
11964 11967
317 12750
729 12611
2552 2646
13480 13483
1711 2803
5640 5642
45 2711
2120 6352
1654 13622
3159 7222
6382 11041
66 67
12844 12845
977 4732
87 754
481 2025
24 7416
1545 2790
218 12615
93 12929
2275 13320
6052 14325
2519 11028
13004 13587
382 583
1542 1543
24 270
2067 7277
12294 12295
1192 1850
320 1014
218 1385
91 92
7943 8584
3218 3221
6762 11985
7497 7498
8062 12700
2006 7708
125 468
2328 2332
929 1444
3333 3334
984 6355
6563 8561
469 470
215 1328
1385 5118
3497 3498
5405 12404
80 1313
1150 8562
54 975
270 2747
12772 13935
1706 4794
218 2650
2057 2059
288 1598
2536 2538
96 5072
3533 4663
12305 12306
3740 3741
7202 7203
3328 13537
12951 12952
10940 14325
3318 3319
4142 4143
14 60
590 592
913 13172
153 2881
5010 12276
149 573
886 3821
479 691
12569 13211
1611 10507
62 1861
11965 11966
412 419
1331 1333
424 1116
218 221
814 12688
1045 7949
127 9910
730 1545
730 2790
13167 13172
2120 2121
2367 3371
260 2208
730 12391
323 455
172 12994
38 1743
222 223
222 6122
2197 3319
557 12711
260 5621
96 1661
6266 9389
8881 8882
269 1141
242 5118
2498 10943
930 1444
165 166
2415 13310
269 12611
256 10448
1647 13216
288 13342
12749 12750
1045 4717
967 2058
73 1304
425 1118
955 1080
4481 6623
4882 9508
95 2503
6848 13604
809 2873
13341 13345
585 8859
730 2242
13106 13442
5591 9910
3232 3234
318 3484
12391 12516
3366 5749
5237 5238
1351 13213
223 5530
93 13352
2754 3750
4775 4776
1654 12637
40 1425
127 967
6848 12389
2768 14051
1955 3079
957 3558
573 12725
6580 12325
4875 4876
209 4644
868 12860
1320 3050
1745 1747
2619 13152
12913 12920
3346 6112
1478 2439
11965 11967
54 4061
3462 13313
12082 14290
269 728
3564 3566
3871 3872
229 728
913 7076
279 3427
207 7646
1838 1839
802 2499
889 891
46 1072
898 2171
179 539
54 221
2297 6666
13018 13020
209 1116
4739 4740
1531 2326
3062 11841
8258 8259
591 3069
5259 5260
174 175
1322 2680
4404 4405
795 796
6252 6253
1326 9598
955 1819
1027 13433
802 5050
3930 9057
237 791
9627 9629
5012 5014
1264 6801
1543 2626
54 13261
12275 12426
860 901
1413 3782
1378 1379
3231 4395
1132 12284
4946 4947
691 3904
1968 3069
1396 12640
7563 9668
491 493
6115 9661
1173 3213
1455 1457
72 73
144 4665
382 602
152 11753
54 2803
698 1161
51 55
72 319
12908 12909
2608 7425
12071 12072
6006 9508
1354 2747
3699 6299
7563 13943
492 815
3750 8612
26 3874
3639 11820
481 2797
1807 12978
6551 7943
772 9401
317 4607
592 3069
152 958
1821 3131
1861 5987
900 1414
91 985
420 3328
37 5150
976 4731
12631 12754
553 2503
1291 1959
985 2120
2357 2359
1107 1818
1545 14137
9660 9662
3533 8783
5371 5372
1397 12296
12692 12693
3930 4106
300 958
81 83
13483 13484
12746 12747
931 3482
1529 1530
13004 13588
13510 13511
12967 12968
1076 2275
2041 5965
489 12346
46 3604
260 665
480 3744
859 901
12360 12362
1993 1994
2647 2649
13526 13529
36 37
1867 14479
776 2066
93 985
6234 9555
13519 13520
54 2172
5610 5611
12729 13298
218 2646
5815 5816
543 4629
1126 1127
4607 9081
618 619
12082 12749
140 141
1652 1653
1304 12330
1863 1867
2720 2721
288 13340
551 13314
5754 5757
395 1861
54 6621
13 297
2946 2947
13380 13382
450 577
1969 1970
12489 12761
83 13046
2057 2748
466 4626
2057 13163
2331 2332
1754 1755
407 5085
1545 10900
10549 10550
447 730
2738 13425
2567 5350
895 897
1321 1322
4875 4877
73 2474
591 729
585 4607
4138 4140
270 11957
308 13492
1300 2621
2773 2882
12389 12390
2643 2644
2350 10447
492 814
809 2242
1543 14137
11964 11965
1537 2594
12535 12536
99 7674
666 1383
3333 3335
1098 4436
1660 1661
4917 12093
416 434
913 4294
1399 6686
1706 5902
127 934
951 12559
1886 12457
479 1425
2274 2275
1213 6840
3538 5014
3493 3494
12378 12379
270 4154
9161 9162
6396 6397
3402 3403
1475 7259
4294 13171
270 5196
6781 6782
148 3925
43 13224
2007 6696
220 502
260 1150
12726 12727
1034 1319
2057 2754
2186 2189
718 3273
3528 4139
231 1867
1547 1549
1543 12479
83 13047
1097 1098
71 5350
397 3348
2161 10312
1966 7083
2025 13821
578 5612
201 4663
1456 7813
12686 13570
13106 13108
10831 10832
12412 12515
2004 12474
2862 2863
626 12711
6 13359
2783 2784
468 709
260 1116
802 2136
209 211
12650 12651
1618 7277
1543 10022
492 496
3290 13610
1213 9026
96 12887
7367 8036
3152 3154
1181 2992
11705 11707
1543 1544
729 1617
809 4089
1545 3638
2747 12697
959 2658
1478 9855
99 420
13541 13542
80 12487
13080 13081
1820 11114
2754 7135
775 776
8552 8553
13360 13361
10376 10378
3558 12512
9627 9628
12484 12485
412 420
2029 10749
46 497
13197 13229
2003 5427
5167 12765
829 1129
913 13171
1308 2297
468 10177
263 5013
1318 4165
4308 6279
490 12706
13446 13447
7687 9543
3936 3942
2439 3194
624 729
6365 12674
424 13678
1291 4089
1023 1024
653 12640
54 4086
12301 13415
12606 12607
553 12287
72 3482
317 590
2242 2873
887 927
1385 4663
53 2803
46 3836
931 7480
111 2021
54 13617
2799 7943
12751 14290
2591 10550
866 7125
11963 11964
3111 13386
941 12880
172 4395
71 1457
1413 5987
829 4929
1900 1901
147 2013
46 866
13339 13341
226 10561
13339 13345
1558 6175
730 1353
890 1444
5843 5845
13168 13170
3788 6840
582 13549
1647 12723
578 860
759 13021
1214 13065
5641 5642
3277 3787
38 202
13598 13599
914 3354
557 626
1377 1380
13054 13206
4139 9400
363 12950
13339 13344
13058 13237
19 6334
158 12287
8384 8385
179 1706
323 557
2057 7496
54 5208
1759 11976
605 807
6329 6331
1867 8164
172 901
8948 10591
1901 12765
1073 2655
492 494
241 11021
6137 12595
220 12818
2737 13185
795 1598
5167 12768
3116 3117
10027 10028
2326 2330
1326 9599
2172 7790
158 3376
1829 1830
745 12391
12757 13000
12308 12309
1424 1771
201 6674
395 808
397 1540
1343 9081
13338 13339
1017 13989
1464 8420
12359 12361
1391 1393
809 2233
502 5611
2160 9401
43 13219
2417 12273
12916 12922
1392 1393
62 395
1603 8724
42 4605
12769 12771
894 896
951 12561
1713 3436
7685 7687
480 3743
729 12602
270 5208
549 550
691 693
217 219
126 226
5087 11912
213 2471
2435 13293
61 1298
2063 13256
1696 10541
1712 9586
9129 9130
12795 12796
549 551
581 13106
270 2058
13 2242
1141 1484
1592 1735
3968 3969
147 3925
218 407
812 8135
2676 4533
4308 11636
1944 3493
250 572
745 12968
7687 7688
12286 12473
4375 7033
2754 13373
124 126
172 809
211 4019
1098 9668
412 422
13526 13530
1300 13228
67 68
4839 4840
588 13248
6405 6406
2411 12782
8121 13061
8316 8317
4605 7407
1014 5445
8984 8985
1892 10507
1107 1108
4780 4781
138 4882
1750 2742
2327 2331
13654 13655
929 12956
1531 9131
802 5169
3265 3269
473 492
269 1150
323 831
6397 6399
8321 8322
2020 6574
1301 3442
41 287
493 496
305 307
1035 1036
12474 12475
83 13553
13167 13169
51 898
762 13679
10281 10282
12417 12418
2029 10751
1211 12982
4357 4358
479 6770
582 13522
1746 1747
4294 13172
1540 3346
96 269
3291 3292
2799 3387
967 2196
6334 11132
12649 12650
152 168
1616 1618
7416 9308
1741 1742
4941 6848
231 2439
1920 2223
263 5014
5427 13394
455 2868
173 174
1892 3262
4140 4735
2393 7366
842 11841
1022 12757
47 1383
2644 2646
256 10447
152 351
931 4607
13616 13617
37 1511
5427 12804
2600 2601
3493 7729
634 3528
1713 10749
3231 10334
363 12442
270 6439
4294 13168
308 309
12775 12779
68 2731
37 168
975 14124
6395 6398
929 12891
866 7869
6334 8986
1959 2137
4359 4363
2315 13269
1977 4202
1967 4218
976 977
1751 6564
6066 8480
3825 3826
1173 9572
6279 11637
13 983
14479 14480
12082 12748
2596 2597
1047 13352
12341 12342
6762 11986
218 12465
12477 12478
591 9596
6307 6308
517 2025
3558 6276
1862 5867
1618 2632
582 12542
11753 12298
4882 9507
270 13375
2063 5743
165 168
3447 4780
1381 3542
479 1320
6437 6438
13549 13550
13526 13528
12690 12692
62 8150
12308 13544
1765 3806
451 2091
5427 12475
1313 12487
3152 3153
8618 8619
929 2445
506 12682
5038 5039
1478 6374
505 2625
13 859
451 4089
2171 2637
489 490
12690 12693
447 2653
13442 13443
8947 10592
650 2839
1161 1211
40 382
592 1967
9159 9166
151 8231
3750 3989
814 13417
481 5965
127 10177
503 1356
12679 13555
1883 1884
4681 6751
1545 6287
899 1395
4784 4785
420 422
11314 11315
3824 3825
798 1873
5138 5139
3114 4821
395 577
479 1309
424 1076
1098 6308
967 13188
63 111
2488 8673
1682 3194
53 12466
135 2623
5558 12794
2357 2979
3301 12688
12918 12921
578 874
424 13093
602 13266
481 6564
54 4663
43 13223
12274 12275
1464 13223
1 7412
1543 2001
5205 5206
5427 12474
555 13959
13338 13344
796 3226
1543 4461
1389 1393
1436 1437
12748 12751
6324 13492
6234 9556
13 886
132 385
1522 1525
3829 6265
2020 5619
1782 12694
12732 13024
938 9678
2358 2359
881 9268
1385 13108
13038 13039
5843 13494
581 13108
270 12860
1901 5167
5377 6628
12644 12680
4240 4243
582 13106
12766 12770
363 12549
3131 3132
489 2079
3403 3404
124 125
2079 3427
12960 13033
1301 2619
494 1939
5049 8213
37 12451
1863 14479
317 726
13100 13101
231 14480
218 7790
1133 1134
2023 2623
9266 14139
1751 1941
942 13077
13514 13515
43 13221
6611 6613
7293 12802
153 765
9370 9371
173 489
12276 12279
217 1226
1853 12740
13581 13582
12308 12687
1654 13621
1455 1456
1651 1653
1636 13369
54 5741
1743 1746
5556 11777
730 14079
580 13107
1633 11317
668 1654
1592 3232
172 551
269 1309
2965 5055
4113 5662
2604 2608
202 12664
1318 1563
745 4156
1531 3874
231 3050
494 815
125 13188
382 12780
865 13012
962 963
1242 1243
3939 3941
1161 1256
39 40
13171 13172
12751 14289
12911 12912
12306 12308
3538 9587
2012 2013
1977 4200
37 2235
10941 10942
60 2021
9154 9155
2567 4726
577 13315
730 1747
2309 2311
1711 2755
14444 14445
551 13285
260 420
3543 4481
3036 3037
2041 8948
1419 1751
270 4086
62 1192
776 2335
12287 12616
54 218
2645 2646
2675 4533
2283 12645
5755 12569
99 4054
2503 5045
1808 12978
314 316
999 1001
13526 13531
543 9049
13482 13484
37 1738
1328 13539
1771 6840
218 12538
3750 6439
6339 11997
1097 9668
2844 3543
132 4562
45 269
1468 12846
4918 12092
480 6545
2543 3514
2417 12425
955 4293
582 5118
1531 2332
222 5530
2442 5640
900 9586
774 13015
2594 2595
1132 1134
5655 5656
2242 4156
434 2025
778 2335
8150 12315
929 7314
592 1968
9641 9642
12918 12922
2759 2761
209 14479
2625 9678
3442 13102
3896 5787
12925 12927
1374 13015
54 407
13454 13455
5814 5816
2748 7496
803 2136
3969 3970
985 8464
96 99
555 13921
866 6685
207 211
2585 2586
8947 10593
941 12795
1867 8835
1955 2631
1438 1440
2350 10448
395 1851
5645 12419
1260 3640
8164 8837
1161 1255
6 809
218 502
4276 4277
47 407
6266 9390
7182 7183
498 500
452 626
12293 12402
2393 5866
1161 2062
446 12515
1725 1726
4294 12869
1173 6993
13393 13512
480 1617
97 99
13221 13483
1354 13043
19 2388
159 506
93 4663
479 729
1080 1543
201 13352
12765 12770
2178 2181
37 745
730 9625
3538 9588
13222 13224
153 165
172 1161
9160 9165
263 3370
829 4461
4664 4665
12823 12825
3483 7480
2197 3318
1256 1257
8020 10541
3220 3222
2945 2947
10 6114
13580 13581
743 13441
54 7102
801 13633
1647 2411
1351 12928
804 1618
1385 3750
360 363
2060 3170
730 745
209 8538
715 12960
4622 6096
1161 13359
7315 7316
1682 3192
1955 3082
934 4529
2025 3041
2866 2867
832 2984
4286 4288
2013 13251
12775 12776
2643 2646
4665 6297
13 1625
2066 10859
4011 4083
12943 12944
96 866
655 1423
2417 12275
1220 3896
763 9268
3938 3940
8730 8731
7312 9596
1269 4226
6251 13652
684 12631
457 2520
172 2091
1270 13441
480 2475
12674 12675
13201 13202
8110 8111
580 13618
1545 3639
418 8685
985 6137
62 4138
153 1175
12543 12544
811 813
339 12483
323 448
159 12613
1617 7276
5295 5296
1957 2650
12413 12415
12891 12956
2782 2784
9730 9731
1173 2027
270 2748
1399 13440
2607 7428
94 12642
1711 9278
54 898
317 12748
19 11133
2748 7135
60 61
1633 9532
4308 11637
1228 12392
6088 6606
12412 12413
3687 12204
201 13119
13 1626
1098 6307
96 260
12587 12588
1316 12138
543 3604
269 1949
468 934
12425 12470
4246 4946
1022 13000
1377 1381
3159 3160
13 730
1680 1681
5996 12346
1820 1821
730 12760
12919 12923
12287 12530
2873 4089
892 896
209 958
13060 13061
46 1484
1542 2275
10550 10551
4154 7032
4881 4883
591 13944
260 9531
1165 12518
683 9644
1241 1628
494 496
317 591
83 5445
54 782
684 12542
1161 2479
730 12451
7686 7688
152 1347
938 13359
729 12317
4286 4287
73 1080
149 11127
6114 6115
581 582
539 1549
412 417
866 929
487 488
1076 2475
1735 3233
1398 12297
493 3967
2310 5092
13393 13511
3797 8176
4395 6268
68 4395
12577 12772
1537 9026
1045 3632
1540 3348
26 1531
137 138
12295 12296
492 13417
61 1192
229 2437
217 4663
1207 1210
3103 10949
201 502
13528 13531
4405 4408
298 7459
804 4479
812 8134
4407 4408
61 63
849 850
177 12628
4607 7480
290 13341
12920 12922
1210 1346
11635 11637
12912 12916
1343 13272
46 865
10749 10750
449 831
5498 13921
3527 9755
451 3284
45 665
12824 12826
4405 4407
54 2577
12920 12924
1543 13173
985 3273
3836 3838
3793 3794
297 3821
3750 11957
950 953
2417 12274
8876 8878
835 836
19 21
1865 1866
1743 12392
3053 5547
12882 12883
718 985
93 8783
480 1618
209 1867
479 12459
2621 3442
955 1933
1597 7685
12391 12392
1128 1173
12939 12940
4663 4664
298 13435
13434 13435
135 174
6066 14431
557 6364
1399 2801
270 2059
13083 13278
1141 2223
2857 4752
3930 9058
270 11997
1425 6551
13338 13342
8121 13060
5484 5485
424 1141
1383 1442
5114 5115
1362 2210
492 12673
1161 3041
468 933
13247 13248
2650 12542
4946 4948
9154 9157
125 709
12344 12345
848 850
865 1513
12341 12483
12768 12770
2137 5048
4607 7407
543 12881
730 6287
242 1385
7517 14268
900 12975
290 13340
2028 2030
4501 5040
10560 10561
795 10447
9781 9782
1076 12788
2262 2263
13219 13220
5055 6606
726 4607
3266 13206
5159 5161
3482 3483
8062 12699
1474 1755
2477 7674
51 1708
50 12280
728 729
152 12301
1431 1432
9403 14142
317 2627
1901 12770
3221 3223
1618 6770
1545 2275
407 5084
99 7470
172 13315
3266 13053
1385 12818
66 641
766 2340
502 572
10709 13308
12539 12615
4737 4738
5529 5530
585 4391
4821 4822
62 1862
584 13289
4241 4244
61 1413
12308 13570
1080 10358
1651 1652
10071 10073
695 1684
6564 8561
13555 13556
1647 5591
263 3538
1351 1353
432 955
351 13253
580 1385
4663 5790
12343 12344
582 1957
218 7791
442 443
46 3744
506 507
100 1923
1108 1771
1713 1714
2881 2882
2180 2182
13380 13381
5642 5643
2315 13271
5619 5620
38 1738
9162 9164
5010 12277
729 6551
1763 5486
551 13142
1385 5741
462 464
5010 5011
1203 4089
1682 4467
2870 13282
829 1543
929 7313
288 2350
452 3284
1271 13441
5480 5481
4876 4877
46 96
159 212
1097 7563
13161 13163
2674 4533
634 11591
12744 12950
938 1862
462 3426
6613 12560
2323 2324
1318 1606
4359 4361
9159 9164
4531 4532
13115 13209
624 728
3266 3269
467 8422
6455 6456
235 236
517 13183
37 12788
4408 4409
730 12524
665 2208
12919 12920
218 5118
1738 1743
481 8737
12842 12843
577 859
62 2251
3876 13135
12414 12416
6823 6824
297 323
12413 12416
1652 1654
1592 3234
775 777
7943 9596
6686 6751
1617 2632
1211 8221
4142 4144
12917 12919
888 1530
633 2367
958 1358
985 12379
1291 1359
745 12967
5756 5757
1475 1754
179 538
2242 3821
1563 9789
260 5160
80 8433
1866 14480
179 2135
3482 4607
2644 2645
397 578
2599 2600
279 489
112 3128
2179 2182
12833 12835
955 12624
479 497
481 1948
98 100
94 12643
14139 14141
684 12606
1957 5118
1545 14079
13265 13294
4294 13167
201 1115
12070 12072
202 1738
3498 3499
12914 12920
37 2394
418 13166
12745 12747
423 945
1558 5781
1076 2235
251 583
6674 13377
13220 13223
799 1874
1474 1756
3945 8384
2441 5640
3572 9412
13106 13443
2798 2799
866 1141
467 13374
37 12664
889 7314
54 633
12883 12884
123 552
218 3750
5830 8540
890 1758
1827 3576
777 778
54 55
51 52
1944 7729
2007 7708
297 4246
865 1350
1192 2021
5504 13867
290 2350
7561 7563
4407 4409
6 5741
7365 7366
1046 1048
893 897
370 1586
665 1181
73 829
10549 10551
1213 2595
684 12455
214 759
13341 13343
1892 7613
796 2350
1735 3232
83 13048
8317 8318
218 4940
24 7497
13076 13077
941 4346
5919 6545
8697 8699
153 167
12801 12802
729 12318
682 1045
1850 1862
1626 3515
1704 3750
7011 12800
768 769
4820 4821
1656 12725
12081 12483
24 5268
124 8134
270 4834
489 2869
5083 5084
3081 3082
2420 10308
270 7135
745 13327
38 476
2028 2029
890 3160
1436 1440
9038 9039
943 4748
653 1396
652 8316
96 12957
212 730
3219 3222
12914 12919
172 5150
13225 13226
479 1606
468 4528
260 1362
1543 13157
146 5480
12690 12691
6350 9795
2348 3396
84 557
2441 8879
6 166
7613 7614
13335 13337
479 11521
2179 2181
502 4031
127 5591
6006 9509
9162 9165
1659 1660
3528 4140
2196 12530
795 10448
12584 12763
1008 1009
481 1621
2754 7416
58 59
173 12706
582 13108
220 4663
13852 13854
60 397
6307 10271
339 12342
505 2062
1150 5965
13339 13342
1861 1862
4940 13416
13281 13282
446 12412
1765 5485
577 901
159 12682
684 5073
480 691
6066 14430
135 173
172 861
4582 12894
288 13345
468 4530
1370 10506
37 1638
3040 3041
5044 5045
12945 12946
12359 12362
4246 4948
3563 3564
158 8605
573 1656
8947 10591
1315 1316
173 4204
1385 1711
976 14124
865 929
2870 13281
1543 14079
1131 1132
1955 3080
1376 5621
2965 6606
172 3284
12490 12761
394 551
290 13345
4321 5475
68 6268
90 979
12408 13557
684 2437
54 502
12990 12991
1543 11819
1892 2196
54 6623
8835 8836
8880 8883
1322 2679
807 809
4243 4244
791 794
2013 13250
1791 1792
260 479
2647 2650
7674 7675
1353 9625
123 12382
9016 9018
12778 12779
71 3999
13 323
1359 1360
3213 9572
60 1413
12424 12426
543 684
2623 12763
691 1027
6993 9572
412 2675
1097 1344
382 12781
1537 6840
898 4989
5984 5986
729 1318
218 4663
748 3636
12689 12692
1034 3904
499 500
172 4526
6395 6399
447 1654
2417 12426
502 2172
2205 2807
479 5821
6287 10900
298 1792
13411 13873
2351 8745
1046 1047
492 2242
7135 7496
3634 3637
2623 7938
6848 12286
1309 7614
270 273
4099 11939
1967 1968
969 970
691 1034
765 12626
4138 4735
481 1949
152 5866
9775 9776
834 5679
778 2066
474 14051
72 7407
2275 14137
2760 9909
2179 2180
1545 13320
12912 12923
842 939
4481 8158
351 13491
11985 11986
8316 8318
8111 8112
252 382
5849 7428
1765 6299
9297 12098
6265 9389
4240 4242
63 423
43 13222
2020 5055
605 2822
929 930
9400 9401
10 6115
8604 13121
2067 2632
9583 9585
218 1356
1543 5925
12141 12415
1807 12707
2135 4083
956 4378
13 448
13204 13205
13078 13081
2441 13012
45 1383
4927 13565
61 1731
12705 12706
1959 2205
693 12799
131 5259
46 479
2007 7709
6848 12643
172 451
1706 2135
1572 3454
1141 6685
4152 4156
209 1865
112 1768
48 260
620 803
221 502
1390 4215
6082 6083
2637 3750
6564 8562
3114 3117
12663 12664
95 553
782 3543
5556 11502
12875 12878
1904 6648
4671 4672
13244 13245
492 985
4296 6146
4645 4646
1385 4061
580 582
169 1034
3482 3484
12441 12442
319 3484
1291 1360
149 1240
668 1203
297 12488
60 395
1141 7125
3168 3169
127 1648
3797 8177
62 111
2058 12697
1375 13016
4290 10421
2041 6564
13338 13343
12926 12927
772 773
624 12316
726 727
2275 4240
317 1911
12672 12673
468 4529
9730 11965
2196 7613
269 804
1316 12139
12940 12941
617 1876
985 12377
1350 12881
503 1115
38 1746
505 9678
866 2909
1649 5523
7293 12803
804 1616
54 1383
153 2882
94 95
7495 7496
13 11317
2580 2581
3276 3277
3767 12788
1385 3957
2402 3826
1370 13284
9642 9643
1863 14480
1682 3193
1545 2001
491 494
1905 1906
13678 13679
914 5751
952 953
668 3037
2025 3040
1299 1300
2555 10028
984 3454
316 317
218 13416
339 2964
1263 1264
551 4106
5396 10593
2224 2225
4406 4408
1522 1524
893 895
865 4515
13121 13123
12303 13043
2695 2696
54 1356
713 12659
543 1500
888 12998
1974 4409
2648 2650
799 13890
1618 7276
3348 5612
4501 5039
890 12956
494 3967
582 13442
72 9724
2614 6406
96 1807
54 4307
985 6353
985 2122
5781 6174
62 1851
149 12860
83 13067
2761 9183
199 1225
1751 7316
866 1076
8316 8319
166 1616
447 448
9266 14141
1939 13417
62 12569
653 12406
583 1876
317 7076
270 4836
3514 7008
5679 8390
1954 2631
1808 12707
862 13207
97 98
12307 12309
12892 12893
4078 9183
13979 13980
13853 13854
307 309
47 683
363 12609
1824 12352
12336 12515
290 13343
96 5504
105 5427
214 3396
10620 13989
2007 9728
1633 4240
220 2172
1380 3493
585 967
46 218
96 12707
1968 10303
1765 5484
1909 2149
598 599
279 404
775 778
3139 8909
159 12612
3904 9137
13609 13610
222 2623
10943 10944
317 12751
223 12446
8835 8837
3750 11997
5115 12314
12966 13661
1152 1154
12070 12071
9729 9731
3154 4078
3925 12449
88 12904
1474 13379
1019 5700
12516 12517
1072 1073
3262 3263
260 1611
1621 2025
1395 4989
4256 4257
481 3050
12294 12297
8796 8797
8984 8986
12990 12992
62 1558
581 1385
270 6338
13289 13290
37 1747
12917 12921
220 221
271 3750
12609 12950
6005 6006
13162 13288
13378 13379
1436 1439
2041 10592
795 2833
9159 9165
10483 12379
1854 12740
2060 2061
730 887
1751 4946
13078 13080
62 1027
407 2442
13015 13017
711 2009
1072 7125
3350 8697
270 7032
9159 9163
1045 2727
3744 4166
9612 12793
46 7125
9628 9629
1863 1866
4840 8849
1386 1387
68 8731
3823 3824
61 1862
3334 3335
5372 14270
2283 8463
12441 13476
153 1016
1484 1661
492 8464
60 62
6052 10940
10447 10448
543 2223
4295 9114
1356 2171
630 13278
3114 3116
7011 12803
2072 13124
3750 8611
13533 13534
1543 3714
62 1298
93 4294
13274 13275
62 112
12370 12371
1354 12697
407 683
12490 12762
1884 1885
270 6339
10592 10593
886 887
1419 3995
1808 12977
317 2161
976 4732
955 977
985 6352
802 803
1611 3607
12914 12921
7708 7709
458 2521
13200 13202
1548 1912
13526 13527
12915 12917
13094 13095
4113 7686
1457 1458
447 3375
5983 5985
2841 12330
684 1150
7083 10540
683 3340
68 641
3609 12275
386 387
1625 1626
1545 1941
1589 1591
742 743
1390 1393
12912 12914
930 9873
1005 1006
1545 13293
201 4622
218 2172
12303 13044
2235 12392
270 868
2020 5620
866 2445
12917 12920
12700 12702
804 7943
448 12488
12639 13080
12306 12309
3767 3776
4881 4882
5983 5986
37 12517
864 1146
12285 12287
127 470
2057 2746
2388 11132
1633 2273
492 12672
1076 13146
125 126
1302 11521
803 2137
4404 4408
13058 13059
10506 10507
45 866
698 2479
457 8891
288 940
1590 1591
1531 2331
1191 5912
840 13094
10518 13124
12473 12530
96 1484
419 6099
543 3605
413 414
2329 2330
938 5150
3741 3742
242 582
1240 7496
90 2439
1396 12641
288 13339
66 68
913 13168
12392 12411
9161 9163
10453 12694
991 992
9781 9783
2223 12841
1379 1380
12412 12415
665 2711
2172 4031
572 4031
11108 11109
3563 3566
14232 14233
166 167
127 468
1328 12890
913 9152
711 12796
929 13012
260 2210
6066 8479
1360 1361
809 5150
2007 4616
1532 1534
4242 4243
61 395
5754 5758
229 230
6461 14378
3538 9589
1080 12847
2417 12284
1755 1756
955 956
7531 7532
2058 2746
3319 3320
19 8984
2604 7428
933 4530
4629 5621
153 168
1901 12768
4139 9401
273 298
12913 12915
12539 12542
590 591
2747 5121
1957 5119
5892 5893
2960 2961
2275 13173
12368 12369
3217 3219
1286 13294
385 386
2999 8789
13978 13980
3290 13609
4296 6145
3869 4663
1344 7563
774 1374
578 859
122 123
220 4031
1654 2653
4154 7033
12915 12921
202 730
4672 4673
2411 12723
11770 13475
1390 1392
620 621
1351 1352
804 1617
452 4089
6 1617
978 1045
1228 1738
236 1992
13530 13531
829 12321
2402 3825
492 12453
260 424
1388 4807
551 6112
220 503
1751 2275
96 1923
12777 12779
159 7432
172 422
4242 12479
298 13434
938 1161
955 976
1308 1441
12750 12751
5396 8947
1611 11032
494 2341
9057 9058
1826 12352
1376 10514
135 2060
3080 3081
9730 11963
7293 12800
269 481
218 242
8618 8621
975 6769
13559 13560
218 1957
99 13217
2041 8947
13124 13209
760 2471
7486 7487
2737 2738
3387 4166
12092 12093
434 1292
6334 11131
8604 13123
2011 12542
4776 10833
491 496
807 1211
652 8318
220 572
952 954
54 3189
2099 13892
942 944
1531 1532
457 13252
829 1304
2091 3284
3821 9625
2608 7427
467 957
553 12819
1546 4011
480 804
842 11842
12944 12946
480 975
6334 8984
2340 2558
2805 2844
5783 10475
473 1613
71 4726
1021 1022
1533 1534
13166 13319
1683 4467
975 1617
543 958
6 1161
72 1911
252 12486
898 1708
338 2964
1970 8825
1380 7729
9266 9403
5038 5040
1592 1594
666 12866
479 3050
1302 6551
3396 12111
12433 12434
12914 12922
2357 2358
269 866
2857 4943
6502 11966
8879 8883
220 5610
92 6137
3558 12963
2063 5558
229 269
12542 12615
480 5919
1901 1902
12913 12918
13132 13133
2275 12721
2041 6299
580 13108
6115 9662
891 12956
1439 1440
1356 1967
52 1712
944 4748
9588 9589
3750 4086
132 1017
93 4665
2007 9727
217 220
624 12317
938 2625
9040 9041
4290 13221
1616 1617
2058 13043
1066 3114
492 2341
252 12780
831 12488
217 2637
408 958
351 13490
1370 1892
6433 12521
13249 13251
7569 7570
1150 6564
446 3558
12082 12750
8349 13636
1391 1392
3937 3940
1969 9040
4086 5208
479 9596
557 3655
3465 3466
12277 12279
2011 5073
90 9855
12914 12923
2079 3426
217 1356
1192 1851
12275 12425
111 1861
1765 5486
3828 12611
480 1765
898 899
2274 2789
1558 6174
100 5504
9584 9585
1413 1861
7473 12633
2072 13115
13480 13481
592 4218
1042 2060
80 208
3113 3117
4501 5038
1474 7260
61 3782
269 4689
2223 12881
12277 12278
13288 13290
4290 13480
300 1350
2020 2022
5485 5486
210 4018
5049 5050
807 1161
1821 3130
900 1108
12757 13243
1704 12946
1117 1647
1923 13866
54 13616
2204 2205
172 862
3936 3938
1387 1388
4776 10832
80 12494
14 62
5427 13395
1229 4622
2041 3699
139 142
12316 12318
8836 8837
11591 13132
711 2404
4917 4918
68 10334
6502 11963
665 1369
3219 3223
866 12626
2283 2284
591 1425
3750 4307
10831 10833
5268 7416
693 4290
2196 12286
1072 1141
913 13167
72 3484
54 2756
2477 7470
2315 13270
1464 13224
1240 1732
2637 6254
73 4929
730 12729
1970 9040
6245 13652
12814 12815
12876 12878
1763 1839
71 73
73 153
221 4031
1076 12411
2731 4395
1613 13166
900 1712
955 1806
42 3482
481 976
4663 4665
1544 1545
434 1621
4061 4297
153 351
169 4297
934 1647
12286 12287
298 3750
1470 1471
4917 13284
14139 14142
891 1441
318 319
279 12562
1704 12943
37 4927
2759 2760
262 486
11705 11706
2004 12475
12280 12281
4625 9027
135 12706
2760 2761
1432 2664
3111 13256
9161 9166
901 13115
4626 4627
12438 12439
5558 13049
12424 12425
1066 3370
3290 3291
96 978
6686 7255
8605 12287
5050 5169
451 452
1939 12688
866 1142
269 420
298 9559
12908 12910
730 12392
96 9268
3213 6823
958 2658
1484 1659
5084 5085
742 8422
201 1047
3346 4106
1966 14161
3265 3267
1389 4215
19 8986
66 69
370 372
2006 9727
730 12410
42 7408
5593 7700
1208 1346
1767 4297
1203 1291
6 1618
13227 13228
748 3634
73 12321
9582 9585
418 13319
1706 4083
360 12549
1300 2619
8619 8620
270 3750
6543 6794
105 2004
209 3828
729 7312
53 1711
13073 13074
1970 9755
112 913
3350 8698
45 729
3348 5682
2029 10748
138 3337
1080 2740
2275 3714
53 12465
8176 8177
462 12742
229 12611
2029 3437
2650 12538
557 3656
481 977
46 408
12588 12589
270 7416
222 224
13005 13007
12415 12416
6330 6331
61 2021
12463 12506
220 1385
12911 12917
742 1271
54 9278
1271 8422
653 12405
1027 1034
2394 6324
3275 3787
12776 12779
3836 3837
543 1141
7707 7708
201 1229
719 4822
432 618
9474 9475
12141 12416
866 6340
207 4644
900 4989
2248 3103
4290 13482
13074 13075
481 14124
12322 12323
3437 10750
457 5691
7427 14062
3533 4664
269 12602
3402 3404
605 1771
12916 12918
4290 13484
3346 3348
4395 10334
3437 10748
1116 2149
408 2658
12301 12302
373 1683
317 12448
1328 4565
7293 12801
5030 5031
1378 3494
12273 12275
13169 13172
14 1360
99 260
3746 3747
3968 3970
1765 3699
148 13410
480 3050
468 469
730 4927
553 12805
934 4530
684 13370
1173 11461
7011 7293
7426 7427
53 1385
1328 13541
3346 9058
12598 13524
684 3425
3221 3222
1647 1648
508 4057
1150 3387
665 12866
4500 5853
3168 3170
4663 6298
7420 7421
9508 9509
13170 13171
8618 8620
12141 12412
407 3605
2760 7251
12912 12917
765 9268
1735 1736
297 983
6551 9056
1704 2057
3528 4138
4546 4547
100 12957
80 557
1374 12979
12765 12771
11963 11967
1385 2171
1425 7943
13978 13979
4290 13481
865 1141
634 4140
2357 4988
2350 2834
96 13390
2022 6606
290 13342
451 4321
1531 1533
13381 13382
934 4528
2205 5050
48 1513
1389 1392
111 1862
13340 13343
13066 13067
743 1270
317 727
1127 3750
892 893
2186 2188
13 3515
5741 8158
223 14484
260 1308
1174 1175
3945 8383
12559 12560
830 831
5687 5688
12424 12427
1763 5484
5011 12279
218 633
683 13012
4059 4918
6308 10271
231 6375
2798 3387
36 1746
2637 4307
4166 4357
1385 2637
83 1214
12306 12307
3776 12788
1353 3821
1141 5232
873 876
955 2169
1499 5666
3483 3484
424 1909
1141 4515
270 5268
6563 8562
4083 5902
290 795
4265 10514
9398 9399
54 1385
1779 1780
4671 4673
4226 4227
148 748
12506 12733
13338 13345
804 6769
72 318
3635 3637
370 371
1356 4663
581 13107
799 1873
630 13083
447 830
1475 1755
12800 12801
442 444
1220 1221
12700 12701
93 1047
112 550
7735 9794
1545 3714
3037 5094
1000 1001
3558 12961
46 424
432 13436
100 9644
1352 1353
373 1730
267 268
1945 8561
12528 12529
811 14268
1673 1675
1589 1590
12761 12762
38 1747
6137 13292
12917 12922
12276 12277
13480 13484
1300 3442
3935 5039
543 13093
260 1309
492 1939
446 12535
943 944
553 2748
776 778
2972 2973
1304 13084
6265 12685
39 2347
888 1529
941 1240
1384 1385
492 4156
1353 13300
12997 12999
479 12460
1939 12687
3935 5038
54 899
149 441
2013 13249
1711 4589
1766 5680
411 412
2801 7821
539 2839
551 3930
6398 6399
7289 7293
1731 2210
829 2474
99 269
4290 13483
5555 11776
1549 9597
543 5084
10748 10750
6695 6696
4240 4244
12748 14289
270 7033
985 13376
1286 2057
1899 1900
152 260
2161 2388
13133 13297
2768 4057
13370 13371
480 1034
4481 6621
489 3426
3169 3465
4834 4836
3346 3347
3266 3268
2674 2676
1765 1838
859 860
81 5445
10421 13205
1633 2242
749 750
695 696
12909 12910
2748 12819
11753 12722
12696 12697
8948 10592
936 937
10750 10751
8479 8480
1398 12296
300 1349
1992 1995
2007 7707
3558 12511
2555 2556
466 1520
479 1319
62 1413
5408 5409
1182 1183
1704 12945
2438 12352
838 13713
3941 3942
557 2907
9389 9390
9160 9162
1733 1734
1955 3081
3925 12450
12503 12504
9160 9166
6563 6564
3823 3825
207 250
958 13006
1500 9049
588 13247
4138 4141
1523 1524
382 13025
13326 13327
12369 12370
4481 6622
796 1598
1959 8213
2022 2966
3572 9411
3103 5374
3139 8910
8259 8260
771 4942
713 12660
578 13124
12915 12922
166 1617
93 3532
269 1045
11315 11316
1970 9041
12911 12918
474 2768
13163 13265
4529 4530
985 10483
2067 7276
424 9910
12844 12846
36 1745
279 3426
2754 8611
5662 9543
412 2676
1407 2567
13019 13020
591 1968
2799 7942
339 12340
2402 3824
899 4989
13597 13599
6551 9596
2032 2773
6066 13064
270 7459
2591 10551
12911 12913
5755 5757
13110 13111
4018 4019
3338 3339
2197 2199
730 12517
1047 4294
693 13404
217 6254
2327 2332
308 12503
2120 2122
2273 2274
861 901
8561 8562
1545 2626
1385 13106
5749 6365
2748 9279
179 9997
7949 12887
472 473
9587 13227
150 13402
578 13208
297 886
1521 1522
1431 2664
4834 4835
730 1543
12875 12877
