11345 11347
37 3615
9195 9200
6922 6923
272 3189
1549 8903
1211 2367
636 3848
11612 11616
5419 10497
1093 8073
7123 10277
734 4932
11780 11909
5649 7897
7372 7373
3202 10835
5584 5585
6085 6087
4866 9042
807 2822
9492 12174
2357 2836
416 7877
382 1426
6226 10968
6463 6467
9057 9092
4340 4341
5744 7326
1168 8960
5029 10996
1407 1848
1425 3615
8359 8361
1350 2437
8624 8626
1211 6267
6001 9281
8180 8181
11621 11626
3206 4866
632 11100
6916 9994
5512 5513
2223 8296
432 766
6934 10280
6916 9977
6604 6605
11623 11625
9147 9151
5777 7326
479 1425
4261 7541
107 6183
41 10267
382 2709
4093 9283
4546 4547
96 5072
2225 4350
6244 6251
11614 11620
4634 4635
3258 4848
715 12135
412 4533
2731 7242
224 724
10107 11607
269 2223
7865 7868
5732 10054
7635 7640
3239 3241
1150 4558
4608 4609
6282 11767
434 10090
5594 5595
8220 11175
1605 6475
4907 7883
1621 2916
11612 11618
3831 3833
10336 11807
11004 11005
8596 10170
8478 8680
3663 9107
6558 6559
7967 9761
1849 6401
4952 4956
7366 11208
9963 10068
9550 9552
11616 11627
3651 9257
1211 2539
1000 6576
9717 9718
1258 11296
9346 9350
6459 6463
6291 6292
6234 6235
9984 9985
11344 11347
4278 4281
2632 5581
4269 4271
9980 9981
4602 8596
5869 11616
809 3482
38 9801
5205 5206
9087 9088
4890 4892
5482 8138
8824 11071
7580 9338
1650 5254
9528 9529
54 55
5483 5528
6588 6960
591 11745
6229 6235
5440 5443
6032 6033
6449 6452
11610 11615
4555 4557
2004 10679
4424 4426
6309 11100
1660 11950
6100 6101
4166 9577
455 4976
6648 11950
1628 5356
7684 9578
287 5288
11344 11345
1650 7353
5141 5697
941 7865
394 1121
11284 11287
3250 4938
7332 7338
11613 11628
1081 1867
6195 6196
6756 6758
6513 6514
11154 11156
4026 4027
11615 11621
7123 9750
3279 10466
7949 9788
2702 5744
3016 6424
1881 10773
2828 3950
5224 9646
8477 9888
8025 8640
3856 6542
505 1291
3992 4310
6196 6197
9680 9682
1168 8169
10564 10565
1650 7354
4093 7226
1808 4232
127 468
5669 10331
11809 11811
8862 10295
120 8766
6895 12135
5196 10171
432 2488
1385 2577
3888 3889
4607 12085
809 7088
5219 8095
1692 7394
8247 8248
3744 6156
953 954
1710 2822
42 3483
7662 7664
507 11295
3389 6069
5696 5697
6949 6950
2009 4067
1027 4419
3246 4959
11599 11600
3888 6793
4174 11366
4915 7931
3804 6603
9601 9602
3583 8663
9427 9430
4486 4491
298 9559
1196 10682
6002 6004
711 7864
3861 3863
1861 10777
551 9429
8156 9193
10168 10170
8823 11071
5220 5527
218 4381
6394 7303
3278 4915
3017 6060
5793 9394
428 11071
54 4307
1706 4083
408 507
1045 1316
8283 8284
6125 7914
1599 5713
5343 5346
8823 8824
2917 4676
10679 11663
2797 5867
5562 11855
10680 11423
3505 7577
1072 1302
419 9141
4061 11951
1478 9855
592 1967
591 5160
8686 8687
4417 4418
3714 6001
1264 6895
508 4057
1953 12102
2814 3146
591 7335
8015 9141
172 452
5308 5312
8978 8979
83 10773
4229 4270
5952 12089
8824 11065
5593 7700
641 5215
684 1967
4358 9577
5553 5624
455 9518
10167 10170
4209 4210
1896 9149
3206 4812
422 5262
1724 6918
2340 2558
5075 5077
3533 7677
1027 1034
5223 5226
7236 8884
8942 8949
416 7882
11622 11629
2446 10497
11612 11629
782 10777
221 2172
466 1291
3155 8273
10419 11301
8680 8683
8023 8024
5877 6389
809 938
6194 6195
9991 9993
4546 8824
4290 8194
3205 5438
4308 4309
11620 11631
6063 8403
5650 5651
10627 11433
592 7785
7571 7572
4954 4955
9778 9779
451 7684
2737 4356
6241 6242
7122 9750
7593 7595
1034 4297
218 220
3057 6429
6093 6197
6682 9109
4665 4949
4635 4636
4079 4080
6155 11150
2314 13695
11609 11624
11610 11617
3915 10521
885 12115
6392 6394
720 9701
221 502
1263 6768
2857 4752
457 5691
3930 9092
4076 8084
9259 9260
9804 9808
4541 11415
5795 11585
543 866
2314 4016
2217 10410
4685 8650
684 9813
39 8030
6169 8788
1824 7949
6141 6150
317 2579
11469 11470
1431 1432
1353 6179
144 1579
172 7120
8770 8845
4821 4822
205 10930
2798 10091
6244 6249
10656 10657
5256 6357
684 4699
7236 8886
4904 7884
252 7009
7790 7791
1322 5422
2755 9279
6139 10925
2479 5745
8309 8310
6963 6964
6111 6112
68 3231
5935 5937
3620 3621
412 9016
9248 9304
3482 3484
887 1315
1746 1747
2917 8663
5462 5465
3278 7935
6713 6715
172 6516
4302 4303
8405 8406
5028 10993
11066 11068
2169 4496
4953 4956
8403 8405
5869 11625
452 4320
9403 9718
270 4086
9285 9286
807 874
11278 11279
4568 7891
4373 8296
6928 10491
6355 11305
5883 7894
573 6435
54 634
1360 1361
2225 5551
2798 5562
3057 7059
395 10521
2076 8266
5533 5534
8288 8290
83 3064
11422 11423
3064 9193
8677 8678
8297 8358
412 4132
10786 10787
6281 6283
1067 1117
11611 11632
3284 4321
12133 12149
20 4683
455 7733
7280 11700
636 2770
592 9968
3346 3930
6443 6446
2357 4988
4951 4952
10329 10330
809 2822
4626 4627
1639 11517
144 5574
1161 2062
5691 6366
9196 9197
9275 11313
481 2488
5146 5147
1912 4356
6798 9314
2918 8995
10787 10788
10647 10754
4542 4543
3529 4309
5312 5314
715 11609
4552 8900
2025 2026
9518 9519
428 927
8240 8241
6497 6498
551 11284
1724 8057
62 7198
1412 10932
2637 3750
715 11611
7172 7526
7877 7882
1240 7135
2289 9233
641 5262
8675 10080
96 4304
6916 9989
172 8169
7409 7411
11989 11990
4605 4606
5235 10925
7123 8569
9235 9236
11619 11634
252 5943
5414 5447
10355 10357
4101 6347
547 4056
3658 4523
2479 3454
5308 5311
8921 8922
4225 8347
1264 3284
78 4321
11946 11949
665 1383
7932 7944
1028 7994
8759 9303
9046 9047
209 958
5354 10678
3604 5624
199 949
8799 8800
9814 9815
3587 3588
3640 10402
6730 6754
1264 5262
1322 2917
3284 9701
1248 1942
7492 8941
507 1540
8900 8901
4387 4694
11942 11943
7123 10276
9236 9237
1633 2275
715 716
2172 4031
6586 7893
3380 3528
7864 7868
8569 10275
10036 10037
11487 11488
433 4628
47 1442
10411 10412
4699 11255
3374 10371
801 10969
144 808
9141 11493
5477 5478
6978 8139
5310 5314
5020 5021
3064 9192
7328 8395
9275 9717
1364 5489
6191 6195
6089 8034
2680 2918
4309 4310
8596 10167
1263 6767
4665 7157
5288 5558
3505 4685
4469 4470
9301 9304
5883 7892
4613 4837
1383 1442
888 7646
4180 4417
10295 10679
5293 9215
9835 9836
7806 7807
11711 11712
506 5612
9204 9209
729 1150
11903 11904
7777 9349
4217 4382
6033 6034
3842 4105
11511 11512
804 1425
408 9282
5337 5340
4498 9202
10473 10474
3646 5850
416 7879
6226 6228
5997 9246
7912 7913
4982 4984
933 4033
304 4249
5288 10481
7567 7568
10682 10685
1121 6196
5713 5715
1671 5425
1817 8638
7916 7920
7336 7340
2314 11458
3890 4015
6443 6444
1549 6817
72 3483
198 4632
1751 4947
10634 10636
10556 10557
1746 6439
5345 5347
4634 4636
3328 7860
6908 6909
8297 8298
3987 4492
9992 9994
7526 12174
11614 11633
11610 11629
9551 9554
2534 3273
2577 7102
6988 6989
7791 8694
840 3789
11771 11772
10970 10971
1911 4119
1191 12004
782 807
3614 5663
39 10916
633 6990
8309 8311
5339 6092
715 11613
8006 11285
5028 10987
6878 6894
6077 6982
10682 10683
6765 10912
6107 6108
6862 11077
5307 5308
11064 11068
38 1746
370 6409
4951 6851
107 11782
6675 6677
505 3250
7878 7881
3804 4033
8095 10675
10335 10338
6007 6029
5676 5677
6033 10872
2799 11907
4667 8781
2367 6220
2702 4808
5692 5697
394 6197
100 683
2855 7120
9141 11492
4101 4102
2314 9300
571 8196
7011 7294
4320 11702
5172 8095
205 6736
9200 9202
3482 7480
5442 10657
1706 4011
8337 8421
782 11702
6117 6158
428 11065
10387 10389
1161 6116
4139 11197
11621 11629
414 2948
592 9969
1308 4578
4487 4491
10337 10338
682 1148
105 4863
10991 10993
9388 9393
207 5654
1 1264
782 809
10338 10339
9080 9081
5791 5919
7280 11701
1770 2568
2026 2609
4589 6607
9201 9204
2920 9267
9991 9994
8211 8212
4125 7231
208 209
9870 9871
11945 11948
2446 10670
4667 6500
1484 3512
7547 10902
1196 10099
4304 4390
5461 5462
7087 10007
874 9396
269 7010
577 3250
10184 10185
4332 4949
1484 8912
6226 11015
4168 11799
5309 5315
5304 5308
260 4629
4972 6217
7900 7902
45 3836
4498 9196
3632 4717
7149 7749
9197 9198
432 1328
90 1484
7524 7525
1407 1635
5197 8786
2797 11987
9352 11172
2046 5305
41 9386
450 506
11620 11627
1453 5821
4541 11414
7967 9763
6861 11076
9757 10222
11252 11253
7490 7492
3888 5867
428 10481
1067 1407
6709 6717
10987 10989
41 10518
11621 11623
11615 11616
149 1198
2279 8806
4554 4556
6951 6954
11323 11326
4146 4147
1116 7564
4717 4850
11809 11810
6714 6717
105 3579
424 1116
4455 8630
5365 5367
5300 9821
11624 11628
7085 8470
3155 4504
434 2024
839 1668
8359 8360
3022 3024
9199 9203
11594 11595
9414 9415
9427 9429
7881 7882
432 4628
7194 9255
8404 8405
6735 10930
73 2474
565 6783
2335 2855
2702 5745
7338 7339
8885 8886
1540 9802
11626 11631
11507 11508
7917 7918
710 941
8477 8681
543 3604
4699 11257
1164 6730
4573 8044
6862 11076
5778 6093
11699 11701
7526 9492
6489 9721
11941 11942
5226 5227
6387 7383
1635 6240
7916 7918
220 2172
10388 10389
410 9651
975 9577
5919 6545
7336 7337
505 807
11881 11882
9230 9712
4280 4283
2632 7276
416 1250
1262 10930
2916 10497
2217 2287
5338 5340
11609 11629
11791 11793
5130 7458
10796 10797
1141 1350
5835 5836
11771 11773
3664 5595
6073 6076
1045 9809
287 720
6150 6151
41 10519
19 11133
270 272
7142 7144
6711 6712
11618 11624
7098 7099
7 5482
6093 6194
9666 9667
5092 6589
3856 11655
10987 10991
10122 10127
2901 10473
11617 11624
2674 4131
2393 2394
729 2046
4950 4953
4487 4488
6673 11064
3455 5354
11278 11280
9757 10817
7548 7551
11119 11120
4279 4281
11607 11608
3059 3279
7290 7294
2632 4166
3326 7218
6598 6599
5344 5346
7196 8156
3242 5290
83 9202
10992 10995
7067 7068
8333 8334
4906 4907
7635 7638
4613 8351
2873 5287
451 1326
807 9082
6940 6941
9082 11261
4498 9201
10993 10996
3483 4427
602 1746
1072 3341
1967 1968
2632 11277
6317 9003
7407 7408
481 684
11298 11300
1453 1606
4061 11952
9335 9336
105 9476
4079 4081
1572 5111
1161 6119
9552 9554
90 7161
2822 5150
4397 4401
10043 10044
3557 3558
414 416
1072 1130
512 3156
1290 1407
452 3322
6429 8434
660 9872
5311 5313
3750 4307
1141 7125
6130 6131
4106 4355
3205 9015
4293 5356
11907 11908
660 11195
7710 8220
718 4124
6671 6672
3475 3477
11506 11509
4106 9092
9976 9981
107 7789
425 8401
592 4218
1020 6288
5996 6191
300 1230
8425 11638
11814 11815
4346 10441
8506 8508
8663 11618
5446 6776
9978 10036
4346 8182
4262 4263
7331 7338
5510 5512
2206 3450
7564 7565
340 2314
3483 3484
6357 7227
9118 9120
6149 6154
1411 5290
231 6778
3579 9196
10816 10817
4278 4280
1944 3494
3428 9808
370 1628
172 5215
8569 10276
6461 6462
4053 4062
5795 11583
7368 7369
2674 4132
1587 6060
11325 11327
4333 10307
5744 8396
9057 9058
4016 6063
4395 6268
1817 5440
218 4307
4082 9503
1731 11520
7303 7304
6776 11212
6916 9988
266 6551
7123 10275
5304 5315
5558 5559
260 481
6282 9494
1034 11988
9761 9762
9403 9717
9195 9206
1500 9049
7638 7640
11915 11918
7984 10573
12188 12189
8903 8904
4972 9735
1855 3057
1621 4556
11067 11070
2166 4958
9198 9206
5811 8759
3789 3790
665 6675
8770 8815
11611 11618
573 1191
4016 9030
6282 11295
1621 2024
4663 4664
3231 8731
1548 1549
83 11313
410 9650
6355 7217
5075 5076
2257 9148
506 2366
4161 4162
11611 11622
691 1034
9121 11975
6029 6031
1807 5439
7547 8487
7492 7852
9708 9710
11064 11067
4556 4561
502 1115
24 1034
7122 7123
287 2446
665 6676
1549 8902
172 887
9449 9450
3057 8434
385 4583
11066 11069
179 4940
11614 11623
2917 4677
434 481
1903 6648
2265 4545
605 5096
1740 6467
2257 9150
698 4808
83 9255
11610 11619
4717 9809
605 9082
428 3114
10365 11415
1903 8805
4050 4051
4557 4558
9173 11069
4455 8677
11016 11017
9335 9337
5553 5623
10477 10478
715 11626
6938 6939
54 4481
6232 6234
4200 4201
480 1309
6493 7407
3483 7480
9200 9208
800 5490
4547 9173
7161 11005
11196 11197
4165 4166
151 152
11397 11663
5191 5193
7092 7228
1710 7880
8831 8832
4955 5256
6229 6231
5256 5257
5289 5290
10589 10590
801 1350
9810 9812
6029 6032
506 1291
10362 10363
955 4293
251 1356
5805 7383
54 12017
8939 8940
1290 3463
54 2059
2314 6519
6183 7789
372 2802
910 2870
5406 5407
887 11272
252 8694
2367 2797
2312 9427
2920 4847
5256 7227
8793 8794
397 9944
11537 11539
7494 8023
2917 8478
11610 11633
591 4095
5795 10020
4389 4803
2045 3484
5462 5463
2085 6381
8307 8311
7414 7415
6040 6041
61 2935
4389 4804
9201 9207
6250 8209
6282 11436
215 7791
2660 12090
9208 9209
2920 5805
9195 9196
670 9174
1211 1290
201 4622
11625 11631
2680 5197
2447 5170
434 6200
6971 10667
4667 5793
10987 10992
5310 5312
2625 9082
4302 4388
2057 10171
3206 10023
10705 10707
8759 9301
3782 12121
2233 5427
5306 5308
2873 9578
479 1318
7452 7453
6141 6152
804 4479
1896 9148
3477 5103
7242 7243
4269 6060
12160 12161
6001 6004
2577 8655
4648 5095
5683 8738
929 9873
6469 10010
4931 4932
1150 10070
1196 1843
3278 7930
1213 3788
1264 6801
10480 10481
3914 3916
5806 6388
639 3799
1248 7879
5554 5624
4346 5059
1264 1360
11365 11366
4452 4998
8029 8845
589 592
6708 6714
112 7411
5170 5172
252 1809
3389 10052
10443 10444
2289 9152
4955 6293
395 2926
5533 5535
2314 9301
9990 9991
665 1181
4193 7194
6669 6670
6948 6949
512 5588
6711 6714
938 9677
3114 10290
5222 5223
3961 5952
1606 5821
40 300
226 4089
11619 11630
172 9701
3205 4465
416 4371
718 2085
7011 7290
7970 7971
862 3857
5257 5414
6919 6923
422 1027
8261 8263
5307 5314
3368 4573
11118 11120
7336 7339
1407 4906
9277 10849
2085 8572
2707 5644
4246 11096
4762 4763
10619 10620
4033 4678
9195 9205
11613 11617
1067 1211
5414 6104
8101 8102
54 12020
7291 7293
5336 5339
4217 4633
9191 9194
1706 5902
10125 10127
1584 7923
10648 10649
11257 11886
1248 2814
10620 10621
5314 5315
214 252
4060 6349
6445 6446
7417 7418
3505 8649
1117 1849
480 5919
1717 7599
2973 5427
3017 4270
10727 10728
5391 10615
2731 7120
11626 11628
3670 7340
5482 5528
5788 5789
5674 8203
1770 4297
4060 4101
3651 7395
6466 6467
5674 8204
4547 11064
4958 12198
5675 5677
269 10270
4906 5613
153 1181
5028 10995
2485 3057
3799 6729
4178 8930
4389 4498
9971 9973
10773 11605
1057 3858
1249 7880
8885 8887
10124 10127
507 5256
5335 5337
5339 6094
978 2195
874 4392
547 4057
3571 8418
481 4554
3579 4498
6104 7885
5509 5511
4983 4984
481 2108
1141 4515
38 602
950 953
578 8731
5851 5853
37 416
1027 4675
54 3750
5625 5627
3226 10080
10987 10996
8179 8181
978 7861
1362 4811
7931 7936
4663 6297
914 1942
5308 5313
10096 10097
1 3915
9313 9314
8006 11282
11065 11069
1034 11607
5574 9802
4053 4063
218 572
83 1881
11614 11628
6220 6221
10577 10578
2797 8052
7777 9348
6469 6693
4915 7935
6916 9993
502 8337
5509 5512
5795 11586
5454 5456
3811 4925
11712 11714
42 4605
2437 10971
4907 8945
434 914
5257 5415
5337 5339
1383 6675
199 4217
96 5073
10328 10330
12117 12119
5996 6197
8995 8996
6489 6491
511 6748
5255 5258
3888 6792
3799 3890
8115 8569
9203 9205
3655 10597
4851 4852
10934 10935
12112 12113
6392 7304
5233 7104
7777 9347
2786 4845
683 7830
3604 5551
4995 4997
1262 8510
715 11624
4106 6112
3664 5594
2161 6334
9147 9149
7693 7694
10295 11162
6034 10872
105 3961
8663 11614
1635 8434
209 250
2074 2506
152 260
10336 10338
78 451
7943 9702
3321 4859
5336 5338
4453 4454
9195 9203
2920 3241
6068 6069
5668 6221
728 3799
6282 10050
718 4322
5419 5420
2172 7790
479 5310
7327 8395
5869 11622
1249 7878
2091 4089
8275 8277
96 5503
2197 7423
54 7102
4433 4435
1746 11718
260 5621
1045 4852
507 11237
51 9195
5944 8495
727 3380
4832 6879
7334 7338
6310 8100
6568 6569
2542 5126
10276 10277
3782 5913
144 5867
5622 5624
6149 6151
2446 11302
6981 6982
505 506
7984 7985
172 1168
8324 8400
11514 11515
2120 3278
11296 11373
11436 11437
5805 5807
6525 8916
6588 11036
7777 7855
4340 4343
3483 4955
11346 11347
6459 6467
6545 6546
4897 4898
4924 4925
1444 9873
5304 5306
4261 7542
340 8563
11615 11618
1580 8325
6077 9270
5461 5465
4905 4906
3579 9197
804 805
6673 11065
1920 7949
2920 3240
1385 10566
730 1353
9085 9086
4889 4891
6168 6169
10772 10773
6246 6251
1364 3454
2838 3962
479 6551
6193 6194
5562 9111
5653 6552
72 2680
10035 10038
452 2873
8156 9205
1660 8806
4281 4282
9622 9623
8178 8180
2680 2917
4555 4556
11399 11402
9943 9944
4193 4194
1072 3512
10418 10419
4489 4491
450 901
2446 3326
7123 10278
7408 9828
12018 12020
1116 7566
866 6685
592 635
2659 4602
4243 6585
6355 8386
4425 4427
11886 12062
9205 9206
2543 6139
11612 11625
9150 9151
6649 6653
9512 9514
5073 5504
635 9969
5911 11989
105 7231
4261 6928
6097 6098
11313 11484
2543 6868
2660 8034
4425 8210
7530 7531
6157 10402
6971 10668
6230 6231
11067 11069
8289 8291
5996 6192
9419 10992
4684 8369
9336 9337
9926 9927
287 8596
1034 9137
3051 6697
5997 5998
6229 6233
5693 5697
2341 4156
10147 11616
1027 3346
11187 11188
3340 8911
432 1621
4066 6198
2024 2025
729 7943
3655 10596
4048 4049
8838 8840
507 4914
7429 7430
4261 5132
9303 9305
428 11070
7289 7294
7509 7511
6916 9990
11609 11634
10001 10002
9761 9763
4060 6347
5900 5901
10656 11582
6918 6964
2108 5562
62 172
2214 4332
913 3084
479 5306
480 1765
7885 11213
10906 10908
1356 7026
5626 5628
5172 5219
10080 10419
1019 5699
1618 7276
83 1034
12187 12188
4263 8974
7236 8885
9202 9207
720 7853
1264 9722
2214 5867
4554 4555
9916 9917
3386 6441
11631 11633
9986 9987
4531 4532
7326 7330
10335 10339
4301 4388
1241 10811
6716 6717
8561 8562
2009 4068
6247 6250
866 2225
17 7105
938 1161
8404 8406
11624 11630
1141 2223
51 9202
6372 6373
801 2437
11616 11620
5354 5355
684 1425
5619 5620
451 4321
3057 5913
2059 2755
7718 7719
9205 9209
4547 11067
93 5790
9457 10815
1019 5700
6177 9338
6676 6677
4684 6547
7079 7080
4539 7734
1729 2367
1411 5613
9978 10037
3572 9412
3250 7034
10848 10849
54 9279
7332 7340
8306 8312
6309 10664
6289 6292
11623 11632
54 4061
4304 4388
3328 5073
10111 10112
8862 10296
5181 5183
4165 9577
11615 11632
1328 7518
7140 7144
5338 5339
250 7268
4146 4148
3799 3887
8016 8018
10420 11148
5213 5214
913 9821
10035 10037
1407 9700
728 4282
251 1425
6489 6490
1407 8931
434 1621
3328 7861
9196 9204
11585 11586
958 4644
3944 11771
7634 7640
7335 7340
6282 11437
874 3571
5095 5096
9198 9199
2135 2206
3378 8734
11585 12197
2841 2854
7097 7099
592 4096
11537 11540
8023 8025
6921 6924
551 10042
10619 10622
9770 9771
2754 10457
1248 8675
11066 11070
100 9645
5471 5472
420 5072
4016 9029
90 1318
6245 8660
37 10481
1275 3946
2108 9111
3601 3603
9283 9284
1258 6282
6745 6748
4161 4164
3482 9082
2408 7997
201 5508
726 6059
5414 5415
727 7438
1380 3493
8023 9102
5336 5337
52 6607
5631 7437
3743 8271
4261 11439
7508 7509
5225 5227
934 935
3543 5073
1130 5390
2314 4015
252 7010
83 4193
729 9596
287 10480
4389 4390
11614 11616
11583 11586
8721 8723
10099 10685
5464 5465
5562 10052
8438 8439
11611 11627
10123 10125
127 424
955 7378
2479 2702
10336 11806
8297 8359
683 6491
11200 11201
1723 6543
480 1034
111 782
3915 3917
4503 8274
7702 7703
4194 4195
1587 2233
550 11672
4193 10001
6460 6464
11839 11840
7327 7330
6849 6850
551 1211
5223 5225
1851 7086
1419 4246
4667 9768
4982 4985
1362 11522
416 5970
8309 8312
172 5216
1680 7522
11617 11632
683 4219
9300 9304
220 5611
2335 7967
11615 11622
6245 6250
4308 6542
5404 5405
3664 7700
2916 3226
3258 7466
1412 3580
11627 11628
287 10101
11612 11626
1028 2828
455 10090
11613 11618
7871 7873
5832 5833
1628 1819
11611 11620
11806 11807
684 6198
5867 11285
6975 10045
7142 11252
2312 2313
4179 4180
4426 4427
172 506
1968 3069
1584 7924
6776 8630
4304 7125
4270 6060
5908 5910
9346 9347
3799 4017
395 2925
5600 5602
1067 6753
6983 6984
1817 8639
107 11780
6279 6282
1141 6282
3340 4219
636 7891
4949 7157
6711 6715
7327 8394
5855 7364
370 10810
636 7179
6028 6033
1213 1537
3346 5794
716 1385
3340 6490
6089 6780
3802 8694
9494 9495
54 4104
3057 5262
5148 5355
4178 6879
9870 9872
808 2805
9085 9087
9224 9226
8941 8949
457 480
7770 10076
1093 8027
2085 8570
2868 10311
5256 6776
269 480
55 7358
1628 3455
7100 7101
1000 2213
11538 11540
718 2230
5029 10990
3504 4384
9198 9205
11465 11467
6821 6822
4160 5133
2025 6975
9195 9204
11297 11299
6765 10911
551 4106
207 7646
7780 7855
455 5789
11175 11176
11618 11619
5653 5654
9275 9719
1718 5129
479 1302
9197 9209
6001 7850
728 2314
5190 5193
665 8653
6660 10096
1248 1250
7070 7071
4778 4779
12198 12199
287 6971
4263 11439
9663 9665
1211 3610
40 3375
6374 7695
11285 11288
698 9422
8095 11166
10571 10572
6464 6467
7491 7494
3202 3346
3156 5585
5806 7383
3278 7931
11625 11630
506 5262
218 3543
2314 8759
153 2393
480 2488
3228 10373
5257 5446
3588 3589
2057 4086
11914 11917
3189 9278
1950 10111
54 12069
5305 5314
9462 9463
6248 6251
2274 4240
8273 8274
9278 9279
7525 11016
382 8123
7324 11752
543 3605
451 3284
9712 9713
11303 11347
5777 8396
1 10418
10813 10814
11940 11941
7724 9143
5371 5372
543 4629
1081 3979
3782 12122
6151 6153
2135 5903
251 3615
7229 7230
7331 7337
10679 11664
5074 7145
10042 10043
4607 9081
6715 6717
2926 9576
2393 7365
6080 6981
1275 4483
6384 6385
6673 8824
4033 6603
4301 4302
4160 4162
958 11255
5256 6358
6964 8057
83 7194
728 1327
3856 11657
11699 11700
52 2803
7069 7070
5308 5309
6282 9422
270 4154
5427 5429
583 11870
1920 2223
866 4515
6789 9260
6279 11296
578 5215
3583 4461
7295 7297
107 7788
1751 10088
6920 6922
4129 4130
10041 10044
6450 6453
11595 11720
3987 4493
5509 5513
1196 10155
8841 8842
5447 11211
3782 9230
10679 10680
4613 10909
1322 2679
6863 6864
7666 7667
1161 6118
209 340
210 211
6916 9981
260 801
4132 4649
252 3615
9199 9206
6226 7650
10772 10774
7777 9350
9664 9665
8638 8639
105 9736
4390 4804
710 2255
6026 6426
5427 5428
7026 8563
8663 11611
2077 10932
1707 6767
1093 7218
6450 6451
9804 9806
5310 5315
3588 3590
8884 8885
4848 4849
6460 6465
6235 6236
9484 11256
2206 6001
8926 8927
3930 6044
5027 6511
6080 6081
1150 4559
4301 4303
4856 11752
6007 6512
1318 4166
938 10479
9553 9554
938 5288
8541 8542
507 4629
4629 6222
7195 9569
6966 6967
4904 8945
3558 9360
5092 6590
10123 10124
7289 7291
1410 10005
9977 9979
3341 3811
4267 8563
11255 11256
1364 6282
2754 10456
382 1425
6063 9030
4539 5788
11609 11620
5744 5777
8025 9101
868 1825
506 874
2738 4356
416 3624
219 9513
3017 4229
7757 7987
5414 5446
1 5777
8029 8815
4801 4867
4915 7915
7373 7374
2255 7864
862 1057
7984 10391
3057 4951
8239 8514
4198 8477
9813 9814
7368 7370
3640 3744
10670 10672
4524 4525
6913 6916
11515 11516
5324 5328
169 4061
218 5073
2057 10457
6905 6906
2045 10674
8043 8325
8815 8844
6444 6445
42 9872
7143 8403
9583 9584
3606 5553
2314 2315
5335 5338
4862 4863
3651 11971
9117 9118
591 804
5020 5022
11397 11664
507 8267
10147 11621
5747 6168
1635 2485
4598 4600
5509 5510
9427 9431
4898 4899
5694 5697
2006 9728
3454 5489
5216 6516
36 1746
8844 8845
8625 8627
10413 10414
112 9221
11611 11625
5439 9680
80 3554
6784 6785
8093 8094
807 809
2314 3799
5805 11372
7637 7640
2409 4356
4684 8511
11578 11579
61 715
138 3338
9201 9202
9117 9119
10680 11398
8038 8039
7331 7339
4699 9484
728 3834
5875 6766
480 6546
605 1465
6030 6034
198 4382
8194 8196
7549 7551
4160 4164
9963 10069
6191 6196
11612 11632
4613 7770
1549 6816
10634 10635
4972 4973
2342 8927
10519 10520
2973 10584
1807 1808
2916 8675
5234 5235
344 7935
3571 5612
8095 9897
6516 11213
452 10172
2007 9727
4194 8037
5849 5850
127 9910
11323 11325
2855 6639
11945 11947
224 6208
7763 10684
7360 7361
6461 6465
4107 4355
3428 9805
11943 12103
10727 10730
592 10330
5811 5812
11132 11133
216 382
517 2025
42 938
4424 4427
1211 5126
520 8794
1314 4323
716 5793
683 4261
3670 7335
6460 6462
6916 9976
14 2797
807 2366
505 577
4211 8924
1275 7762
10124 10125
6282 11296
5339 5340
6282 11373
9346 9349
452 5475
3915 10418
726 9152
218 8694
1857 3057
54 2057
3375 5943
3205 3996
7109 7111
605 7049
1638 9396
874 4393
591 3016
9034 9035
9275 9276
9806 9807
5851 5852
593 1642
8462 8463
5256 5414
7326 8959
3284 9723
382 7507
5415 6776
54 2577
6400 6401
6387 11363
96 1316
6495 6496
1137 8397
578 4089
11633 11634
5427 11769
4859 9723
633 716
3205 11922
1 7317
340 5390
5454 5455
5183 6355
3143 11201
216 3802
6978 8140
4958 12199
11650 11652
4951 11574
159 745
220 221
5661 5662
1191 12003
1364 6056
9923 9924
715 3057
6563 8562
5536 5537
1493 4932
5777 11468
1164 5707
3930 9057
4433 4434
7949 8296
6534 6703
3640 10100
5908 11989
4123 4124
978 3328
10667 10668
729 6551
54 1385
2091 6240
8024 8025
9268 9344
8941 8990
10648 10650
4607 7408
5997 9247
5421 10080
578 2731
9978 9981
10754 10755
4955 5414
9299 9302
8041 11369
4303 4388
10992 10996
5553 5622
698 7087
938 1707
2570 4938
4217 5811
7322 7360
11612 11623
9476 12154
260 543
3386 10901
2225 3606
5171 8095
683 4220
11464 11465
287 10167
9306 9307
1161 3482
1027 4674
2469 2470
5808 5809
6192 6197
10412 10413
481 2798
1953 11941
452 8303
6248 6250
54 2803
511 6417
7420 10909
1904 8805
11617 11630
11611 11612
10340 10341
9122 9123
807 4089
5811 9299
9739 11884
2836 3375
1364 7617
495 8806
11624 11625
3533 7967
1484 7125
2709 5654
5869 11620
1250 10140
4108 7129
9195 9207
684 2045
5469 5472
4229 5761
7333 7340
2046 5313
3887 3890
4846 4847
6 3278
9375 9376
2108 2798
7218 12195
2568 7587
7667 7668
8156 9191
5795 9471
6401 6402
4663 8783
5701 5702
10479 10481
801 5621
7491 8022
6463 6464
8829 8830
11680 11683
5996 5998
46 5232
6937 6939
7197 9569
6462 6463
3114 4821
9084 9088
6919 6924
4263 7542
1141 5232
6007 6008
10080 10081
5669 9386
4951 6850
3856 4308
7010 7011
6156 6157
507 5574
5692 5696
4951 5913
5761 13687
4632 4633
10988 10990
9462 11771
6519 6520
2314 3800
1660 4763
11680 11836
38 6439
9344 9345
216 1809
9419 10993
1819 1933
6106 6108
2312 9429
9206 9207
6563 6564
1378 3494
1717 9347
6234 6236
782 2805
5923 7632
5511 5512
2074 12069
4083 5902
2731 7243
14 1572
5427 5974
11348 11349
5220 6973
1621 2488
3842 10648
2395 3205
2367 5668
9693 9694
808 1234
698 9495
577 4468
804 7943
11609 11633
5759 6060
93 6297
229 230
11237 11238
1216 6852
4559 4560
4803 11975
517 10636
10095 10096
5909 5910
7085 7087
5760 11595
1942 8241
11612 11627
6459 6462
8680 8686
8911 9230
7911 7913
4053 4054
5223 5227
1457 12040
6282 6283
9976 9978
3606 5551
4856 6679
4691 4693
10147 11609
4889 4890
5095 6863
5415 5447
6709 6713
715 11120
809 9082
4261 4264
6710 6713
7140 7142
7020 7511
11618 11622
6914 6916
7290 7293
1953 12101
9275 9403
2799 7942
1057 2848
10093 10114
6556 6559
3610 6586
671 2367
8033 8034
4395 4396
4101 6348
2009 3189
1230 9518
8247 8249
11612 11614
869 4089
1322 7334
11630 11631
6194 6197
6279 7755
198 4217
5144 6514
4667 7086
10673 12196
5026 6511
7172 12129
4160 5134
4803 9123
5762 10287
4321 4590
1072 4720
40 48
153 5866
715 11629
9196 9206
9976 9980
4547 11065
6543 6544
1808 3803
340 11458
2045 7218
5996 5997
2901 9514
6310 8124
583 591
397 7936
977 7301
2446 11301
6789 11594
5420 8841
2108 9630
507 6282
9283 9286
6222 8247
4155 9351
11614 11622
7730 10935
955 1819
9312 9313
6199 9142
9276 11732
2309 4118
724 6207
5021 5022
3653 12101
5313 5316
543 5554
2003 9927
2797 8053
2108 9563
37 1621
8941 8943
54 3189
10161 10162
11619 11623
4088 4089
3450 4847
3023 11494
6850 6851
1411 2973
1740 6465
6226 10967
1150 7943
728 4280
565 716
543 4350
9428 9429
8156 9207
4907 8944
10504 11165
2077 10931
8824 11067
201 6096
2797 11285
4859 9722
10019 10020
3115 3116
11619 11622
1150 2798
1359 1360
6 660
5361 5363
5255 5256
11713 11714
112 2797
8663 10147
2242 3967
782 5231
5760 11594
8675 10414
4605 7407
9829 11263
9248 9299
8508 8509
6952 6954
2446 12196
3205 8717
5304 5316
5456 5473
8115 9483
6063 8406
9197 9208
4490 4491
199 6567
1348 2917
3656 7764
5716 5717
2004 5558
395 3278
90 11738
132 1020
869 1877
9196 9199
96 5502
112 6947
8145 8343
48 1426
592 1848
7148 7149
5744 5745
4455 6776
6309 11119
11616 11619
54 2074
3799 4016
5171 10116
4500 5853
512 745
507 5446
2314 6520
2161 11131
72 3482
720 2120
665 1442
11619 11626
7338 7341
11134 11135
4596 6302
5888 8937
4106 5794
5502 5503
4667 5794
5235 6789
7123 8500
1715 1717
494 2341
9201 9205
96 5504
7122 9749
10014 10015
9207 9208
1093 8028
5463 5466
1399 6751
2748 9279
5097 5099
887 4261
416 914
5465 5466
5669 9832
9403 11221
8911 9231
480 1319
11623 11628
12197 12198
1849 5946
7296 7297
1193 10682
720 9700
1953 5348
8358 8359
5171 10675
9745 9746
2314 8656
2046 5306
5324 5325
1385 10565
4095 9284
8663 11617
1144 3206
4263 10527
340 9249
3246 4960
3868 11839
11681 11683
10728 10731
5131 5132
7636 7641
100 9644
11954 11956
6963 8056
6246 6249
3374 5738
83 2279
12132 12178
112 12114
3782 10101
3961 12089
2873 5475
1034 1319
801 10971
3782 4951
172 4392
7873 7874
8823 11070
583 1642
322 323
6100 6105
5157 11167
1264 2665
6789 12187
1861 6766
4803 10829
4553 8838
745 9928
8514 8515
874 1638
11162 11164
7960 10683
6708 6717
54 12016
6595 8378
2233 5761
480 481
5346 5347
10933 10934
3239 4182
479 591
7354 7355
144 3853
8477 8682
2395 11406
5524 5525
1258 11373
5362 5363
1731 2210
2873 5322
1275 4194
9351 9352
52 272
5463 5464
11620 11624
6744 6750
2166 7705
9663 9664
5300 8435
6280 6283
8824 11070
2851 4996
1144 4866
4165 7323
6374 9855
1770 9260
5503 5504
5256 5447
8930 11483
11624 11626
3580 11843
8210 8211
7788 12128
11959 11960
217 782
1027 4421
112 11474
4157 4159
4174 11365
4591 4592
6709 6710
5693 5694
2676 2731
6665 6735
480 2632
6244 6246
1303 7788
2063 5682
6744 6748
428 4547
10726 10727
72 318
8015 11492
9348 9350
6586 7894
4990 7837
1141 2437
622 9948
24 5268
11759 11761
9376 9378
3326 8028
5404 5406
9196 9202
5808 5810
479 5304
3228 6711
51 9204
3101 8486
6711 6716
6230 6233
2439 6375
2447 7789
9042 9043
407 7504
8944 8945
214 6424
6709 6715
3587 3589
11064 11070
1161 8169
3450 7283
11619 11625
5210 5212
9964 9965
10726 10728
48 1605
5683 8739
1548 6375
6321 6323
3887 3889
4889 4892
4890 5436
10990 10994
6919 6922
9198 9207
8632 8633
11915 11916
9422 9494
269 1141
481 2916
7910 7912
1027 4420
9376 9377
507 2433
2120 10759
395 698
2120 3242
11255 11257
1642 2314
6156 7606
3113 3116
4808 5302
5099 11559
1121 6197
11853 11854
11712 11713
5292 9215
5110 6516
6460 6467
9173 11066
585 8859
5215 5257
4629 8247
507 6776
5511 5513
1264 8418
6709 6711
931 3482
6303 6304
72 8035
6586 7895
37 382
583 2609
493 3967
4487 4489
5869 11611
6043 7254
8477 8686
90 6778
7635 7641
6285 6286
10730 10732
7618 8963
408 7338
10680 11422
2541 5126
199 8388
9623 9624
4953 4955
6923 6924
1177 6557
7353 7354
4558 4559
6279 11767
8663 11629
5808 6567
11611 11623
7893 7895
3579 8156
6686 6751
7927 7928
51 4498
1164 5706
1248 7881
3245 4959
9117 9120
2570 3782
5300 7964
5581 5582
5029 10993
887 3057
9584 9585
605 11594
395 7930
2026 5751
941 7868
2540 2541
4974 4975
11075 11076
2447 12063
8029 8816
4174 11367
913 1364
543 3657
10871 10873
1543 2626
10988 10992
8477 8478
840 6632
11623 11630
8203 8204
5921 7410
4166 7277
8024 10117
46 300
2814 3326
5953 5965
4955 6104
3285 3606
3284 9722
4093 4095
11680 11682
716 6789
11874 11875
2225 5622
5759 6217
842 11815
591 1425
8487 8488
11491 11493
7908 7909
4639 4641
7894 7895
7303 8093
5974 11857
9301 9303
895 3533
479 573
720 8169
8572 8573
11577 11578
8106 8107
83 269
6708 6715
5074 7146
6863 6865
4217 5812
565 782
10729 10730
6710 6718
6746 6747
10773 10775
8110 8111
3533 9761
286 3279
2577 4061
218 221
3803 4232
1130 10264
5325 5326
209 8538
7218 10080
6437 6438
4376 6662
6232 6236
11619 11631
9471 11586
572 888
6967 6968
5759 5761
1903 4410
2786 2920
2046 5308
6346 6347
2446 5419
7978 7980
4694 4695
83 7196
2314 4193
5469 5470
5099 11560
11154 11155
3930 6112
93 3869
5095 6864
7328 8393
3904 9137
512 5585
1948 4556
9579 9580
6230 6232
9622 9624
4342 4343
10019 11437
9969 9970
105 3580
8194 8195
6564 8561
6787 6789
11368 11369
4351 4352
2797 11238
5181 5182
1917 2808
1328 4574
808 9082
1909 8035
8308 8311
2004 3386
2265 4546
220 2074
1549 2223
7777 7778
6355 11306
2314 4194
682 4717
5869 11609
5290 6429
1587 5427
1628 5355
2797 11237
8823 9173
7331 7336
5461 5466
494 2342
209 7268
7923 7924
1364 11296
9201 9206
5572 9802
9125 9127
8630 8677
6150 6153
54 270
10620 10622
718 8570
93 1289
5028 5029
592 4092
6543 10053
2279 5004
37 428
7901 7902
4687 8787
2731 6268
8102 12198
977 4732
4016 9028
807 2625
585 4391
2446 10169
6279 11378
7492 8942
8421 8422
3328 5503
3505 9110
3475 5103
1638 6751
2731 6639
782 4838
2596 9753
4972 9736
6029 6512
4733 8895
231 6925
2916 7218
11619 11633
7902 7903
660 1211
11468 11469
9193 9194
7556 7557
9269 9270
6702 6703
1548 10533
7139 7140
11397 11665
726 4916
6808 6809
12173 12174
2541 7517
11614 11617
9246 9247
2275 5947
1613 4154
6102 9056
11622 11628
578 874
11303 11346
1751 4948
4745 4747
7960 10099
7872 7875
5304 5309
5101 11990
10169 10170
2214 7157
2873 7732
1350 10971
1903 4066
7236 7237
6031 6033
52 54
1851 8470
54 2637
7550 7551
1027 7502
132 4562
7276 7277
6995 6996
2920 4846
340 4267
10619 10623
6543 6794
6716 6718
5076 5077
592 11745
4685 7984
3799 3888
1385 10564
260 6044
286 5982
40 1425
6665 6736
41 6605
269 7943
7199 7200
1817 5443
6975 6977
6118 6158
5148 5354
213 2471
6652 6653
698 6282
11617 11625
11610 11621
4856 6780
7194 7195
7276 8946
9751 9752
53 11726
10989 10992
5192 5193
2836 4988
5419 5421
8990 9072
4687 10185
2567 9278
4032 4033
144 1234
7327 7328
3285 5554
385 573
4166 7322
11514 11517
1034 4061
3651 7394
9283 9285
8773 12122
10049 10051
2848 3857
201 4613
4952 4953
11429 11431
4079 5290
3482 7967
11305 11306
1706 5903
8308 8309
4607 7407
4131 4132
4544 4547
3789 3792
7163 7164
54 4105
7218 10673
5110 11854
2367 4460
10356 10357
2836 9341
605 5944
3605 8399
172 7244
6193 6196
4665 6297
11264 11265
10671 10673
10728 10729
7492 8026
11618 11634
807 1067
1770 6788
479 5313
3604 3657
1724 6964
10988 10989
6116 6118
83 2836
6387 6388
11856 11857
10647 10650
5310 5316
4914 11296
2533 8828
715 2935
1249 1942
4182 5806
11283 11286
6922 6924
12089 12090
11610 11632
9200 9207
11618 11633
4668 4669
6193 6195
394 6194
6141 6149
7327 8393
683 11174
8015 11494
3961 12088
10967 10968
2085 8571
7937 7938
3482 5705
716 2479
9618 9620
7280 11699
10780 10781
11175 11177
4676 4677
8625 8626
96 1904
3780 4683
1660 6198
3859 3860
3197 10835
3870 4531
8156 9254
5882 5883
4262 4264
2025 2609
12169 12170
209 5390
7910 7913
105 2233
1680 6697
9758 9760
11605 11607
8781 9768
149 7514
2423 8930
272 2057
304 6690
8156 9201
5403 5407
382 9533
4685 8649
3284 6516
1248 8028
5959 5960
3525 8867
2665 3284
198 4633
4167 4168
659 3454
507 7112
452 9578
10726 10731
9977 9978
1634 2485
83 9194
3882 3883
4621 4623
2135 5902
11397 11398
4635 11495
9349 9350
6875 6876
7182 7183
9385 10057
8477 9887
8823 11069
207 572
479 4548
11612 11633
9275 11484
6934 9944
481 1621
7917 7919
1248 8027
1384 1385
1881 11607
4339 4341
5257 5258
9200 9203
1250 2464
4950 4954
7011 7289
2265 4547
37 887
78 452
9979 9981
6141 6154
3533 5790
5183 7217
4488 4491
11297 11300
591 1968
578 994
54 7358
6280 6282
112 5111
4578 4579
11618 11628
47 3836
11614 11619
10041 10043
6429 8052
10080 12196
11437 11438
1220 3896
716 2577
216 1808
1724 6543
6937 6938
1668 6036
9234 9237
11584 11585
7145 7146
11621 11625
551 10043
4856 6573
715 11634
48 7208
4177 5506
7730 7982
6498 6499
6920 6924
6279 6280
1181 2992
3156 5586
8210 8212
6394 10752
6818 6820
2920 9266
5806 9688
3057 6240
11620 11622
7878 7882
6 2120
6909 6910
578 5402
7393 7394
804 6551
11241 11242
11974 11984
5695 5697
4265 6044
53 297
11500 11501
5747 6169
11711 11714
7306 7437
11628 11629
10826 10827
6348 6349
6713 6718
6758 6759
1150 4554
5683 9769
7490 7491
54 1478
6226 11381
480 691
4452 4995
2570 4937
680 1903
3057 11574
260 3285
507 9921
8156 9255
3482 8663
7638 7641
1621 5150
1660 7724
3967 4156
8239 8515
7669 7670
829 8940
4297 7580
5622 5623
958 2225
5029 10992
589 591
481 1150
5150 10481
6444 6446
868 11652
4075 8085
1022 6441
1849 8074
3278 10759
4079 4720
8018 8019
3579 9208
394 6193
1093 1248
6375 7695
10647 10649
11065 11070
207 211
901 1291
11612 11619
9569 9570
6198 9143
344 7931
4951 4956
3802 5439
4442 4443
6469 6471
207 252
1945 8562
4663 6741
4486 4489
11195 11197
8396 8959
683 6489
10680 11162
10543 10544
8210 8966
6156 7522
480 804
9484 11257
7878 7880
1249 7882
83 11606
8889 8890
6439 6440
6994 6995
4101 4103
8799 8991
5693 5696
1817 8637
5869 11627
300 829
9429 9431
8220 11176
11334 11335
5323 5325
2596 2597
12170 12171
5141 5693
80 1314
8089 10542
451 2873
6290 6291
1628 6410
4278 4282
1770 6786
9924 9925
5426 5427
96 1315
9134 9917
215 252
153 260
11584 11586
10596 10597
9512 9513
10295 11163
54 90
10225 10226
926 4455
632 7162
250 7269
6334 11132
220 8337
2918 8996
7823 9739
37 214
5270 5624
4596 6619
8759 9304
5760 11938
83 207
4596 6304
2246 2247
4108 11040
4174 7986
5256 7112
4553 5420
2120 5290
8675 10412
4687 6840
3930 5794
7365 7366
6089 7324
11251 11252
5342 5343
220 716
425 8402
112 1067
11616 11634
1364 3284
6077 6080
83 9200
7528 7529
10632 10633
7885 9983
7669 7671
4545 8824
9254 9255
11621 11634
6151 6152
11627 11629
1977 4202
51 9206
269 7312
1358 4699
6788 9260
424 1117
8006 11287
1857 9274
2311 6589
2105 7787
1249 7877
83 495
507 1258
6104 7112
1729 11213
3205 4867
7892 7894
4713 4714
2680 7417
9857 9858
5210 5213
5762 5764
4685 7577
5586 5588
2314 9249
11283 11288
8823 11066
495 1903
4612 7407
938 2822
8107 8179
3389 10918
6279 9494
4086 4154
7491 8941
10016 10017
6462 6467
6231 6236
7195 9570
1211 3019
8839 8840
2062 9678
10107 11605
416 7880
318 319
9201 9203
5305 5312
9828 9829
6682 9108
7904 8037
9471 11583
416 434
4419 4674
2739 4312
7704 7705
2063 4321
1108 9586
105 4972
5309 5314
10337 10339
2314 9299
683 3811
1264 9723
6028 6031
9735 9736
5996 6193
7853 7854
3206 5348
455 5788
28 9420
1230 1350
5996 6195
958 1072
7142 7143
1809 4232
6951 6953
8997 11556
2063 2873
4958 8102
2343 11549
7142 11253
5152 5153
6092 6094
2312 9431
551 9057
2637 4307
83 7011
5305 5313
105 1112
6194 6196
3484 4291
7883 7884
5869 11630
3576 9835
2043 3812
6748 6750
107 11437
502 572
5309 5316
6063 7143
3023 11492
3987 3988
11486 11488
5911 11990
682 9809
8681 8683
9915 9917
3242 3454
1680 3051
5323 5328
4387 10553
4663 6298
8298 8299
2446 8028
5731 5732
9409 9410
6152 6153
1250 8241
9173 11065
1968 10304
11628 11630
4486 4487
54 12018
4552 8899
1350 3340
1356 3016
428 11068
1849 6402
4829 6879
8758 8759
5554 5622
4734 4735
455 1230
153 168
8220 11177
1692 7395
9700 9701
8941 8942
7634 7638
2081 2082
7337 7338
11283 11287
2446 5421
1211 5293
2901 5664
591 2609
6649 6651
11621 11632
4047 4049
492 2342
2426 4898
551 3279
7236 8887
4950 4951
2609 8916
1358 6697
1751 3624
54 7357
4493 4494
7730 7731
3750 4086
1248 7878
6975 10046
3460 7965
7763 10099
1322 7417
866 1072
6084 6086
9202 9203
1241 10812
8029 8843
7407 9724
270 9308
8805 8806
3483 5414
1411 2831
41 2479
7327 8396
11542 11543
869 6282
8297 8361
6952 6953
42 7480
1936 1937
10415 10416
6074 6075
4181 7079
9148 9149
416 5150
9856 9858
591 5970
3505 8511
914 8240
5811 9301
8310 8312
7196 9255
8294 8295
7885 8944
201 4624
865 866
78 2506
1364 6279
4165 4358
2225 3604
2731 4395
4991 7837
479 5307
1411 4669
9117 11106
68 4395
2665 5216
6485 6486
11065 11066
7492 8025
5108 9035
1740 6459
8663 11633
11622 11631
5030 5031
8159 8160
10532 10533
4339 4340
11585 12199
874 1034
1751 8846
1691 3529
6196 7739
3614 5661
5572 5574
5692 5693
10086 10536
4492 4493
4958 12197
7271 7272
9316 9317
1229 4622
11664 11665
1248 7877
1599 5717
4503 4504
3782 8169
4978 4979
1072 1141
4804 9123
573 12004
6085 6086
5028 10989
11844 11845
5103 5105
975 4166
592 11744
12016 12019
8823 11068
5809 5812
11211 11212
720 10101
1717 9350
634 3202
3285 5553
11609 11626
1996 4568
4685 6547
2540 2542
8025 9102
3554 8696
90 7017
11682 11836
1967 4218
3812 4925
1933 7378
1117 6402
205 6735
1141 9345
2660 8033
6994 6996
6673 11068
2004 6441
10491 10492
6861 11077
2004 5559
11613 11615
2808 5117
7332 7335
1968 10303
6957 6958
4904 4906
887 927
2314 8655
4468 6431
2676 4643
7488 7489
1019 3525
7198 7201
9201 9209
2901 10474
4556 4559
3285 5551
9806 9808
857 6470
9484 9486
10987 10988
5311 5312
1933 6409
1105 9251
1478 11738
1740 6466
8899 8901
6302 6304
6792 6793
3528 9982
4613 4622
4060 6348
4591 6289
172 2091
6659 10096
6708 6713
5204 9145
7141 7144
456 5193
6776 8677
1484 6374
4382 4632
297 1751
10774 10775
1857 2485
8624 8625
2848 3860
868 11650
6279 11295
9923 9925
2707 2708
5074 5077
8653 8654
11177 11178
72 7408
3483 4605
3583 6182
9600 9601
208 1751
1356 6424
1211 1635
941 7867
1248 3226
5325 5328
9309 9310
11583 11584
2004 10680
3604 5623
1364 3917
2287 10410
1150 2108
7458 8799
5944 6293
5330 5331
3023 11491
807 2242
3813 10559
1045 4717
7492 9072
11619 11629
479 1967
6943 6944
8655 8656
303 8030
506 1264
7069 7071
5883 7893
6654 6655
9377 9378
9551 9553
2225 5999
2577 7411
3999 7429
54 2172
11907 11909
3782 4937
370 10811
7558 7559
507 3284
3653 11940
1419 1751
83 9192
6289 6290
2917 3583
5420 8842
8839 8842
6747 6749
804 7823
479 4689
7332 7334
495 1660
7491 8026
1751 7397
6790 6791
684 9472
5141 5692
11817 11818
4106 9927
2062 2848
5462 5464
7328 7330
10727 10731
6249 6250
7161 8587
11489 11490
3670 7337
2908 3655
2873 10067
66 5215
7718 7720
3836 3837
6960 11690
83 9208
4425 8211
12018 12019
5323 5326
2660 12088
1001 2213
720 7411
926 4454
8823 11065
2708 2709
1318 1563
10455 10456
10147 11628
36 38
4419 4675
9827 11512
782 808
385 9018
6226 9387
9125 9126
1642 1825
10147 11619
5791 5792
1649 8511
7289 7292
782 6783
6460 8684
397 5535
5101 11989
3891 3892
6453 6454
252 300
6470 6471
10147 11610
6873 6874
4261 10492
213 760
72 931
4269 4270
11611 11617
5650 5652
10889 10891
5549 5550
48 416
6808 10287
1903 6198
2917 4678
10498 10499
8843 8845
7139 7143
4962 9571
5290 8052
5403 5404
2797 5288
3657 3658
4856 6779
7781 8983
300 683
382 9534
9804 9807
5234 7103
5744 8959
6916 9984
11631 11634
10033 10034
9619 9620
7036 7037
1045 3632
958 1318
6179 8511
5883 7895
479 1034
1782 2405
46 3732
11914 11916
6908 6911
2077 10779
6460 8477
2393 5866
5869 11618
1587 11769
6951 6952
7634 7641
11399 11400
8663 11616
2702 4407
945 5234
7960 10682
2652 4613
9811 9812
5324 5327
2360 2808
1034 11608
11175 11178
2045 4291
807 8169
111 507
83 9195
5310 8353
6155 6181
7408 12054
1348 6947
9982 9983
209 4609
6544 10053
3326 8027
11609 11627
4958 11585
1599 2731
3917 7617
4592 6788
8630 8678
218 5611
5714 5716
4845 4847
46 7124
1420 6914
5805 6387
718 8572
3810 3813
8481 8482
5974 9134
3460 5300
3533 6297
6106 6107
9223 9226
5341 8575
7541 7542
252 7011
2161 9739
4094 4096
3528 9983
10046 10047
1150 4165
5325 5327
317 7076
698 5982
11612 11624
1363 4060
9199 9205
2223 7949
5029 10989
12132 12134
11612 11621
4344 6575
2314 3889
11365 11367
54 4086
683 1290
7058 7059
5172 11166
48 260
2070 5632
4602 8597
5306 5316
1881 11606
1264 4859
7864 7866
218 2577
3842 4104
9871 9872
8897 8898
1230 1349
6032 6034
2004 2918
636 5791
4624 5508
7953 11115
4674 4675
6394 7304
4371 4372
1027 3571
416 2447
96 1045
10324 10327
252 7507
11972 11973
4552 8838
6916 9978
11066 11071
226 4391
5795 5796
927 11346
1824 4373
506 12135
5170 5173
999 6576
4914 11373
1445 8577
4498 9208
9200 9204
1407 2434
6928 10492
300 2135
9915 9916
10786 10788
4194 9255
6226 11014
6000 6003
9470 9471
2289 4521
4687 10184
9204 9207
7109 7110
2161 11132
3802 9680
10990 10992
3278 7915
6073 6077
10460 11285
111 9082
6604 9386
8631 8633
14 11987
6808 10286
1 1411
68 172
215 1808
11615 11633
10675 10676
1328 10372
287 938
7763 7960
866 5232
412 2676
1455 1457
511 6745
300 1349
3914 3917
12017 12019
3128 6221
11614 11632
4663 5790
5028 10994
39 40
3484 4292
8757 8759
2405 2635
5941 5942
1649 9238
6710 6712
1721 6543
10680 11664
3605 8323
6459 6461
507 5447
1168 3284
4690 4693
1431 2664
3238 4050
5869 11626
8961 9825
578 5612
11947 11949
5536 7756
11617 11627
10621 10623
5400 6388
9245 9246
5805 9267
11609 11616
1967 5160
5752 11100
726 4607
6036 6037
4454 4456
684 5117
1034 3114
8678 8679
7064 7065
9149 9151
4712 4714
2057 5196
231 7566
11971 11974
4804 9122
172 5913
7788 7789
3279 3797
9573 9574
11282 11287
5313 5314
2797 2798
7324 7325
1807 9679
8006 11288
3340 4221
3114 11605
209 1241
287 2004
1723 1724
7543 9212
11331 11332
8624 8627
6916 9992
6073 6075
1211 9872
11616 11623
3340 3341
2223 7009
857 1587
3114 4822
715 10147
7634 7824
1445 8203
269 7009
1211 9870
2025 6976
215 4381
1177 6558
4057 4058
1945 5538
4557 4560
11656 11657
2426 4897
9484 11255
578 7120
5267 5268
9198 9202
1407 8434
1903 11950
5869 11615
10617 12088
11492 11493
592 4094
7195 7197
48 251
1478 2439
4552 5419
6713 6716
481 9563
4365 5598
4139 11196
2737 4935
6709 6716
4270 4271
10365 11414
8246 8247
286 3059
11605 11606
1765 4077
4193 10002
994 1034
8306 8310
4304 4498
8824 11069
6650 6652
7194 7196
2731 2855
468 10273
9825 9826
10724 10725
6030 6032
565 2479
4425 8212
5439 9681
7408 12055
796 10953
199 5810
382 7009
11610 11624
3579 9200
543 8324
7339 7341
9234 9236
5869 11623
9778 9780
159 5082
416 10310
7919 7920
4173 4174
1478 7695
93 144
4095 4096
9082 9678
2314 9248
11610 11634
6745 6747
1549 9597
2660 3812
479 1563
6042 6043
7847 7851
7332 7339
6751 7960
7333 7338
1258 6279
11613 11619
8843 8844
5936 5937
8506 8509
11916 11917
4217 5810
5335 5339
11618 11631
7542 7543
7217 7889
1855 8434
24 270
6649 6652
1249 1250
11284 11288
412 4643
3340 6928
8806 11313
8393 8395
3579 9207
4950 4952
9825 9827
7 5483
90 6374
3340 3463
3579 9202
11511 11513
4605 9724
543 6685
7873 7875
5440 5441
5952 7770
7916 7919
4846 6762
199 4216
6491 9721
9583 9585
8030 8031
12132 12149
4988 9341
4648 5096
2314 4268
286 2479
2275 4240
4198 9887
172 2506
2367 3242
10552 10554
715 11620
77 4959
1258 4914
718 985
3284 5215
9476 11843
10991 10995
941 2255
914 1248
251 6424
543 1498
2265 8824
395 3915
12163 12164
691 1319
3640 9830
913 7076
77 6672
4667 9395
9196 9201
7328 7329
7331 7332
7548 7549
10366 10367
6659 6660
10680 11580
7197 9570
37 1825
605 11595
179 4083
5675 5676
480 6545
6 8052
1360 12135
2446 10756
9046 9048
5747 9152
11940 12103
5132 11440
6102 8353
1 10419
4320 10776
4015 4016
494 4156
2446 10671
5132 11439
6089 8033
2577 5921
2786 4846
3483 6104
2488 2916
412 2675
9550 9551
1411 7977
11613 11629
9708 9709
5674 5677
862 2848
3640 7607
726 4229
479 5821
1827 3576
1968 4218
8017 8019
507 10724
7458 10452
344 7915
5029 10995
5878 6389
6226 9393
5133 5135
665 7121
11678 11679
4168 11798
7331 7340
1484 3732
5694 5698
1751 4946
6673 11067
83 11608
6711 6718
4937 4938
11064 11066
52 4589
7085 7086
45 6676
5306 5309
2539 2542
6715 6718
11940 11942
8863 10296
985 3273
507 8266
492 494
6077 6981
9976 9979
1692 3651
605 808
1 11791
4498 9197
9268 9345
5150 6194
807 1161
11613 11633
1067 6789
72 2679
1068 11155
4194 7196
5625 5628
3746 3747
3799 3834
5464 5466
7865 7866
3455 5355
2446 10673
4766 4926
95 553
6279 6544
10874 10875
8570 8573
11908 11909
3284 4859
7935 7936
11617 11633
4356 4935
10455 10457
7879 7882
6279 6543
10503 10504
5834 5835
507 6279
2925 9576
10683 10684
1028 9741
4458 4459
914 1249
4268 7026
547 4058
382 3375
2437 10970
2273 4240
6789 10925
5761 6217
1093 3326
3640 6157
8288 8294
3258 10088
2731 4131
4580 11757
2446 8596
9841 9843
3205 4812
7639 7641
2679 2680
96 1903
9981 10037
7086 8470
1196 7763
3858 3860
455 10311
7200 7201
83 9205
2873 3321
207 209
6232 6233
4321 5475
8884 8886
4540 4541
11618 11627
11625 11632
857 6469
2223 4373
4200 4202
370 1241
4541 10364
2312 9430
11810 11812
2925 7453
8027 8028
9199 9209
9200 9206
479 1606
4267 4268
1150 9630
5308 5315
5099 11561
6192 6194
9195 9201
829 4929
6708 6709
6745 6746
9204 9205
9225 9226
2627 9625
6424 7026
1855 1857
4373 7949
5752 6309
1572 12130
434 591
11600 11601
5443 6180
219 9514
3460 7964
5534 7756
9646 9647
4218 9511
551 2312
218 10458
9492 12173
456 5190
11414 11415
11613 11632
7218 8027
842 12113
434 2025
945 7103
6708 6710
9981 10038
5342 5346
605 11463
7763 10683
5713 5717
5683 9771
927 11344
3790 3791
6966 6968
11537 11538
3476 3477
5551 5622
10147 11624
6117 6119
8576 8577
4684 4685
11326 11327
3714 6004
5869 11631
8156 9208
7763 10681
8183 8185
6232 6235
1540 5831
11606 11607
481 4557
7763 10682
8663 11620
605 11465
159 1414
1411 4665
3799 8037
54 3842
1484 6146
209 1072
2423 4829
11615 11629
5300 7965
3533 6139
4400 4401
1211 2541
11611 11633
1385 2171
1141 1549
48 8101
5584 5586
416 1621
5224 9845
9134 9915
11958 11960
955 6409
252 5654
11610 11630
7492 8022
7955 11115
2358 2359
6030 6512
4611 4612
4952 4954
10380 10382
729 7823
543 9732
1302 6551
3368 8044
11243 11246
9300 9301
5997 9245
6744 6746
11780 11907
932 7408
8770 8844
6302 6303
958 5390
6112 9092
10907 10908
1 5262
5869 11624
715 5869
782 10776
3657 4523
1807 9682
5470 5472
1621 4559
3505 8650
11065 11068
511 6747
9813 9815
842 12112
6908 6910
1067 3278
6131 6133
842 6328
4246 4946
10302 10303
11616 11617
6056 7617
4684 5549
7503 7504
11873 11874
11613 11616
8416 8417
6103 6104
10683 10685
9841 9842
1229 6096
424 5591
10147 11630
4356 9594
382 3615
3100 8486
10147 11632
480 729
2543 6309
592 4093
1621 1710
9304 9305
8156 9194
4954 4956
3782 8773
8234 8235
1383 6676
6903 6904
2660 4925
4941 6847
6916 9980
10649 10754
434 9518
4267 7026
11575 11576
809 9083
1903 8806
2594 4667
19 10312
4018 4019
2625 9677
172 4951
3802 3803
4106 9058
5205 10443
684 9814
6400 6402
1072 1484
2085 8573
11491 11494
1911 6682
5255 5257
1808 8694
6462 6465
11615 11627
2925 7452
5172 5173
9134 9135
48 9251
4891 4892
83 9204
1411 8497
4261 4262
6228 11015
11067 11068
5806 7233
6321 6322
7011 7292
340 7904
8306 8307
3609 3613
1456 7813
5935 5936
7123 9748
11243 11244
7340 7341
2609 7952
3782 4938
2255 7867
5141 5698
10366 10368
11611 11628
172 4089
9275 11732
958 9484
1328 4573
1328 12194
1211 9871
11622 11630
11610 11627
11616 11631
11287 11288
42 7408
660 11305
6465 6466
1376 4265
172 641
8006 11284
11216 11217
975 3743
260 1141
6464 6466
7638 7639
1141 6685
3799 3801
6465 6467
11484 12027
5855 5856
2680 7418
5307 5313
2799 9702
8995 8997
10294 10296
9621 9623
4556 4560
6079 6080
5172 5220
5237 5238
4101 6346
4263 5132
7953 7955
8888 8889
1067 9260
2848 3858
7494 8024
9913 9914
2249 9759
457 458
8353 9056
37 1425
3799 3835
7325 11752
1034 10107
683 6928
4177 5505
395 2479
83 5004
543 8399
3340 3512
711 1898
8095 10116
716 7102
2171 4307
507 809
5654 6553
12067 12068
5729 10054
8840 8841
4676 4678
1668 6037
8052 8053
9300 9302
1765 4078
6227 7342
9299 9305
6 7931
3915 3916
1362 9035
7337 7341
5447 6776
5952 12088
10728 10732
1660 6648
209 1130
3285 9733
1945 8561
9197 9202
12176 12177
1150 9111
6247 6249
9203 9208
3743 9019
1275 10410
452 4089
11810 11811
2917 8477
6075 6076
4350 4351
8756 8757
2059 3189
10147 11623
11463 11467
809 8169
231 6375
11612 11630
205 10929
539 9597
1193 7763
3802 4381
218 7102
1353 5369
37 1710
507 10725
728 4281
1809 3802
6462 6464
1904 8806
62 506
19 2161
2539 5126
4308 6282
9034 9036
734 1493
11106 11107
105 1587
3728 9934
3651 11974
5671 5673
11560 11561
5572 5867
272 6877
9771 9772
719 4822
11620 11625
8477 8683
11612 11628
5422 5423
4686 4688
3579 3580
7634 7639
5777 11469
1977 4200
11285 11286
252 6424
479 1072
2597 9753
3579 9205
1034 3454
1861 7922
683 1072
4555 4560
10525 10527
6346 6348
5288 10479
578 1027
45 7228
8663 11609
7295 7296
8770 8771
1540 5574
4248 8767
1942 4900
83 7009
5101 5911
7199 7201
6461 6463
684 2808
2007 8588
4558 4560
8661 8662
1967 3069
8569 10277
5654 8123
955 7161
1080 10358
592 1968
1196 10684
7757 7989
1386 4961
1968 10302
11615 11617
720 12028
7822 7823
1881 3114
6424 8563
11629 11631
4293 6409
54 12019
2223 3292
1 4639
7237 7238
1234 8585
10673 12195
3346 9092
9419 10988
3862 3863
5305 5315
10324 10326
260 3930
1944 3493
5527 6973
8308 8310
9827 11513
4613 5952
10786 10789
3328 5502
684 729
5585 5587
1850 1862
900 1108
10730 10731
2851 4995
72 3465
157 1580
9347 9350
2283 8462
9346 9348
6916 9991
578 4088
3342 9006
7494 8025
8961 8962
48 382
8719 8720
3057 4859
10045 10046
11618 11621
5954 5965
5834 5836
11612 11622
5777 5780
479 2046
11780 11781
5420 8839
5551 5553
1881 10107
479 5308
4547 11069
83 10107
10727 10732
1411 4668
5561 5562
7367 8036
218 4031
3812 10854
1465 11595
10908 10909
10680 11421
11399 11401
1343 4607
11792 11793
4629 10725
9529 9530
3340 6489
303 8093
9484 11886
999 2213
1689 1690
1067 10759
9735 9737
6588 6962
3944 11772
5366 5367
11612 11634
1628 5354
3284 5489
11299 11300
5654 10655
6140 6141
5847 5848
506 1360
2797 9563
209 729
11609 11614
2003 9926
718 8574
5648 5861
745 3156
3483 8663
10729 10731
51 9208
37 868
96 3328
3558 3559
8393 8394
2731 4396
10050 11436
2388 11132
9141 11491
608 4752
2003 4106
419 3024
978 7860
6356 6358
718 3273
5252 5253
4552 8840
6245 6247
4155 9352
37 583
807 9678
11602 11603
2568 4107
2393 5580
551 9430
4217 5808
4225 9617
7198 7199
5600 5601
2225 9334
3533 9762
7011 7291
551 10595
4210 4211
1150 2799
5668 6220
3023 8015
4687 8788
9148 9150
7087 10006
144 4663
7997 7998
6744 6749
5777 11470
1445 8576
480 3744
12195 12196
5840 5841
7491 7492
6250 6251
4498 9205
2206 4685
2754 5196
3241 5805
6673 11069
4320 4590
7334 7336
1580 8043
2062 2625
11613 11630
4554 4561
5549 9110
9469 9470
5239 6156
1967 8237
4194 10001
144 11680
507 11238
1275 2287
10988 10993
949 6567
6983 6985
6955 6956
3113 3117
10430 10432
5669 11717
9457 9458
1621 4558
6197 7758
7761 7762
11333 11334
152 2393
1642 8265
5312 5315
300 8940
2916 10080
4959 6671
8394 8396
111 11261
382 2223
172 5287
9308 9310
209 7269
6346 6349
1729 7885
2229 2230
9119 9124
9199 9200
2797 5289
2283 8463
9230 9713
2485 6062
2057 7135
416 4372
931 3460
6449 6451
6117 6118
11613 11620
9284 9286
4488 4490
10147 11613
5220 8095
1077 8073
2020 5620
11629 11634
6229 6234
1045 4851
6588 11690
8652 8653
605 3888
2091 3284
8106 8180
3587 3591
7960 10685
4060 6346
2485 5150
5058 5059
1498 9049
6059 6392
4416 4418
2799 9563
6157 9831
2057 10456
6288 11740
48 90
5794 9057
1953 11940
7635 7637
8403 8406
6003 6004
3887 3888
4166 8271
4137 9318
12088 12089
7041 7042
480 8271
1809 4381
269 9596
11436 11438
5305 5311
5074 5075
8681 8682
9317 9318
11744 11745
8824 11066
4392 4393
2543 5235
218 5072
6078 6081
10796 10798
1399 7255
1213 9249
11011 11013
507 4955
7636 7638
11615 11619
1358 3051
1250 8240
5676 8203
730 885
5336 5340
759 760
17 4583
1309 10270
5305 5310
2289 10490
4496 4497
6227 6228
10679 11162
895 3869
2814 8028
382 5654
715 11632
4733 8894
3842 10647
507 2797
5585 5586
7548 7550
7508 7511
5310 6102
4261 11174
54 6254
5601 5602
2798 11867
479 6102
54 5231
11772 11773
9978 10035
11278 11281
9248 9301
5076 7146
8630 8679
591 9596
3460 4466
2427 8139
6077 9269
5861 5862
199 5808
107 6282
8102 9071
1712 9586
5339 6093
7866 7867
2439 6778
1193 1196
6076 6077
3815 3816
5805 11363
4640 4641
3604 5553
10086 10535
3240 3241
6000 6001
1731 9531
8335 8336
1621 3743
218 4061
6441 9178
715 6895
3114 11608
7780 7856
4648 6995
1717 5129
4399 4401
37 1315
1326 3663
7140 7141
591 8916
887 3321
10728 10730
3064 9194
11075 11077
8511 9110
507 6674
434 517
1621 4557
340 7026
1671 1672
1362 5621
4160 4163
9457 10813
4856 11742
6226 6227
5415 5446
4580 7528
3525 8866
6564 8562
6920 6921
2820 6801
4629 8249
269 382
5867 10460
2313 2314
2334 4064
5157 10556
54 1711
10160 10161
11632 11634
2225 5553
1275 7761
11176 11178
1599 7580
6074 6076
8290 8291
11973 11974
2609 10223
8156 9199
11651 11652
10336 10339
4263 11440
7871 7872
11626 11630
317 7849
8184 8185
691 3454
506 807
9203 9206
6281 6282
6127 6366
782 4320
1322 7418
6660 10095
9550 9554
683 3463
4544 4545
5224 5226
10670 12195
4193 9254
3992 4308
4803 4804
6866 6867
5626 5627
4160 5135
1385 4061
3651 11973
4263 4264
4210 4212
933 3804
1250 5970
949 5808
8251 8252
9753 12029
3604 5622
3114 11607
6289 6291
11619 11628
4553 8900
691 9137
543 3285
6918 6963
683 10491
683 887
3579 9203
7369 7370
1407 3057
8689 8690
718 4157
5888 8939
6660 10097
1660 1903
1314 8433
6710 6716
10989 10995
7291 7294
1161 11155
3856 11656
11333 11335
3197 6486
11069 11070
5953 12036
10627 10629
6059 6060
8185 8186
572 2172
8756 8759
7885 11130
665 8652
9303 9304
2799 11908
1241 10810
8307 8308
4806 11379
3605 8400
1196 7960
51 9198
3606 5622
955 1933
933 4678
11616 11618
7040 7041
8029 8770
272 1711
217 5231
1072 8911
340 341
719 4123
6970 6971
10147 11614
3750 9308
505 2625
5110 7990
7524 11016
507 1364
41 698
502 5611
5306 5311
9513 9514
7396 7397
660 4139
782 1711
6787 6788
7877 7878
2232 9618
95 2503
4890 11455
4147 4148
1649 9288
3633 4850
9419 10996
5069 5070
6595 8377
3797 6442
112 5110
480 4357
11609 11617
3558 3560
11244 11245
6435 6436
8246 8248
2686 5792
6650 6653
2314 8037
4613 10906
5972 5973
10594 10595
5974 11856
6525 7952
9644 9645
11614 11634
207 1241
6987 6988
4995 4996
578 2855
252 3802
2091 4321
38 10075
3583 8478
10579 10580
10990 10993
10731 10732
5867 9802
1275 3389
4548 12004
5440 10966
451 4089
6026 6442
5795 10019
5808 5812
2632 7277
715 11614
6116 6119
3655 5164
1465 5760
1572 3454
9456 9459
1 10584
4859 6240
6217 13687
8477 8684
36 602
11622 11627
480 1150
11611 11613
5154 7429
4767 12159
3858 3859
4914 6282
5461 5464
9402 9403
720 3284
10006 10007
172 4320
7303 8094
869 4088
40 252
6150 6154
934 3805
3114 3116
11946 11947
8677 8679
1193 10683
2540 3428
9738 9739
1680 3640
19 6334
178 4011
7333 7335
6192 6196
4316 5846
10335 10336
727 7437
4612 5747
551 10044
6156 10402
4139 11195
3857 3860
6493 6494
80 8696
4093 9284
5623 5624
6245 6246
46 866
7123 9483
3450 7284
591 684
1121 6093
543 8400
93 8783
2314 8265
3475 5105
10518 10520
6449 6450
1164 4818
11780 11908
3814 3816
7087 8470
77 6673
8680 8682
428 887
7326 7327
684 11886
12147 12148
2798 9630
3285 5622
6779 6780
6534 6702
303 7303
6551 9596
9195 9197
6149 6152
11623 11629
5021 6311
3017 4271
6029 6034
6746 6748
4209 4211
5211 5212
3604 5554
5447 11212
12206 12207
591 7338
5777 5778
54 2755
4552 8901
9758 9759
8165 11512
1904 6648
2446 8027
1650 7355
5692 5698
1715 5129
8323 8400
691 7441
9748 9750
2808 4356
4503 8273
6033 10873
9510 9511
4498 9198
8016 8017
4681 6751
578 10548
263 3539
926 4543
11303 11344
2085 10781
10564 10566
251 297
4428 8207
2046 5316
4767 5915
5654 9212
96 978
1407 2043
4340 4342
6463 6466
11881 11883
507 5257
7637 7641
5534 5536
4375 5681
6685 9334
8248 8249
72 3484
220 502
1241 6632
205 1262
6279 6283
573 844
7226 9285
11663 11665
4629 8246
3450 4541
9198 9209
7408 11263
7564 7566
266 479
2255 7865
3664 5593
7198 7200
93 4664
3057 9274
9299 9303
6031 6034
83 5652
6847 6848
4428 8212
1933 7161
6916 9979
10104 10105
9804 9805
6730 6755
2244 2245
3284 11853
5888 11005
565 3609
934 4678
1077 1093
6 7935
9929 9930
1263 1707
1248 2916
926 4456
112 913
6975 6976
11538 11539
4428 8211
1861 11702
4499 5853
3579 9201
4815 11815
1198 7514
11785 11787
10952 10953
1785 4082
7776 7777
11284 11286
1861 4320
3396 7119
41 9687
5155 5156
7763 10685
631 10580
764 766
3609 6783
54 502
54 8169
8759 9249
10914 10915
7872 7873
2265 8823
7918 7919
6757 6758
340 6424
46 3340
9223 9225
5535 5537
5728 5732
3571 7120
11612 11617
317 4916
3387 4166
520 8793
1164 5290
434 455
633 5483
3609 12131
7642 7643
901 10471
684 11885
4982 4983
7943 8584
1876 9517
4733 6008
4553 8840
3950 9741
11786 11787
395 4575
881 1920
716 1384
10295 10296
1072 6491
287 3386
4397 4399
416 8240
3580 9476
1572 5482
591 4093
1378 3493
207 1318
1130 3658
6 9872
1322 2680
3242 8052
6098 7836
6028 6034
10726 10729
900 9586
7162 7164
5661 5663
4994 4998
711 2255
451 4320
10525 10526
10681 10682
5798 5799
8025 10117
2005 6060
11616 11621
2195 5439
10621 10622
1027 2777
83 5650
8630 8633
578 1034
7327 7329
5114 5115
1996 7891
5908 11990
41 5669
214 382
11611 11629
8377 8378
1857 8434
434 1230
252 2709
10647 10755
62 5262
6191 6194
9119 9120
6464 6465
5076 7145
4904 4905
11616 11629
2091 3321
6063 9029
4486 4488
11809 11812
7960 10681
4427 8548
4095 9285
11507 11509
3868 11840
517 10634
10387 10388
304 4174
11515 11517
505 938
3799 3889
4261 10526
2446 10081
3378 5734
10336 10337
4811 11522
468 5591
1484 3340
201 1229
5462 5466
2360 5117
5869 11613
698 1161
6026 6027
10389 10390
9450 9451
7776 7778
11257 11885
2408 7999
39 252
2918 6182
8475 8476
11117 11118
543 5551
3155 4503
711 9649
551 10594
3284 11854
6007 6030
5910 5911
583 5160
6678 6679
10827 10828
10147 11611
4685 8369
2485 8434
505 2062
6325 6326
10405 10406
5591 10273
683 1484
3646 5849
6783 6784
382 1808
10126 10127
1425 9596
4220 4221
2660 10502
5648 5862
6222 8246
1851 9514
428 5974
1817 2111
7547 11949
11816 11818
591 4218
1740 6460
5288 10480
11682 11683
72 319
6915 6916
4612 5746
7123 7694
7492 8990
5224 5227
5268 7416
10367 10368
5354 5356
5205 10444
144 507
270 1613
5869 10147
1150 5562
8477 8687
4261 10491
5549 8511
385 412
11617 11628
5869 11614
1707 6768
4496 9792
1045 3633
4856 6089
2446 7218
1362 9531
2918 3583
1599 5715
698 2479
9402 9404
2918 4678
5714 5717
591 11744
153 2992
2046 5310
5418 5421
4607 9080
5996 6194
3580 12154
862 3858
68 8730
5029 10991
6708 6716
7322 7359
7123 8115
1442 7121
938 9082
300 9727
7893 7894
1290 2367
90 1933
7122 9748
1020 3525
6735 10929
593 8264
5625 5626
8596 10169
9491 9492
6075 6077
3206 4465
3064 9191
6244 6245
11421 11423
578 3571
9196 9207
5405 5406
4916 9152
1710 10481
5919 6546
1093 2814
111 605
428 9173
3389 8832
7129 11040
5329 5330
4339 4342
3023 11493
3205 4866
8680 8681
272 4086
551 3346
1587 6469
3389 4155
11609 11621
9205 9208
83 9254
683 3340
9992 9993
886 5970
4959 4960
5811 9300
2433 5574
1150 3387
9235 9237
260 4265
9202 9205
424 10273
221 4031
716 6062
62 6524
10995 10996
1211 1599
4642 4731
9664 10466
3528 7885
37 48
11621 11631
5954 7770
2730 9306
11929 11930
721 10007
3340 7830
6987 6989
5215 9701
3340 6491
591 592
9403 9404
7333 7336
2707 2709
573 6436
5326 5328
7998 7999
999 1001
11613 11626
479 9596
5809 5810
6786 9259
8555 8556
5210 5211
718 8573
7353 7355
4339 4343
6 10759
7388 7389
718 8571
1290 3340
8040 8041
10122 10125
6557 6558
938 3482
5728 5731
4938 7034
172 451
1358 1680
1378 1380
5852 5853
10987 10995
10080 10672
8911 8912
10099 10684
172 4590
3641 4279
931 4607
3915 10419
4629 8248
7757 7988
4811 9035
5345 5346
635 9968
507 5255
8156 9203
1067 2120
7547 8489
10297 10298
1380 7729
11955 11956
7333 7334
6673 9173
10647 10648
2799 7943
1660 8805
507 11296
7334 7337
1770 7580
6181 11150
691 4942
11587 11588
4487 4490
507 5414
395 4169
5817 5818
6226 7342
10167 10169
2025 5999
3484 5705
493 494
10994 10996
11620 11634
3460 7966
683 9644
10989 10993
4290 8196
631 10579
4665 5867
9681 9682
452 4321
2542 7517
9060 9061
591 593
4382 4633
7143 8404
144 605
395 9576
4847 8417
4082 9504
3389 6707
5171 5220
2755 9278
8911 9232
716 3057
8276 8277
11463 11465
6130 6132
3950 6608
272 2567
11622 11632
6920 6923
4605 7408
4977 4978
10680 11665
9347 9349
7393 7395
6789 12188
716 9394
3811 3812
11358 11359
1362 5108
1067 6788
6745 6750
4341 4343
3006 5185
68 4396
1808 1809
975 8271
4684 7577
3273 3641
3368 4574
10325 10327
5683 9770
90 1105
8663 11615
9990 9992
2665 6516
112 6062
4398 4399
4262 8974
9745 9747
8902 8903
5534 5535
428 10290
4558 6026
565 3613
5888 8940
4158 4159
9979 9980
11618 11629
7580 7587
715 11631
8549 8550
1411 4906
11255 11885
809 1067
6736 10930
432 10372
5669 6604
6038 6039
945 5235
172 720
2851 4994
659 3242
7289 7290
10080 10673
11613 11614
7147 7149
874 4394
2135 3450
9127 11576
3016 5791
3782 8684
6063 9028
11626 11633
2206 9281
2660 12089
7040 7042
83 3114
5306 5312
2446 2447
4093 4094
4547 11068
592 10026
1855 6429
2660 3961
2314 6216
10147 11626
4160 4161
8165 11511
4399 4400
6093 7758
1248 7218
3810 3812
1141 9134
4947 4948
260 9531
4983 4985
172 4321
9205 9207
4392 10115
6453 9752
8770 8843
1484 3811
304 12147
5021 6337
4425 4426
1385 3750
1211 1407
152 153
9195 9198
1026 6795
2312 2314
3898 7716
2594 9395
6551 9056
5869 8663
11614 11615
6374 6375
9302 9304
591 4092
9301 9302
6251 8662
8800 8991
3606 5623
7139 7144
10380 10381
6393 6394
4552 8842
5335 5336
3450 10365
3799 3800
6659 10097
11610 11625
2004 5959
7322 7323
4293 5148
11303 11343
11954 11955
9085 9088
1072 3732
251 315
2274 2789
11627 11631
2314 9303
2242 2873
945 7104
605 11467
5304 5305
2169 4497
1034 11606
9990 9994
9312 9314
804 7312
6231 6232
698 6279
5337 5338
636 6035
636 4568
4557 4559
5694 5696
11618 11620
1150 2488
3579 9199
4097 4098
4699 6697
6561 9534
9199 9207
2025 10879
511 6744
4666 4667
4607 7480
10829 10830
1638 6686
5888 7161
8403 8404
9491 9493
8107 8180
11014 11015
9200 9205
408 7335
1407 4907
5729 5731
1318 4165
6975 10047
1711 4589
144 3888
3482 3483
5308 5314
3239 12160
494 3967
7892 7893
11615 11623
808 5111
4385 4477
3604 5270
1635 6062
3533 3869
5304 5310
42 660
3890 8037
2366 9396
2675 8512
5831 5832
38 6440
4553 5418
7575 7576
4972 5761
10107 11604
764 2558
6595 8376
479 8353
54 221
680 4410
1711 6607
6183 7788
6709 6712
221 572
10416 10417
3670 7339
218 4481
2166 7706
4580 4764
3341 5270
10773 11608
42 72
4452 4997
428 5975
10099 10682
745 5585
7335 7339
7336 7338
6730 10298
152 8473
1112 7479
2797 2799
8239 8763
481 729
716 10925
4907 7885
7547 8490
1141 1484
416 6475
3389 9469
172 1262
428 11066
2172 7791
5288 5289
207 2223
1350 10970
1123 7351
4972 12166
6659 10095
3100 8491
62 1861
6957 6959
7491 8023
260 1150
6374 9251
7663 7664
2427 6978
3238 4051
207 210
2265 4544
11539 11540
862 3860
1000 1001
39 5854
4455 4456
4731 4732
9403 9719
250 4644
9299 9301
592 10329
5551 5624
11616 11633
8766 8767
10772 10775
8660 8662
1540 5572
5415 9753
1385 1711
10080 10670
6756 6759
1770 6789
340 958
1309 7614
452 2091
9701 12028
710 7864
2479 10267
9197 9203
8156 9196
6632 6633
3589 3591
54 218
4803 9122
2568 4355
9199 9208
4304 5073
5306 5307
10788 10789
5329 5332
8264 8265
1067 11758
1241 4644
8178 8179
11943 12102
1117 9082
3640 7522
11589 11590
219 1851
10927 10928
507 5415
172 9722
8156 9200
6909 6911
3663 5803
5728 10054
5224 5225
6309 11120
1 11792
8838 8842
8030 9006
11286 11288
11650 11651
842 11814
8116 8117
7526 9491
7878 7879
132 5700
10906 10909
3341 3658
11622 11623
958 4699
41 6883
317 4607
2020 5619
4455 8678
5631 7348
219 9512
8703 8704
7634 7636
1580 2613
6 397
5307 5312
9737 12166
172 3284
636 6036
11657 11919
5101 5908
172 422
7526 12129
10041 10042
3205 9043
8510 8511
172 5402
1211 2542
1710 5150
6818 6819
5141 5696
715 11627
975 7276
5762 5763
3337 3338
553 2503
1967 9511
8298 8301
5099 8695
9972 9973
231 1318
5558 10481
394 6195
10649 10755
938 2062
9757 10816
4263 7543
6309 11118
691 3904
1193 10685
5075 7145
4665 6139
1563 1606
12121 12122
4850 4852
8015 11491
3836 3838
636 1668
4554 4560
9582 9584
48 6374
2873 3322
5311 5316
11625 11628
10325 10326
1161 2625
3285 4629
213 759
3258 4849
112 3084
9993 9994
7565 7566
4106 9057
10035 10036
7788 12014
12205 12206
539 1549
4498 9195
11921 11922
1214 4132
8571 8574
395 1161
394 6093
6149 6150
6 9870
5369 6178
5330 5332
6542 10707
54 4031
1376 6044
4815 4816
2213 6576
9727 9728
4685 9281
2046 9506
395 7936
9762 9763
9421 9422
11297 11298
4684 8650
478 3692
9976 9977
3285 9732
8435 10914
66 2855
1572 5483
1248 10414
8029 8030
4857 6573
7451 10471
3483 6103
6 9871
9196 9203
4261 9721
7333 7337
10681 10685
507 6104
6451 6453
1196 6751
721 2854
716 12069
10679 11421
864 1146
19 11131
3641 4281
9059 9061
958 11257
6194 11027
6605 9386
39 251
729 1967
5867 7157
5802 5803
6178 6179
4320 4321
5729 5732
2057 2754
3580 10779
4498 9206
11940 12102
304 10700
1 7318
9679 9682
207 7011
2367 6221
1350 7830
11357 11359
10147 11625
2311 5092
11285 11287
6921 6923
41 6176
14 5867
6561 9962
394 6192
927 11303
3197 3202
715 11630
1150 9563
6092 6095
1117 6401
11621 11624
8938 8939
1751 6681
112 808
1861 5875
4392 5262
2511 2512
270 5268
711 7867
10680 11663
7824 7825
1740 6463
1150 1948
2091 5287
3590 3591
11495 11496
9462 9464
9552 9553
11700 11701
7265 7266
127 5591
1045 4850
11680 11681
7860 7861
5326 5327
3205 10429
10080 10671
2447 5172
7719 7720
37 7880
1407 9274
2926 7453
96 7861
481 4559
591 1967
583 1967
9300 9303
1399 6686
9449 9451
5869 11629
510 6417
5811 9304
9746 9747
3790 3792
9203 9207
6194 7758
3155 4903
395 7931
3930 9058
260 1376
6334 11131
4157 4158
5215 12028
7665 7666
3961 12090
10680 11163
729 4608
11617 11621
5662 5663
7162 7163
11609 11610
8477 8680
660 11306
8306 8309
37 6686
252 1808
4639 4640
8323 8324
728 4283
8823 11067
7512 7513
172 9723
1173 4809
7730 10933
6233 6236
2446 8675
1198 7896
6735 6736
9787 9788
11945 11949
2798 9111
591 4096
8183 8186
6776 11211
5335 5340
551 10041
9485 9486
2446 10672
6451 6452
5510 5511
315 1356
6139 6789
9887 9888
1322 5197
1150 4561
808 8585
8488 10902
3482 9083
11668 11669
251 3016
593 6525
1262 6736
2004 5613
6789 9259
11162 11163
422 505
1262 3321
4453 4455
17 573
4996 4998
11256 11257
5708 5709
1857 6429
10679 11422
11255 11886
3802 9682
9419 10990
932 934
4193 4195
7844 7845
3202 6486
7290 7291
6730 10297
2232 9620
5631 5632
4599 8198
2314 3801
4488 4489
7141 7143
7139 7142
2341 3967
4217 4632
3493 10895
10431 10432
2077 9476
7207 7208
1618 8946
83 11605
10107 11606
8773 12121
5233 7103
4555 4558
4946 4948
7964 7966
6 8053
1911 9536
1 4640
9099 9100
517 5086
4950 4955
7918 7920
10680 11397
1072 3811
5148 5356
4246 4947
2543 10925
1376 3930
8570 8572
3101 8491
7436 7437
481 3387
9108 9536
840 1241
6089 6779
7038 7039
11205 11485
2798 10052
304 5037
112 1572
8682 8683
5304 5314
9484 11885
4621 4622
6322 6323
7332 7333
11301 11302
416 1248
224 6207
711 941
839 6037
11279 11281
7846 7847
397 7935
11929 11931
3057 6062
1150 4556
47 7228
7855 7856
9199 9202
4304 4389
4996 4997
144 4664
105 11769
6108 6109
11612 11631
4416 4417
6392 6393
72 8663
2533 8829
40 11670
407 7503
287 3782
2540 9486
11626 11634
5235 7103
51 8156
6302 6305
251 416
6798 9313
10679 11423
386 573
5101 5909
728 3641
9492 9493
517 5140
5427 11601
2025 5751
11606 11608
198 199
10682 10684
412 2731
1445 5675
6744 6747
62 1862
5239 6157
9189 11277
9173 11067
1579 3888
8937 8940
4320 10777
8323 8399
6693 9385
1072 8912
2973 5429
8628 8629
719 3114
112 6946
5427 11600
9206 9209
2835 6250
1353 6178
1465 11594
5651 5652
5075 7146
6651 6653
4613 5613
10684 10685
1385 2803
5420 8838
3477 5105
2409 7822
11619 11627
1141 9344
4971 4972
11283 11285
300 2007
5902 5903
11779 11782
9968 9970
11614 11629
3836 7229
7910 7911
5881 5882
7575 9996
4254 7239
5147 5148
4261 6491
2851 4452
4489 4490
9195 9199
83 9193
12003 12004
3812 3813
913 3917
10113 10114
6756 6757
477 3692
6031 6032
1057 3860
7509 7510
5404 5407
4591 6292
4955 5257
591 729
424 468
41 10520
8815 8816
8630 8631
5138 5139
1770 7587
914 1250
3455 5148
4965 4966
416 1605
578 1168
9430 9431
11611 11626
90 6375
1834 2515
622 5914
1425 1967
3284 4089
215 3802
11616 11625
2046 8353
5654 9153
1141 6146
9779 9780
7603 7604
397 9943
633 5482
6572 6573
3812 10853
3483 4424
2046 6102
745 5588
5342 5345
11313 12027
3663 11761
480 1621
39 10589
9680 9681
41 6604
1478 9251
975 4165
1425 7943
7368 7371
2233 4972
6196 7758
6679 6680
9978 9980
8297 8299
481 4166
3340 9721
9347 9348
5654 9533
479 729
5692 5695
5256 6104
4293 5354
4612 7408
1117 6400
2803 5856
5339 5778
172 1264
5329 5331
2367 4419
1587 9385
9717 9719
1549 3292
10990 10996
5427 11599
11630 11634
11609 11628
9387 9388
62 5794
6973 6974
3714 6000
96 4066
3226 10081
505 9678
9991 9992
2108 2799
3242 8053
7331 7335
10412 10414
8569 9483
3512 8911
83 9207
5647 5649
5262 6516
5676 8204
2797 3242
1881 11608
5807 7233
665 8654
6918 8056
78 172
9173 11068
315 3016
715 11118
1492 4932
6029 6030
7778 10743
269 729
5305 5309
252 382
11629 11632
4596 6618
382 5653
10125 10126
1819 7378
6453 9751
5157 10555
2120 5288
5363 8333
6191 6192
492 4156
1411 4079
6275 6277
1851 7087
83 8156
6459 6464
416 7878
37 1638
909 910
40 382
4083 4117
3450 11415
8056 8057
9196 9209
1751 12056
3971 3972
8756 8758
3653 12102
1248 10080
3206 5438
5323 5327
506 3571
801 10970
7491 7493
7901 7903
7778 7779
4468 4613
7614 10270
8110 8112
207 7010
8506 8507
10787 10789
62 7200
10969 10970
1093 2446
105 4229
7335 7338
4293 5355
2314 3834
4951 4955
808 5110
3653 8468
6919 6921
207 4644
83 9191
2479 4808
11630 11633
4281 4283
4083 5903
1660 4762
3678 6169
344 3278
218 1146
10167 10168
6251 8660
6290 6292
7636 7637
807 9396
729 1309
2233 2917
5599 5601
10992 10993
4994 4996
9299 9300
6622 10012
492 493
11541 11543
8886 8887
592 4806
3240 5805
6948 6950
479 1453
6001 6002
8337 8422
144 4665
10147 11615
2367 2731
9126 9127
7326 7329
7330 8396
397 3278
9491 12173
300 5004
4997 4998
2314 4017
9148 9151
8299 8300
6386 7695
3916 3917
6673 11070
1322 2233
1407 2367
9195 9202
4424 4425
492 2341
718 2229
3930 4265
1635 2486
840 6633
9338 9922
2660 3811
1385 7102
6375 9855
10987 10990
132 8867
6516 11853
416 1249
260 1731
479 5312
8101 9071
455 7842
3898 4461
11791 11792
7492 8799
11617 11620
4279 4282
5566 5568
477 478
107 11436
1289 3533
6334 11133
11610 11623
782 1067
218 3750
2207 5291
1711 9279
715 11616
1407 3019
3389 9470
1717 7777
11622 11634
4553 8899
45 47
11506 11508
5323 5324
9348 9349
1407 6878
1275 8109
636 6037
1621 7880
1364 11295
11463 11464
734 1492
6 42
4419 4421
7330 8394
720 3782
3493 7729
8838 8841
7103 7104
8799 8990
632 9395
1328 8044
11614 11630
11656 11919
3240 7068
7874 7875
698 5302
5669 6605
5293 6753
6074 6077
42 3482
6093 6094
9456 9457
1072 3340
7978 7979
2918 8477
5562 10091
6230 6236
1250 1942
480 9020
11623 11631
3641 10542
543 9049
7408 9724
382 8694
3579 9206
60 61
11915 11917
4814 4815
207 958
5191 5192
938 5558
481 2024
3641 4283
3455 4293
1587 9006
9123 11975
572 1115
11617 11626
428 2822
11303 11345
10275 10276
4642 4732
6106 6109
315 7026
11609 11613
4539 5789
7670 7671
5535 5536
4198 9888
7866 7868
9224 9225
317 726
1213 2314
105 4862
5669 10332
551 3797
93 3533
11068 11069
2917 8995
83 9196
3797 11284
3613 6783
83 9199
11466 11467
4867 8705
10679 11163
5304 5313
434 5561
4346 10442
2596 5415
1605 1942
2161 10312
3155 5361
2335 2731
2632 8271
3051 4699
6063 8405
7356 7357
726 7304
2748 5600
9125 9128
48 6475
4421 4460
1264 6516
4667 9394
207 3744
4218 9510
933 3805
9198 9208
11614 11618
3870 4532
251 11670
1348 6946
2312 2315
457 10148
7865 7867
7194 8156
8787 8788
48 4304
914 2026
6110 6111
9805 9808
4137 9317
2057 10455
11609 11618
2674 2675
6918 8057
1911 3780
7123 9749
7526 7527
172 869
2335 7968
72 1322
4692 4693
2857 4943
83 9197
7593 7594
809 1211
9248 9303
10969 10971
6711 6717
4290 8195
455 2868
7979 7980
3476 5105
151 153
5553 5554
9551 9552
4591 6291
238 6686
1911 8287
481 4165
4906 8931
4820 4821
6001 6003
6747 6750
395 3284
11323 11324
9035 11522
42 7407
11615 11626
4685 6127
711 7868
5566 5567
6516 11854
5211 5213
1164 6729
4332 7157
1724 6963
5256 6103
6712 6717
8360 8361
9204 9208
3328 5504
127 10273
207 269
9284 9285
7777 7780
5888 8938
2070 5631
8283 12034
2249 5958
5215 5402
9769 9771
5599 5602
583 1825
207 7269
169 1034
152 168
4355 8840
975 4357
8030 10590
14 12130
5713 5716
3245 3246
5021 6535
2225 6685
5256 5258
9458 9459
2046 5312
10381 10382
2925 2926
11615 11630
9757 10227
4016 4017
8039 8040
12117 12118
1001 6576
4145 4148
8663 11628
2171 4481
4229 6059
3579 9198
6462 6466
434 2108
11681 11682
7334 7340
2210 9531
12054 12055
10388 10390
8716 9575
3505 5549
7969 7970
6104 11130
715 11618
90 6925
1161 11156
869 1168
1385 2637
4767 4926
1751 7316
4011 4083
11215 11217
506 641
10776 11702
9245 9247
4685 10391
382 6552
9419 10991
716 5235
958 1241
4472 4473
4878 4879
605 782
4329 4330
4381 7791
4890 11456
9594 9595
6708 6718
6729 6730
4261 10527
1484 6282
9199 9204
3560 9360
107 11781
4905 4907
481 1948
72 1909
209 10264
4357 4358
2314 7904
1211 2540
5793 6104
1729 10025
5699 5700
5469 5471
6788 9259
8024 8640
2596 4085
6104 6500
6093 6095
2026 5999
11610 11631
3842 10650
481 9844
6409 7378
1904 6198
6757 6759
90 9251
505 1161
9647 9845
3239 5806
6199 9143
5566 5569
8167 8168
8184 8186
2357 6965
7326 7328
2423 6879
7665 7667
9968 9969
83 9198
8308 9105
3389 9471
4419 4420
479 5305
2660 10617
4390 4803
90 1478
7315 7316
807 1211
10326 10327
172 2063
4803 9121
4246 4948
715 11119
8165 9827
2632 5582
1680 3744
2446 10167
300 2836
2223 7010
10387 10390
4959 6673
605 5760
54 272
9223 9224
3242 6429
218 2074
96 6648
1141 9135
4194 10002
2217 9003
8824 11064
83 7362
52 53
9108 9109
172 2074
1028 6608
4699 11886
5906 5907
4427 4428
5400 6387
517 2024
2579 10490
1028 3950
2225 5624
3799 4015
72 4607
5211 5214
3505 11719
9462 11772
6151 6154
93 4665
416 2948
3205 11921
698 869
7930 7931
2632 3743
1264 5216
3482 7968
10037 10038
4686 4687
9471 11585
11068 11071
62 7199
4332 5867
2025 6977
42 931
9428 9431
6169 8787
698 2702
7845 7851
3789 3791
12102 12103
1807 9681
9646 9845
8324 8399
9621 9624
578 8960
66 578
809 4089
4904 8944
10890 10891
5713 5714
11623 11633
11295 11296
4099 4100
4733 4734
7634 7637
3714 6003
1108 1712
715 11117
1587 3342
729 9506
715 6309
215 218
4733 7770
6452 6454
54 6607
5306 5314
112 11475
9385 10058
2197 2199
683 9721
6276 6277
6894 7710
10991 10996
6249 6251
2225 3657
11280 11281
1141 5974
4392 4394
3483 5705
3284 12028
9197 9206
1717 9348
5307 5315
10992 10994
7020 7508
6795 6796
1291 1361
5172 12063
11711 11713
455 4539
5405 5407
2917 6182
41 6177
144 3533
551 5794
7872 7874
8106 8178
6 7930
1141 4629
2367 2855
517 1621
8288 8295
10031 10032
874 5612
10987 10994
1072 4081
3583 8477
8156 9202
199 4633
6230 6235
6309 11117
62 641
9141 11494
11069 11071
1751 4316
371 2802
1311 7560
46 3512
5305 5306
11610 11618
11463 11466
10773 11606
5715 5716
9197 9207
8862 10294
157 8043
2799 11867
11594 11938
6246 6247
710 7867
4194 8156
684 11255
543 5553
12016 12020
10049 10050
1531 5531
45 1442
8478 8687
5222 5224
6228 11014
977 4642
5307 5311
3670 7334
210 4018
72 4606
10797 10798
10379 10380
1715 1718
5483 8138
3512 4221
7525 11017
3610 9091
3114 7782
9550 9553
2917 3581
10705 10706
11943 12101
8156 9206
2273 2275
507 9701
1411 10584
3944 9462
8017 8018
4547 8823
6712 6718
6060 7304
5581 5583
1057 2062
6279 9422
6195 6197
1034 7441
1303 12128
5562 9630
4101 6349
2171 4105
543 3606
83 9201
3533 9763
11218 11219
1211 6586
112 3279
1130 3340
3944 11773
11655 11657
7332 7336
1711 3189
6062 6240
682 1045
1639 11515
1911 9108
11625 11629
111 3284
4193 9255
10355 10356
11604 11607
4766 5915
297 4246
5908 5909
214 215
10019 11438
53 54
7557 7559
214 1808
4856 7324
6919 6920
3242 4399
5591 9910
7724 9142
2120 3284
6157 7606
5975 9134
6084 6087
3242 5289
551 9427
2388 6334
633 715
11256 11886
6231 6234
287 3284
3116 3117
456 5191
6275 6276
3284 8169
868 5796
12088 12090
1587 6217
6 1067
551 9431
2539 2540
683 3512
434 2798
11064 11065
9457 10814
7594 7595
984 9907
6086 6087
6556 6558
9082 9083
3428 7642
6921 6922
3782 9712
11064 11071
7120 7502
866 9268
4356 9595
5233 5234
4712 4713
1740 6462
1350 10969
11596 11598
4193 8156
3064 8156
11595 11938
252 269
6746 6749
2798 9563
4148 4944
422 3250
3341 8911
5648 5649
10016 10018
7436 7438
5482 5483
573 10620
4181 7080
2623 7937
5551 5623
6866 6868
4560 4561
2632 9189
6926 6927
2803 5855
11343 11344
11616 11624
8722 8723
90 955
5747 10482
2908 5164
10773 11607
252 1426
412 9018
2171 3750
10534 10535
1711 2803
8107 8181
2025 4354
2916 5421
11779 11781
1650 11339
3057 3321
6025 6026
6388 11363
216 7791
6033 10871
1020 8867
7949 9787
938 10480
4182 7079
11465 11466
2660 5952
3206 9015
1216 6853
4210 8924
3057 4392
2488 3743
4552 8841
9200 9209
479 691
6073 6074
11286 11287
4554 4559
4622 10460
3284 3454
5831 10317
11400 11401
2935 12114
3450 6883
6233 6235
1706 2135
2111 6501
263 3538
5292 5293
2135 4011
7640 7641
10872 10873
10649 10650
9206 9208
3341 3604
6375 7017
8888 8890
495 8805
3888 3890
10441 10442
6749 6750
54 782
4328 4329
5257 7112
7409 7410
1327 3799
3128 6220
10628 10629
344 397
6900 6901
111 9701
9121 10830
6542 10705
3016 5160
7835 7836
5806 6387
8358 8360
10679 11398
10147 11618
3057 7058
2925 3284
2914 10098
6463 6465
394 5996
10681 10683
716 4106
6078 6080
12019 12020
11282 11283
6649 6650
5418 5420
4752 4943
9230 9231
6245 8662
479 480
9016 9018
9082 11758
3810 3811
6710 6714
11617 11622
3228 3229
5312 5316
1848 11744
269 804
111 9700
287 10168
5793 5794
6776 8679
505 9082
45 6675
2675 4132
2046 5307
717 3057
2225 3285
4193 8037
83 252
2922 10680
7357 7358
10086 10534
11621 11627
2313 2315
6231 6235
5696 5698
11604 11605
5831 5833
7964 7965
4613 9338
3483 5257
4552 8839
2257 9149
3811 8912
2507 8089
592 10328
9650 9651
10147 11629
5811 9248
3780 9108
5869 11612
5134 5135
7147 7148
11625 11633
914 8241
68 6268
11616 11626
2873 5682
4837 9922
4606 4607
4574 8044
4047 4048
3543 5072
11623 11627
4293 6410
209 1867
1019 4562
4890 4891
11596 11597
8757 8758
1945 6563
2979 4988
10811 10812
251 1426
9419 10994
6840 10184
10476 10477
551 6112
51 9197
3732 4304
12005 12007
8156 9209
1150 3743
6375 6386
5242 5243
6141 6153
1861 7406
218 502
7328 8396
9971 9972
2367 4421
10019 11436
10657 10658
2120 10101
287 10481
6000 6004
218 1385
8571 8573
3321 3322
6030 6033
1484 7124
5567 5568
397 4575
636 839
7788 9280
11617 11618
1291 1359
1420 6720
1724 8472
510 511
3155 8274
10168 10169
710 1898
2543 11100
7990 7991
1250 1605
1240 2057
11621 11622
8759 9305
8703 8705
3258 7467
6934 8749
4907 8931
107 10050
3834 3835
395 3202
2046 5315
11610 11622
882 2045
10458 10459
1326 9598
2507 10542
5533 5536
10773 11604
8626 8627
317 9152
216 4381
9121 10829
10456 10457
1193 10684
4796 4797
4163 4164
10555 10557
1196 10685
6486 10835
975 4358
5355 5356
7195 7196
11826 11827
7952 8916
3812 10558
2446 10168
2062 9082
370 10812
4867 8717
7844 7846
507 9700
3889 3890
6191 6197
3533 5917
9810 9811
2026 10879
726 6060
5869 5870
6 344
2754 10171
4279 4283
4086 6877
3813 10558
914 4356
9173 11064
1531 10272
2917 7089
7547 11947
7704 7706
2085 10780
5463 5465
839 6035
11780 11782
1248 7882
2652 9338
3245 4960
4434 4435
766 10372
410 5341
4217 5809
479 5314
1262 10929
1587 6693
5183 7820
5694 5695
9086 9088
842 6327
6226 9388
635 9970
976 4731
7122 10278
6622 10011
5869 11610
61 112
4994 4995
42 1407
1817 6501
8937 8939
3799 6792
456 5192
11587 11589
4955 5415
7490 7493
216 8694
807 4838
7785 9114
6630 6631
209 3658
5627 5628
4498 8156
9207 9209
8815 8843
7330 8393
11623 11626
11609 11623
4261 5131
591 886
72 7480
857 6693
1057 3859
8554 8555
11616 11622
10099 10683
3632 3633
7334 8786
1161 6117
4106 4107
2479 4407
9419 10987
207 7507
11632 11633
11468 11470
10379 10382
4344 5363
428 8824
2799 3387
1425 6551
571 8195
11620 11626
8407 8408
481 2025
1067 5293
5309 5310
11620 11630
1302 2046
6222 8248
3800 3801
2908 10597
3450 11414
729 4479
422 577
6 7936
9503 9504
6034 10873
7218 8028
218 1384
172 578
557 6365
479 5309
1549 8904
887 11174
3655 3656
322 4967
4178 4829
9769 9770
9308 9309
4268 6424
47 7092
2755 3189
5234 7104
4166 4357
12016 12017
4552 5418
745 5586
11401 11402
1777 8695
5715 5717
7339 7340
11798 11800
716 2543
6153 6154
11491 11492
2917 9244
9978 10038
4291 4292
4867 8703
2918 4676
4056 4057
8297 8301
272 9278
728 4279
1572 5110
11624 11631
12014 12015
3341 3657
4177 5507
11298 11299
5674 5676
4230 4231
7885 10025
4533 8512
2789 4240
10460 11987
416 1942
2059 9279
11076 11077
4559 4561
8634 8635
10328 10329
6093 11027
3655 7764
10415 10417
1945 6564
1072 4221
721 10006
10955 10956
78 2074
592 593
2233 11769
1407 2578
9738 9740
11619 11624
1419 6720
317 2289
1262 6735
432 481
5420 8840
1877 2085
8024 9101
2077 3580
1128 7914
452 5287
577 2367
1302 9056
286 3454
42 2367
938 2625
8288 8291
11613 11623
8718 8719
218 6254
11946 11948
10036 10038
199 4632
10099 10155
13 322
8730 8731
5235 7104
10147 11627
3338 7060
502 4031
10374 10375
1707 2062
7885 8945
3604 3606
660 11196
7292 7293
10331 10332
3450 10364
5461 5463
11631 11632
481 7943
9469 9471
220 1384
3670 7338
209 1751
3450 8417
6532 6533
5763 5764
3605 8324
5257 6104
416 1710
6029 6033
11284 11285
4492 4494
452 4590
2918 4677
3533 6298
1621 4554
4201 4202
269 479
11512 11513
5993 5994
10991 10992
5915 12159
218 2637
4341 4342
7335 7341
10960 10961
6943 6945
6244 6248
5028 10992
7845 7846
2166 8962
9375 9378
1599 7243
1249 8240
54 7356
229 340
54 2171
698 9494
1861 6524
7143 7144
543 9334
5428 5429
807 9677
494 2242
573 12003
2922 11580
4955 6103
11914 11918
716 717
46 7125
9709 9710
721 7087
10107 11608
4951 6849
1027 6739
505 5349
7161 11004
10994 10995
3017 4269
3640 5239
269 7614
2737 2738
665 6677
7009 7011
5170 12063
1248 8240
6279 11373
8235 8236
144 3346
3832 3833
7491 7852
1751 3258
869 6279
1851 2901
977 4731
874 2366
9086 9087
4453 4456
479 12004
214 8694
11615 11624
4229 4972
12205 12207
11492 11494
10095 10097
5212 5214
4104 4105
2077 12154
1166 4346
7394 7395
8376 8377
7778 7780
480 4358
2709 5644
3242 4401
4941 6848
7408 9829
9462 11773
2007 9728
1827 9835
3743 9020
4081 4720
6039 6040
909 2870
344 7936
3512 4219
5921 7411
4548 12003
934 6603
4162 4164
4165 7322
12101 12103
882 10674
9086 10221
1691 7386
83 300
73 4929
2748 5601
6069 6707
1680 6156
4950 4956
5869 11617
54 809
8675 8676
8220 11178
2485 6240
3744 4165
5528 8138
4665 5917
5307 5316
9192 9193
11611 11630
2314 4267
4162 4163
7404 7406
3285 5623
3640 9831
9197 9204
5363 7792
96 1660
11622 11626
481 4556
11614 11625
636 10374
3653 12103
5888 11004
6 2367
782 4837
2274 5947
11624 11632
3482 4605
6913 6915
2675 4131
4866 9043
300 1819
7286 9003
4952 4955
1034 4674
2070 11368
1211 2873
3374 12120
2439 9855
287 10479
5108 11522
2540 5126
3848 7891
2561 11443
6251 8661
11947 11948
6356 6357
2674 4643
8961 9827
6708 6711
4499 4500
8675 10413
7437 7438
3557 3559
10679 11397
11282 11288
2908 10596
6710 6717
5224 9647
6874 6875
3802 9681
11905 11906
11628 11633
424 9910
3340 10491
2070 11369
4972 9737
2161 9740
112 720
11474 11475
11043 11044
10773 10774
5306 5313
4556 4558
3505 6127
11421 11422
3340 4261
6788 6789
829 1751
1128 6125
5908 5911
2437 10969
4392 6516
111 808
1548 10532
715 1264
8179 8180
1953 11943
395 8197
6964 8056
172 6240
1628 6409
6849 6851
4350 5624
6960 11691
1747 11718
6245 6249
1318 3744
6450 6454
11343 11346
5369 6179
9173 11070
1967 9510
10080 10497
5403 5406
881 7949
4332 4665
2507 3641
5081 5082
889 10441
420 1045
495 2279
6 6429
1378 1944
1807 1809
1026 6796
8896 8897
4301 4304
1249 7879
10989 10990
6132 6133
11508 11509
7953 7954
2479 5744
6103 7112
931 4605
4357 9577
5731 10054
1717 1718
6934 9943
7142 11251
8289 8290
7823 9596
412 8512
5974 11858
4984 4985
716 4667
47 665
10224 10226
4219 4220
2166 8961
4260 4261
715 11612
408 7332
8663 11621
8863 10295
958 8538
5777 8959
11618 11626
184 5660
6192 6193
5795 11584
3016 7026
7123 8501
6542 6543
6116 6117
5805 7233
4915 7936
10617 12089
3057 3284
7598 7599
17 385
10294 10295
639 8037
1264 7412
11784 11787
5028 10988
573 10621
8488 8489
3512 3811
592 11379
5593 5595
3856 6279
2242 2341
5913 11574
10224 10225
887 7932
6451 6454
3100 3101
1360 6801
866 9345
5869 11634
9248 9300
3579 9195
1407 1599
8759 9299
1322 11556
8102 12197
505 5350
6119 6158
11439 11440
9197 9199
4387 4695
5453 5454
6282 6542
958 11885
3189 4068
869 9495
807 4837
11610 11628
9618 9619
7317 7318
684 958
1372 4951
3284 3321
1731 5621
9117 11107
1407 6336
5315 5316
8570 8571
9764 9765
6247 6248
11282 11285
229 7904
8570 8574
4304 4804
6556 6557
8015 11493
2427 8140
5256 5415
3240 5807
2225 3341
3848 4568
543 3341
152 5866
9534 9962
3284 10101
172 5262
4498 9203
1808 4381
11135 11146
716 6139
10411 10413
999 1000
5778 5780
220 572
3114 11606
5020 6337
11163 11164
8030 10589
11610 11616
1343 9080
9248 9249
4949 5867
11618 11630
10017 10018
11609 11611
340 8037
420 5073
8596 8597
209 3979
2446 10080
1148 2727
1264 3571
866 1141
7777 7779
5305 5316
2831 7977
6118 6119
8102 11585
4316 5848
62 5215
11244 11246
4261 4263
7226 9283
5305 5307
684 9815
11155 11156
1909 3465
11624 11633
605 8495
866 4472
4278 4279
7884 7885
2609 6525
219 3206
6000 6002
172 4859
408 8497
8996 8997
9457 9459
2343 3242
2748 5602
8039 8041
55 7356
11400 11402
592 9114
434 5751
3465 8035
9127 11575
11666 11667
807 2873
3640 6156
8996 11556
1364 4914
593 8265
10123 10127
5695 5696
2255 7866
719 4821
434 4356
1809 3803
633 6991
9840 9842
8630 8632
6280 6281
11625 11626
48 3732
157 8325
1275 10918
5028 9419
5029 10994
926 4542
3346 11322
83 9203
452 10067
10672 10673
318 3484
1262 6534
416 7881
2469 10894
8863 10294
4801 8717
7333 7341
48 5232
11690 11691
5307 5310
958 5999
11188 11189
6746 6750
4483 8109
11626 11627
9202 9206
455 456
3428 9804
4145 4147
605 11466
6873 6875
217 11082
10680 11164
4554 4558
1248 10412
1383 6677
1034 1881
7967 7968
397 6934
422 3346
7844 7851
9302 9305
11604 11608
1478 6375
3030 8239
45 6560
605 5867
54 217
6786 6788
720 7854
10907 10909
543 5622
9084 9087
1672 5425
4648 6994
5171 5172
1072 4079
10147 11634
3538 3539
4321 7684
201 2534
230 7904
105 9737
6709 6718
105 7479
11626 11632
3743 7277
9199 9201
634 11591
4062 4063
5150 7880
1896 2257
3529 7386
9201 9208
11958 11959
7777 9346
3340 3811
11514 11516
7383 11363
3358 3946
2579 9152
4995 4998
5419 10080
24 5267
11629 11633
251 252
4397 4400
3340 8912
1362 2210
833 6641
6429 8053
5426 5974
4553 5419
691 693
3428 9807
3861 3862
7337 7340
1275 3358
2274 2275
8156 9204
480 3743
4539 10311
507 11373
42 2822
8041 11368
3389 8831
1072 2225
5067 5068
2674 2731
11614 11627
3714 6002
10419 11302
2485 2486
2091 4859
1807 3803
2046 5311
8306 8308
481 4561
3284 3782
3670 7341
10989 10994
12006 12007
4599 4600
6059 6393
6297 6298
10476 10478
1621 4555
1584 4782
6861 11075
3658 10264
6193 6197
1 4641
4428 8210
5210 5214
1824 2223
10656 10658
5868 5869
10906 10907
218 634
1141 3292
11622 11633
169 4297
934 3804
4083 4940
4180 4416
9665 10466
5535 7756
4457 4459
1322 5423
5805 5806
4095 7226
13 4967
512 5587
8156 9197
9582 9585
6589 6590
2917 8996
9695 9704
4161 4163
2367 7885
8554 8556
5309 5311
636 1996
4452 4994
10500 10501
634 4481
5110 7991
5312 5313
3743 7276
7218 10670
5863 5864
4847 8416
5441 5442
1150 4557
6913 6914
4498 9200
10622 10623
682 2727
6156 7607
4407 5745
218 2171
2206 7284
2577 7410
4699 11256
7717 7719
2848 3859
9197 9200
11243 11247
1177 6559
2702 5302
6871 6872
37 2485
11629 11630
286 1411
4541 10365
578 7502
199 5812
9299 9304
5502 5504
5746 5747
1633 2273
5811 9302
2845 7001
1264 12135
5587 5588
48 252
8781 8782
2709 7507
1072 5999
5361 5362
495 1904
1498 1500
4076 8085
300 2279
1660 9143
633 5528
1250 4900
54 4589
72 4605
5182 5183
12164 12165
2851 4997
6941 6942
8487 8489
73 829
3744 7522
2439 6374
4596 6305
5693 5698
1328 3368
4137 9316
6671 6673
715 12114
66 7120
11219 11220
5287 12189
3557 9360
7705 7706
8399 8400
6156 9831
2578 6336
2249 9760
506 901
862 2062
7982 7983
1407 6069
6246 6250
479 5315
1407 5883
10068 10069
3455 5356
8404 9029
4344 7792
6059 6394
479 1191
132 6288
6650 6651
715 11610
8195 8196
451 2091
9840 9841
111 720
8169 10101
11043 11045
7359 7361
4625 4626
9600 9602
8310 8311
4856 6572
481 2797
3284 5216
5584 5588
6112 9057
2543 6789
1248 10411
4558 4561
38 1747
8178 8181
11118 11119
68 2731
1599 5563
3732 8101
2409 2808
2675 2731
2217 7286
2479 5302
4316 5847
12016 12018
11455 11456
7776 7780
12187 12189
11613 11621
4166 7276
8299 8301
6673 8823
1809 8694
207 250
8395 8396
2062 3860
7637 7638
660 6355
7885 9982
502 503
591 6551
7143 8405
5327 5328
83 9206
6030 6031
839 6036
7293 7294
2255 7868
6304 6305
3580 4975
2242 4089
1161 9083
6449 6454
2798 3387
683 8912
1196 10681
4613 5954
6536 6537
2214 4949
2279 11313
551 6267
1150 4560
6709 6714
1248 2447
481 4560
5672 5673
727 3528
7492 7493
4553 8839
4261 6489
7729 10895
5310 5311
10430 10431
7020 7510
7823 7943
2046 5304
2062 3858
5414 6776
7338 7340
1196 10683
2799 11780
6080 6982
4056 4058
51 9203
8488 8490
10479 10480
7226 9284
2062 3859
6459 6460
7871 7875
683 3341
8637 8638
3023 9141
543 1500
210 4019
4015 4017
4165 4357
1141 4373
2485 9274
2623 7938
6092 6093
6077 6081
495 11313
4224 4225
2266 4546
1348 8996
11117 11120
252 1425
7492 7494
5223 5224
7389 7390
2265 2266
1751 4246
3587 3590
3914 3915
41 6741
2314 13694
5909 5911
132 1019
6028 6032
698 10267
41 2830
1953 3206
1412 10931
8652 8654
1540 5833
2918 8478
2627 4939
887 3284
6140 6142
4102 4103
10810 10811
2020 2022
759 2471
4959 6672
7326 8396
7252 11372
632 7163
3057 6516
889 10442
11618 11632
9978 9979
2596 12029
2798 2799
83 4498
83 11604
5262 10115
112 715
1067 9259
4592 4593
1161 9082
5072 5073
720 4089
112 2627
1621 2025
6976 6977
11621 11628
3581 9244
5470 5471
2025 10223
958 1130
480 7276
6303 6305
207 382
11620 11621
4303 4304
7508 7510
1944 10895
512 5586
1808 3802
1861 7921
6916 9985
10993 10995
198 4216
4194 9254
2314 3890
6063 8404
2828 6608
5654 6561
4552 4553
1248 1249
1710 2485
37 1642
5701 5703
1548 8902
1953 12103
4573 4574
10147 11612
1034 4942
958 3744
684 6199
8663 11631
8310 9105
3614 5662
10727 10729
3811 3813
72 5705
5331 5332
5096 7049
2533 8830
1484 5232
7954 7955
8663 11610
172 12028
3641 4280
5097 5098
479 5820
2446 2814
7420 10907
2836 5004
300 1350
5505 5507
10107 10773
4914 11295
172 11574
3533 8783
4539 7733
9152 10482
7524 11017
1628 4293
719 4820
1213 11458
1412 2077
887 4859
54 807
7335 7337
4699 11885
1027 11928
93 4663
5190 5192
5349 5350
507 2076
10679 11665
3678 5747
6548 6550
5805 6388
926 4453
209 4644
9830 9831
159 5081
45 11689
7140 7143
3797 6026
172 3057
6944 6945
10553 10554
6229 6230
42 9724
434 5562
10989 10991
8115 8117
6199 7724
6960 6962
9203 9204
2446 10419
4856 6678
157 2613
3240 7067
9121 9122
11345 11346
479 7943
1068 11154
978 5439
3836 7230
7764 11112
1360 2820
7236 7238
2367 4468
1249 7881
698 4169
639 3890
10681 10684
2926 3284
4515 5232
1819 2135
5805 10159
632 2543
11343 11345
5026 5027
1262 8511
5585 5588
1751 7396
874 6686
11067 11071
2287 3946
958 11886
869 7755
660 9870
11627 11632
3205 9042
5170 5171
1072 2046
4350 4352
10364 10365
52 9413
9198 9200
5363 8334
2822 10481
11617 11629
2161 11133
10379 10381
4017 6063
1945 3716
11618 11625
3653 11943
120 8767
10988 10991
90 9855
6552 6553
38 11718
4733 4735
6549 6550
2851 4998
11617 11631
8275 8276
24 691
10314 10342
42 809
394 6191
5568 5569
6932 6933
3239 3240
10122 10124
5952 5954
729 805
4684 4709
683 8911
3633 4717
90 231
1649 6179
8759 9300
938 10481
1877 9494
1740 6464
54 1161
3811 4924
3346 6112
4193 7904
976 4642
428 1710
428 11067
269 4689
4558 6426
5415 12029
11594 11720
10810 10812
1861 7405
7332 7337
941 7864
1587 5761
428 1315
11516 11517
1911 9109
766 2340
7334 7335
782 1861
684 1660
4107 6062
809 1161
1849 6400
47 6560
7547 11948
10122 10123
728 3835
1953 8468
3533 4665
1191 4548
5074 5076
11663 11664
3606 5624
6077 6079
1163 11145
8663 11623
8500 8501
39 10590
3961 10617
6867 6868
5439 9682
3843 3844
1599 4526
8718 8720
10124 10126
1164 5659
5305 5308
2748 2755
479 1309
3189 9279
3202 11322
4544 4546
4106 9926
5344 5347
8902 8904
68 8731
9471 11584
11672 11673
10295 10680
4398 4400
4145 4146
2660 4924
592 9970
10617 12090
932 933
42 4607
2367 8052
3463 7830
1258 11295
6862 11075
4690 4692
572 4031
9718 9719
51 9205
11585 12198
11948 11949
11619 11632
11882 11883
716 4107
7693 8569
6079 6081
729 4609
9805 9806
5506 5507
865 4472
6245 8661
6347 6349
730 12115
3284 8303
215 1809
2917 11556
1407 5882
5133 5134
9127 9128
10050 11437
3831 3832
10050 10051
