9680 9682
1617 8314
10012 10013
385 1017
111 1850
1751 1985
297 639
2161 8985
6192 6196
11614 11624
7492 8025
11650 11652
1264 6801
495 1904
13275 14068
8004 8007
3493 3494
3670 7333
2873 10067
247 248
416 3624
11873 11875
7634 7825
61 938
10813 10814
5021 6535
632 2543
4607 9081
730 1078
37 1638
2242 4156
3579 9200
7291 7293
2933 2934
3114 11605
583 5975
11630 11632
419 14095
51 9197
2836 3375
2446 10169
840 9683
578 14091
3579 9203
1519 12156
955 7378
6227 7342
5869 11612
1948 4556
677 679
7634 7824
8148 8150
4612 5747
1248 7019
54 1211
7139 7140
426 4125
132 3367
3558 9360
10619 10621
457 2521
10620 10623
6744 6748
2686 3016
209 958
51 1478
19 588
633 2367
4938 7034
14014 14016
218 6254
42 1161
5631 5632
1738 1739
9238 9288
6334 8986
62 2571
517 1362
11254 11255
300 804
481 2041
11615 11626
4856 6678
1729 7885
4745 4746
9149 9150
5463 5464
862 13209
13142 13315
2193 2194
4175 4178
242 246
10787 10788
4093 7226
5440 10966
1067 3543
9201 9204
3662 3663
3624 7019
54 219
5869 11614
4393 4394
1711 2754
4907 8931
3284 8303
2920 4845
543 2224
1670 1671
7822 7823
2341 4156
11612 11617
698 6282
48 3732
3200 3204
3505 11719
433 3455
51 4498
479 6769
938 2062
5806 6388
4262 4263
1150 5562
12016 12017
1572 2367
1616 1618
8156 9202
172 2639
914 2025
4952 4954
4856 6679
6 9871
4796 4797
10726 10727
416 4371
1164 5659
985 6353
479 2475
665 2710
3804 4033
1321 1322
1173 4809
6355 11305
1817 2976
7337 7339
54 3189
682 4717
4809 7258
873 1634
209 1241
9614 9615
3454 5489
9198 9208
2925 7452
407 3604
4498 9209
693 2004
172 6516
46 7124
54 4031
3326 8028
3113 3116
11609 11629
1724 6918
632 7163
4425 8210
5823 5824
9306 9307
1710 10481
592 2686
4346 5059
12133 12178
8937 8938
631 632
8570 8572
5196 10171
81 2258
1000 2213
11076 11077
4685 7577
297 4246
507 4955
210 4018
10787 10789
3285 5552
45 6677
11477 11478
2335 3482
66 395
153 807
2577 11197
4387 4695
9552 9553
11617 11626
5400 6387
507 5415
1196 1843
11607 11608
9404 11221
6916 9986
1121 7758
3278 4915
2057 4086
4079 5290
4108 7129
804 9596
1967 9510
11945 11948
54 2059
4969 14141
2920 4846
10679 11422
6029 6030
4557 4558
3661 3663
7196 9569
172 577
11619 11634
2011 11386
428 7782
1964 3415
8310 9105
5625 5628
8159 8160
11621 11624
6157 7607
3797 6026
2338 2340
5683 8739
395 578
734 736
370 4293
7942 9702
4850 4851
4160 4164
6894 6897
455 4976
2335 2855
10842 10843
4175 4177
370 1080
218 2755
2639 2641
8718 8720
2797 11285
159 5230
5694 5697
5336 5339
2983 2984
5820 5821
428 927
13 4967
4547 11064
5572 5867
9275 9403
2746 2747
3202 11322
5427 11769
218 2577
37 1825
1412 1413
2246 10669
3606 5553
782 1711
5553 5624
112 1768
4094 4095
6711 10373
11609 11617
6916 9989
1751 10088
2578 6336
9689 9690
4955 4956
869 870
270 6877
5414 5415
4217 5808
2835 2836
5863 5864
11626 11631
7724 9143
1258 6282
1072 6491
14 2797
573 4548
11227 11229
9204 9207
583 602
485 2108
7873 7874
1485 1487
6346 6348
83 9197
5308 5315
7494 8024
683 8911
873 1635
4545 8824
4060 6348
6633 9684
250 252
1234 2543
11622 11628
11619 11622
2446 12196
2059 9278
62 2335
2279 5004
2057 11460
10680 11422
2288 2289
2639 14067
4176 4177
39 8030
2510 2513
1291 7712
5483 8138
8025 9102
929 930
480 1318
8510 8511
11914 11915
14005 14006
457 480
7789 8976
5210 5213
78 2873
1540 3348
207 249
3090 3091
2639 2640
2062 3860
252 3375
422 2712
3199 3202
11224 11229
5696 5698
111 2251
2798 5562
2135 5902
2289 4521
9086 9087
508 4057
6439 7959
1093 13987
81 82
1380 7729
8567 8568
11400 11402
781 782
5831 10317
2798 11855
19 8986
287 2004
300 1349
209 210
260 1362
4907 7885
6059 6393
7086 8470
395 6267
2314 4015
714 715
1308 2725
4589 6607
1159 1168
8565 8566
938 1161
3811 4925
782 5231
395 901
1407 2578
5556 5557
11227 11231
11332 11825
1247 1249
455 7733
2026 2609
124 1035
578 873
4086 5083
7729 10895
5535 7756
7942 8584
14089 14091
11853 11854
1116 3828
6322 10382
6089 8034
1933 7161
1513 2445
1078 10089
597 1565
2873 5322
728 4281
172 3380
395 577
2225 5999
718 4159
591 2661
38 1746
6757 6758
3850 3852
4962 9571
682 2727
4263 10526
3856 6542
60 1862
1309 10270
4356 9594
5081 5082
4291 7246
6141 6150
3528 7885
2660 4925
1214 8714
5808 5810
41 2830
4350 4352
7865 7866
3091 3094
6007 6512
215 1809
172 3284
11615 11629
809 1213
3804 6603
862 13115
287 3782
3609 3613
3543 5073
7458 8799
551 10594
5101 11989
3504 4477
715 11634
11874 11875
4629 10725
1264 6516
4095 9285
1671 1672
5869 8663
9196 9209
1911 2825
9739 11884
1548 10532
2166 8962
3851 3852
9533 9534
3244 3245
6150 6153
105 4229
9990 9994
1911 9109
2436 2438
7490 7492
3533 9761
565 2479
54 4086
2848 3857
11075 11076
5222 5224
5228 5229
7978 7980
61 112
11610 11620
4469 4470
3239 12160
5760 11594
2223 3292
7123 10278
1249 7882
868 1642
13 1633
1962 1963
1304 13084
9134 9916
1485 1488
1543 14137
8001 8002
5869 11613
11615 11616
4889 4891
456 5192
11882 11883
6303 6304
5404 5405
12960 13301
11611 11612
4555 4557
320 2258
455 7842
4004 4005
678 679
714 717
3114 3115
13988 14075
938 2822
615 2667
1407 4907
11609 11619
410 5341
4097 4098
3640 7606
269 5004
78 4321
5300 7965
1360 13301
6874 6875
4269 4271
6951 6954
159 4125
3544 3546
434 840
93 6297
10729 10732
1710 2485
1419 1751
5846 5847
3189 9278
432 8659
397 7935
11610 11612
1017 1019
1291 1599
107 11779
432 1080
2273 2275
6392 7303
671 5759
179 4940
1078 3145
2510 2512
2686 10086
2973 10584
7175 9367
583 1876
2731 2855
434 1077
13187 14004
1196 10684
1967 1968
578 13274
888 7646
5654 6552
3482 7480
2925 3278
3454 13782
4015 4016
4280 4283
3533 7967
1161 2025
10011 10012
715 11618
83 9206
578 1417
11346 11347
46 5232
41 220
60 423
483 1302
2446 10670
10679 11397
2638 2639
479 5305
5549 9110
865 4472
5795 11584
152 8473
8003 8004
1248 7881
578 13116
10670 10672
7064 7065
5622 5623
269 7943
8246 8248
2660 12090
3346 4106
4075 8084
4301 4304
5305 5311
37 1315
4607 7480
10617 12088
5330 5332
872 901
12850 14166
5182 5183
1519 5760
2917 3581
1724 6964
386 1019
199 5808
5311 5313
6287 10900
172 506
715 11620
12005 12007
24 51
2004 5960
1141 6282
1944 3493
1942 2464
4217 5812
4340 4343
6798 9314
1248 2446
3789 3792
5083 5085
11609 11622
1718 5129
7844 7847
4106 4107
4592 4593
11619 11628
2108 5561
10726 10728
1247 1248
54 1383
1545 14079
382 7011
3579 9202
11615 11630
5920 5921
218 7791
13 14019
804 2045
434 2916
172 2640
314 315
5108 11522
6875 6876
1067 9260
5453 5455
1067 9259
1894 14064
209 251
3340 10491
6126 7914
766 2338
4946 4947
6896 6897
455 7734
699 703
1639 11517
578 8169
887 3284
90 6375
385 1019
83 1034
48 7207
2006 4616
710 941
8038 11155
4293 6409
9683 9684
1660 1903
7226 9283
3384 3385
9428 9430
2447 5170
5761 6217
10167 10168
3114 11604
11611 11625
9276 11732
1407 2043
842 11841
3366 7818
215 8494
11625 11630
1263 4136
8000 8013
808 2335
209 340
395 4526
1248 10080
11617 11632
1681 10401
1161 3040
592 11745
7413 10467
5155 5156
955 1933
2540 9486
153 2393
1707 2062
7333 7340
7173 8517
6709 6713
5159 5160
1779 1780
804 1616
2207 7258
927 11346
1112 7479
83 1750
1548 8904
11225 11227
5654 8500
3342 9006
1081 3979
105 4972
5806 6387
842 8977
578 876
664 2710
2409 3448
6216 8655
691 3454
683 9644
3610 6586
543 6685
958 3586
83 9147
199 6090
1385 10564
7276 8946
5554 5622
72 318
11633 11634
10970 10971
2076 8267
1855 6429
7943 8584
7556 7557
1146 10459
578 1159
4339 4342
127 5591
5211 5212
11621 11634
10387 10388
684 5117
14013 14015
270 2754
1211 1635
591 2044
5869 11624
351 13253
718 4157
5419 10080
1161 2479
2627 14066
7943 9596
840 1241
11225 11230
3380 3528
9582 9583
479 591
112 3279
2958 2969
1898 2364
4815 11814
7173 8519
1484 6146
2979 4988
5442 10657
267 714
7663 7664
5869 5870
1343 9080
2797 8053
4419 4675
2342 8927
11360 11362
6668 6669
2279 2836
7123 8569
149 1240
6975 10046
1057 3858
218 8015
5120 5121
1904 8805
8911 8912
5647 5649
5732 10054
3228 3229
3743 9051
224 6207
3648 3650
507 720
10943 10944
1942 1943
2191 2193
1824 1826
6686 7255
9195 9196
3240 5805
1021 13000
476 478
874 4392
11515 11517
4699 11255
6596 7074
578 1416
6878 6894
3205 9042
1017 1191
2439 3193
1486 1488
6386 7695
8116 8117
711 7865
3115 3116
7265 7266
252 3615
808 13969
832 1677
1322 7418
6754 6755
2808 3886
73 153
9188 9190
428 11069
4629 8246
633 1385
138 3337
2367 6220
9275 11313
1425 1426
7937 7938
370 2400
207 211
8156 9196
9200 9204
1540 9802
11611 11624
11180 11182
6245 6247
3604 5622
11387 11388
77 6672
172 395
2479 2481
2567 2569
840 841
382 5653
5662 7687
11811 11812
9173 11064
90 9251
10004 10005
4856 7324
4265 6044
5653 5654
48 6374
344 7935
1465 5760
6247 6251
2312 9427
1904 8806
10006 10007
577 4468
1442 7121
9603 9604
2798 9563
1362 9531
1780 3425
7640 7641
269 420
634 11558
7125 8101
703 704
1857 8434
422 3250
1849 1964
4592 6786
616 617
52 272
543 5624
3961 12088
303 304
408 1411
52 1711
172 13142
6983 6985
1400 2089
3128 6220
424 1909
2063 5743
592 1962
7122 9749
578 14094
591 2662
10647 10650
938 1862
9358 9359
5759 5760
7359 7361
592 2943
434 481
106 107
1356 1967
874 10842
6280 6282
322 4967
3992 4309
716 2569
6392 6393
8477 8684
5911 11990
96 639
4765 5823
4806 11379
726 7304
269 4689
172 5216
3444 3446
11181 11182
2046 6551
881 14084
3782 10101
3858 3860
9205 9206
8084 8085
1248 10412
841 842
591 7943
3609 12131
1549 8902
9202 9203
5533 5537
891 929
4560 4561
1066 3114
14 1211
2056 6894
808 2491
2786 6762
1141 6685
4155 9351
13324 13996
3533 4663
218 1384
1572 8975
11584 11585
416 8240
112 913
1076 2273
7122 9750
11614 11628
481 2025
479 3050
451 1236
1824 2277
252 538
1751 7315
7123 9750
420 5073
90 1105
416 1605
10635 10636
1635 5839
152 13253
7874 7875
96 13390
481 5965
9680 9681
42 931
7084 10637
4136 6269
1150 2799
62 5215
2175 2176
4203 4204
340 8563
480 497
4194 8037
1817 3283
8675 10412
778 3739
1817 2996
2242 4089
1304 14007
3284 3321
2901 5664
3641 4283
2540 2541
3088 3194
153 1347
975 9187
10519 10520
4426 4428
881 1920
2934 2936
6282 11378
1067 10759
1950 1953
809 1161
209 249
207 958
12117 12118
54 1384
24 5268
11228 11231
7959 7962
592 1848
6975 10045
1967 3069
583 5160
3799 3890
7492 7493
395 4169
1019 5699
82 84
11620 11632
2161 8986
424 2223
634 11611
3197 3201
6545 8164
3533 6298
451 2091
639 8037
4308 6542
54 3750
8001 8003
1241 10811
14080 14081
1487 1488
416 10310
1287 1288
3450 7283
7324 11752
207 7507
2367 4419
10052 10386
452 4321
1434 1435
840 9684
11226 11229
172 7244
7296 7297
45 1442
6195 6197
11615 11620
8297 8298
711 2009
1149 3027
7290 7293
5212 5214
807 1067
1453 1606
2993 2996
9173 11067
1072 7124
2485 3057
9310 11103
1896 9149
96 321
11305 11306
52 53
484 2108
15 18
5256 6358
8156 9206
3858 3859
71 3999
2374 2375
7087 10006
382 9533
5811 9248
1352 3821
1168 3382
416 7881
8115 8117
10670 10671
52 218
199 5812
5363 7792
683 10491
2367 4421
2043 6878
571 4290
474 1336
433 607
2916 7218
1618 14065
51 9206
6079 6081
765 14081
8148 8149
1159 1160
2045 7245
428 2822
3670 7335
7290 7294
10108 10109
8524 14017
10934 10935
9503 9504
5654 9534
958 959
54 1395
2485 5839
6862 11077
1807 14114
1386 4961
4544 4547
901 1291
54 218
2072 2074
4182 5806
564 793
8000 8002
95 553
6788 6789
796 10952
12155 12156
3782 8684
639 3799
14029 14030
300 1425
420 3328
3782 11574
1842 3367
1020 3526
3904 9137
83 5651
1415 1417
8030 10590
72 8035
5553 5622
72 7407
10518 10519
428 10290
730 2837
5462 5464
1465 4022
886 5970
9149 9151
12163 12164
2091 5633
3064 9194
7085 7086
6063 8404
480 4357
1385 2171
481 2798
7998 7999
975 14124
4969 14140
2747 5121
6437 6438
5669 9832
90 2374
958 9484
96 1904
2161 9740
5561 5562
270 5268
2004 4613
1143 1144
344 7915
904 905
4281 4282
914 5751
9427 9430
9146 9148
543 3285
3205 11922
2161 6334
266 479
7557 7558
543 3605
4685 6127
1240 1435
5533 5536
46 543
434 1230
1807 1808
4557 4560
891 1444
5675 5677
641 9966
172 9723
664 665
54 9278
615 1714
10670 12195
9207 9208
2958 2968
860 1572
9727 9728
2265 8824
5920 5922
874 2366
61 1850
4635 7218
370 13998
3799 6792
9153 12152
635 9969
3347 3348
2120 2121
2053 2055
5256 7112
3430 3432
242 247
2067 2632
3744 6156
3543 4481
1819 2135
9227 9229
1289 3533
700 704
16 17
83 10773
11612 11616
3062 3063
7334 7337
3605 5554
1633 2275
11655 11657
11255 11257
958 1230
428 887
507 1364
17 7105
4167 4168
1362 1731
2225 9334
3856 4308
3231 8730
1431 1432
3386 4613
385 1020
5941 5942
4177 4178
7271 7272
1230 1350
5752 13315
4635 7245
5808 5811
385 387
832 2984
62 2278
617 14044
592 6525
540 11766
10682 10685
11615 11617
419 3024
7163 7164
6141 6152
840 10638
412 9018
382 2708
154 8270
4452 4994
2108 5562
1329 3352
3546 3548
1044 3632
386 573
5649 7897
2046 9506
6062 6240
11615 11623
297 11726
4481 5741
111 3284
6254 9666
5210 5214
4972 12166
765 2340
9202 9205
564 794
4279 4280
5811 9302
2660 10617
5309 5315
8930 11483
4261 10492
4101 4103
1264 6895
7935 7936
14157 14158
301 302
1067 4592
1909 3465
615 1327
1751 7396
4095 9283
1141 2223
9769 9770
8518 8519
220 8337
4544 4546
1020 2803
1196 10681
10080 10756
5454 5473
3067 3068
10622 10623
2901 9513
394 641
2046 8353
3538 3539
11606 11607
105 11769
6493 6494
578 14160
479 573
4261 11440
2108 2798
382 1808
300 8940
83 3579
8030 10589
62 1850
5092 6589
11244 11247
7339 7341
14015 14016
10596 10597
718 985
10681 10682
103 106
157 2613
2675 2676
252 7507
466 7713
563 566
489 490
517 10635
8655 9146
10335 10336
699 704
1291 2577
11245 11246
382 2223
4057 14003
13012 14084
1621 5150
2916 8675
1093 1248
14013 14017
4712 4713
2437 10970
5232 11611
1933 6409
11621 11627
48 49
1093 8680
7956 7957
83 9193
683 6489
1546 2390
5552 5554
5426 5428
1851 7085
517 2024
2195 5439
1208 1210
1817 3187
14144 14145
5692 5693
1660 6198
39 251
46 1302
5535 5537
394 9967
4095 9286
691 1034
1150 4556
1141 2437
7226 9285
11588 11590
54 2755
1116 2208
7357 7358
7763 10681
2798 5561
5427 11599
4583 5389
2710 13676
9650 9651
2675 4643
2125 2126
9195 9202
11507 11508
795 2019
1030 1031
2797 5288
5694 5698
8806 11313
4635 4636
317 1911
1116 2967
408 1072
3258 10088
4123 4124
5304 5311
9086 10221
479 4548
13994 13995
14 1143
1077 8651
682 6185
1362 5108
9200 9207
10297 10298
3647 3650
9484 11255
4381 7791
3664 7700
3884 3885
6682 9108
711 7864
10147 11625
11622 11623
11616 11630
10525 10527
1264 7120
1188 1189
344 4915
11132 11133
138 10567
684 11885
37 428
5442 10658
152 5160
6751 7255
4158 4159
179 13215
716 3057
4667 7086
1045 1315
260 2149
7226 9286
6140 6141
2257 9150
2059 2748
172 1143
4229 6060
3166 3216
1241 8977
4261 8974
3670 7338
11624 11629
269 1948
4915 7931
4524 4526
2340 2558
218 4663
24 1034
782 9082
1208 1209
593 2800
7333 7335
8150 8153
4949 7157
4977 4978
6424 7026
2920 3241
715 1360
144 8492
37 693
6334 11133
11604 11606
407 868
977 7301
2731 4132
6747 6750
46 2225
2625 9082
1599 7243
270 14182
2754 3750
1328 1541
8000 8004
111 1851
11613 11630
172 14160
4178 6879
11619 11629
7087 8470
9202 9206
300 729
93 6298
479 1318
7636 7639
8911 9232
507 10724
1424 1770
8013 8014
2059 3189
3454 10777
11623 11629
578 1519
11940 11943
2632 9188
480 4166
4592 6789
947 2907
729 2045
1950 3432
1548 8903
9234 9236
1150 1948
3284 9700
3799 6729
1193 1196
698 1877
3023 3024
1014 2257
4175 4176
9199 9203
207 208
8405 8406
481 9358
11613 11627
7864 7868
4468 4613
7885 8945
9200 9208
2702 5216
745 5585
1407 4842
14143 14144
5886 5888
4684 9110
172 4394
2596 4085
2731 4395
3383 3384
2009 3189
3655 3656
88 1809
4263 4264
4605 4606
807 9082
1419 11096
4382 4633
112 808
2791 2793
2803 5855
62 14157
3741 3742
450 451
8024 8025
5806 5807
3743 14178
945 5233
1881 11606
1812 1813
229 340
5623 5624
37 382
2387 2388
215 4381
8939 8940
9387 9388
17 11880
11613 11626
1364 4914
4168 8503
300 684
8024 8640
5822 5824
5974 11856
3647 3648
11344 11345
10656 10658
551 3930
9016 9018
7162 7164
199 4217
843 844
5441 5443
765 14168
62 1851
9234 9237
5510 5511
1721 1723
166 7276
5855 6181
1587 4972
452 1519
96 14084
244 246
3483 11611
4076 8085
10107 11607
6673 8824
715 11624
10907 10909
9612 11478
3016 6424
588 10144
5403 5405
9195 9197
1407 1599
9492 12173
6217 13687
6193 6196
3242 11549
4166 7276
269 497
4587 4588
1751 3258
14134 14136
8492 8493
4165 4166
2594 4667
3017 4270
8025 8640
8492 8494
5027 6511
11506 11508
420 6099
11623 11624
632 5752
9198 9206
344 7936
2748 9278
5256 5257
3579 9196
11404 11405
1724 8057
1380 3493
51 9196
6059 6394
865 4515
7598 7599
7669 7670
1248 4086
941 7864
5388 5389
720 1168
1613 4154
543 3341
386 1020
6198 9142
4427 8548
3583 8478
615 13186
1019 3525
2135 4083
8210 8966
5587 5588
887 1315
421 804
4699 11886
512 5584
382 1425
61 14157
2855 6639
1319 1320
4583 5388
434 2025
479 1072
14134 14135
2479 5745
172 14094
42 807
9708 9709
1067 1117
72 3465
1196 10099
7110 7111
2120 10101
10093 10114
3930 6044
209 1867
3338 3339
54 8015
5654 6553
3340 8911
1309 7614
8001 8004
1116 7564
13208 13209
2446 5419
62 938
2045 7218
1248 2916
2121 2122
8307 8312
842 11814
4419 4460
7763 7960
2797 8052
66 640
3258 7467
420 14096
144 9057
9103 9104
287 10168
220 2074
2596 9753
37 870
10621 10622
938 2625
149 1200
3655 5164
9963 9964
11625 11626
683 10492
512 5588
734 1492
6717 6718
1348 8996
2917 9244
5306 5311
1855 8434
3640 6157
54 2805
4166 4357
38 11718
6789 12188
19 6969
666 2710
1968 10304
1241 6633
1229 4622
3557 3559
6949 6950
1861 1862
683 887
46 866
5256 5415
1613 4086
2556 10028
11361 11362
3340 9721
1912 4356
4293 6410
1817 2813
2255 7864
3611 3612
5594 5595
11611 11614
2652 9922
5831 5833
1045 13390
975 7276
448 4022
3533 4665
665 6676
112 3084
2071 3086
434 1150
2660 8033
11599 11601
226 4391
11629 11632
2805 11261
6633 10776
395 450
10577 10578
112 589
1116 1117
4016 4017
5021 6311
578 14118
1150 6624
10016 10017
1621 4559
11583 11586
4596 6618
237 238
955 6409
2388 11132
3646 9911
2737 4356
269 7312
6357 7227
690 13675
468 10273
6716 6718
1021 13243
4684 7577
19 8984
6789 12187
2259 2261
228 229
2737 4935
801 10969
13211 14157
3799 3887
975 10662
407 4727
6152 6154
941 7868
7970 7971
9583 9585
578 5215
3812 10854
11069 11071
1141 1549
5653 6552
807 8169
81 5445
11803 11804
286 571
3292 4373
251 5975
6745 6748
60 2335
7218 7245
9718 9719
4498 9200
82 14166
5110 5111
1493 1494
684 1967
6334 11132
6150 6154
1328 8493
2025 5999
978 1045
3242 5288
6075 6077
506 9396
1028 7994
4493 4494
4453 4456
764 2340
6392 6394
4803 10829
9604 9607
169 632
938 1707
8564 8565
422 2367
4498 8156
6409 7378
958 1358
2426 4898
1076 2275
11612 11613
219 1385
720 7853
7942 7943
4890 4892
7229 7230
592 615
7491 7493
83 4465
9198 9200
2063 4320
4592 9260
407 2045
2918 6182
726 9152
5439 9681
571 8196
1352 9625
3483 5705
11791 11792
11595 11938
3890 8037
8029 8030
5213 5214
1282 1283
861 1416
13207 13209
8937 8939
8039 8040
1290 3340
3155 8273
493 829
112 593
4453 4455
304 6690
5454 5456
133 3353
11226 11228
8985 8986
11205 11485
5304 5316
1618 1803
6246 6248
1688 2393
907 908
11613 11625
3164 3215
8152 8153
578 2855
2639 13274
1876 3568
9679 9681
1411 4906
684 2045
9806 9807
573 10623
5157 11167
2257 9151
782 2234
9870 9872
2043 3812
6112 9092
8570 8571
10728 10731
5310 5312
517 10636
1130 3340
716 9394
11066 11067
218 562
562 3375
11067 11071
173 4204
2314 3887
3428 9804
7503 10386
1383 1442
8642 8643
4308 4309
2334 4064
715 11625
1077 10090
7381 7382
424 2207
9223 9226
4053 4063
2041 8562
11229 11230
24 2572
1415 1416
3064 8156
2485 6240
683 3341
7245 7246
1211 6267
10336 11806
11500 11501
5157 10557
2916 10080
9484 11254
172 1159
3544 3545
984 985
6648 11950
207 2584
317 727
207 1318
2360 7350
51 9205
10147 11624
207 1074
3797 5922
435 1186
60 112
720 2120
394 1121
3202 11591
507 4914
138 1122
866 929
217 220
8024 9101
2004 10679
434 537
7289 7290
11622 11632
10444 11804
9646 9647
4079 4720
7124 7125
869 8451
730 2242
10443 10444
11943 12101
209 5390
207 2709
11947 11948
2446 10756
5810 5812
2867 3182
1445 8204
2634 3340
3666 3667
4082 9504
5575 5577
8630 8677
1057 3859
5327 5328
945 1372
874 876
4629 8248
77 6671
1377 2449
4075 4076
4346 5058
1350 3340
5908 11989
8002 8010
121 9273
6795 6796
3070 8321
2489 3274
5534 5537
1815 1817
5599 5602
9204 9208
1168 8960
209 7268
1894 1896
452 993
5228 5230
4291 7245
8309 8312
1519 8038
4060 6349
4634 4636
3714 7850
5447 6776
1348 2917
474 3421
6282 11437
61 14158
1545 14137
680 682
8297 8301
2004 10680
1967 4218
6439 6440
1248 7503
720 8169
12118 12119
1717 7599
4766 4767
2442 5643
9035 9036
7531 7532
8011 8012
2161 8984
9429 9431
927 11345
434 9518
11604 11605
10411 10412
420 14095
10504 11165
11628 11632
6131 6132
209 3979
300 829
479 483
550 3128
66 972
11614 11621
829 1870
7452 7453
54 3543
6963 8056
730 14079
8101 9071
8663 11632
603 1409
10811 10812
1543 2626
583 1963
269 5919
2660 12088
2207 4594
10147 11611
6489 9721
9492 12174
105 1847
7558 7559
2057 10456
782 807
11881 11883
218 1903
8333 8334
7139 7144
3340 10492
1141 1350
397 1540
9186 9187
868 5795
11436 13988
9484 9485
8000 8003
201 985
11610 11617
371 2802
6538 6541
2851 4994
99 260
3360 11521
942 13076
2686 2687
557 3655
842 2002
507 3284
3460 7964
3444 3445
7289 14038
172 422
212 6113
13274 14067
6744 6746
4113 5662
5110 11854
2026 10879
2062 9678
132 3366
317 1078
5908 5910
8276 8277
557 6365
6918 6963
3024 9141
5076 5077
1635 3057
13982 13984
7123 11168
4596 6335
3374 5738
5996 6191
4385 4477
72 7480
1108 5082
1618 2627
718 4322
511 6748
721 1372
4290 8196
6673 11064
431 1019
6276 6277
159 5229
2166 7704
11615 11622
4241 13986
1157 5468
60 1850
2686 5792
7492 8990
3346 3930
479 497
1322 2456
2927 2928
578 864
1896 8655
8240 8241
591 1962
11624 11632
394 6195
9604 9606
107 10050
3950 9741
8663 11630
395 1161
252 583
4351 4352
1877 9494
2057 2756
8407 8408
565 782
5952 10617
2485 9274
9299 9303
1549 13687
452 2091
1711 2567
52 6607
8484 8485
42 1211
218 11361
608 1119
340 11458
8403 8406
1072 4081
1712 9586
1743 1746
300 543
1903 1904
475 477
172 4089
37 868
62 641
382 7010
5669 9386
9403 14141
1548 13687
2223 7010
745 9928
3640 9831
3062 3064
6220 6799
5661 5662
151 1175
715 6516
10288 10289
984 9907
2062 9082
1825 1826
52 2803
340 9249
7959 7961
4194 10001
3166 3215
3888 3889
319 3484
6 344
5447 11212
1803 2627
10476 10477
13115 14103
9198 9202
11945 11947
578 13207
9195 9203
7334 7341
481 1621
6673 11070
2439 9855
683 684
52 9413
412 4131
2309 2311
172 4395
11101 11102
412 422
729 1617
5974 11857
6934 9943
1214 1750
10336 11807
14083 14084
11609 11627
2111 2509
6686 9396
4591 4592
10772 10775
2436 2437
733 948
8450 8451
1020 8867
3337 3339
1067 6788
1191 12003
8007 8014
801 10970
9550 9553
3284 9723
8823 11069
5354 5356
2731 4131
2529 2530
394 6897
8261 8262
7949 14083
5233 5235
159 5228
11256 11885
978 2195
11624 11625
9476 11843
11609 11615
2067 7277
5944 6293
6285 6286
269 481
5668 6220
207 7011
6538 6539
5141 5693
583 1642
37 6751
4209 4212
149 2489
7123 9749
12132 12133
9141 11492
1903 6648
54 1903
6786 9260
5805 11363
2748 5600
1291 11361
17 385
6156 9830
1211 9870
4995 4997
11615 11625
11618 11621
1196 7763
945 7104
592 2044
7011 7292
869 6282
2068 2069
6001 7850
1211 2540
592 3568
1812 1814
24 2573
1587 6060
5073 7723
768 2436
1811 1813
3604 5623
48 1425
8824 11069
201 4622
300 2135
721 2854
344 3278
370 3455
3477 5105
81 2256
1676 1678
217 1383
583 14073
39 252
1031 1032
6539 6541
5954 7770
11609 11621
7866 7868
538 801
7575 7576
484 1302
3601 3603
9199 9202
12018 12020
87 754
634 3202
9583 9584
10730 10732
4395 6268
317 420
1691 7386
1067 3128
55 7356
12170 12171
7143 7144
45 690
1130 5390
716 5072
41 6741
11344 11347
169 4297
2223 2225
1807 1809
5300 7964
1861 10777
1187 1188
11611 11862
1148 1149
416 1247
9594 9595
9990 9991
54 5072
2489 2926
9484 11256
474 1335
7638 7641
3116 3117
2166 4958
1108 2367
5697 5698
8297 8300
4229 4972
3505 8511
10107 10773
4229 6059
635 9970
5691 6366
455 5789
3587 3591
3579 9201
7956 7958
2568 2571
317 592
4951 4956
10147 11610
4240 4241
691 1027
1319 1606
716 6789
735 736
9195 9198
297 3624
8023 8025
831 4667
37 2394
1478 7695
260 6044
4452 4996
11940 12101
1751 3368
885 886
267 715
730 10900
4596 6305
4293 5354
4626 4627
4498 9202
4498 9207
2528 2530
1358 1680
9202 9207
1014 5445
61 808
230 340
578 874
4101 6349
1173 1175
5306 5316
6916 9990
344 7931
152 153
5996 6193
1948 1949
925 927
5114 5115
698 10006
479 1116
2311 6589
4717 9809
3194 5298
3245 3246
3284 9722
422 3930
6895 6896
583 2044
1027 3571
3609 3610
4016 8404
46 4763
762 13678
715 2702
2623 7937
1810 1814
3206 5348
1211 4136
81 12850
2091 3284
11619 11631
2225 5270
2442 7433
3782 4937
3063 3064
432 435
11436 11438
263 9418
11623 11625
3646 13309
8799 8800
2918 3583
593 8264
2917 4677
5692 5698
7009 7011
11257 11886
54 12069
2232 9620
8008 8013
4341 4343
172 901
10647 10648
214 252
132 1018
172 13116
680 4410
96 7860
386 965
7564 7565
5256 6357
10147 11632
14012 14015
90 960
4613 8351
4972 9737
5650 5651
5232 11591
941 7867
3604 5552
3012 3013
480 1309
4267 7026
6878 8220
869 4088
479 12003
88 1045
3556 3559
1026 6796
7337 7340
4145 4147
1356 3016
105 1112
1451 1454
1132 1133
60 938
2667 2668
1572 3454
1587 9385
2025 10223
506 3571
7365 7366
11610 11614
8823 8824
578 10548
395 7420
432 504
3205 4465
87 2125
730 2838
6709 6712
6748 6750
1617 2632
1080 5941
2063 3111
3285 5622
4521 4522
3543 5072
710 7867
8002 8007
840 13095
591 11744
252 1426
458 7842
83 1881
3782 4938
874 13315
218 8694
5921 7411
1127 1128
7195 7196
422 577
11804 11805
2388 11131
11067 11069
809 1211
7684 9578
422 3346
7207 7208
6713 6716
3164 3216
2025 10879
5683 9769
5600 5601
1849 8074
565 3609
5255 5257
1377 1691
11303 11345
8008 8014
1335 1337
7509 7510
88 96
4498 9195
2485 5838
5693 5694
6952 6954
138 3339
4161 4163
975 8271
8008 8012
632 2479
397 3278
3022 3024
3579 9197
1628 1819
1168 3385
1163 7976
588 10143
1407 8931
5578 5579
480 1302
7409 7411
1385 2577
718 2230
507 5258
3091 3093
4358 9577
11064 11066
1851 7087
862 864
3916 3917
2283 8462
7257 7258
1318 1320
11218 11220
10099 10685
5661 5663
9403 11221
172 13209
10147 11629
4211 4212
83 11607
317 2579
480 9050
2004 5613
3189 9279
86 87
2314 7904
840 3789
7931 7936
690 13676
6251 8661
1258 11373
2214 5867
5887 5888
55 7358
1411 5613
3155 8274
8006 8008
3164 3166
5974 5975
10324 10327
2485 5150
1326 3663
1045 3632
1621 4561
1348 6947
578 13124
3802 4232
914 8240
3022 9141
11609 11628
1810 1812
105 2004
719 4123
2055 6894
1804 1805
6485 6486
83 84
4341 4342
2731 7242
874 875
53 1383
6964 8056
7295 7296
1537 1729
6787 6789
8404 9029
2045 9472
983 2907
636 5791
93 3533
3285 9733
11235 11236
9622 9624
10661 10663
1628 5356
1328 4574
479 2654
68 913
9119 9120
11623 11630
634 11863
1017 1018
320 321
218 2756
13355 13356
862 3858
6247 6249
80 81
6709 6710
4972 9735
1358 3051
6951 6952
3589 3591
270 6439
9331 9333
1184 1185
4904 8945
800 801
1807 9681
1952 1953
4193 7194
2274 2275
8264 8265
2675 4131
2225 4350
3206 4465
1057 3860
213 516
8169 10101
2161 9738
11613 11624
10853 10854
9299 9302
218 1291
9197 9205
6710 6711
9057 9092
4547 11066
3663 9107
6 42
938 9082
765 14082
412 2731
6712 6718
159 745
8043 8325
573 6737
450 874
809 7088
407 5552
7291 7292
637 7073
10080 10497
2225 3606
13012 14083
11780 11908
7483 7484
466 7711
9621 9623
252 1809
48 90
69 1517
1747 11718
4304 8101
8007 8012
209 4609
5806 7383
5237 5238
1586 1587
39 9392
11004 11005
91 543
3428 9807
9992 9994
2091 6240
397 6934
5909 5911
1213 9249
1484 3512
5414 7112
7881 7882
412 2676
11625 11629
218 5073
566 13986
3278 4575
6918 8056
5464 5465
127 10273
3576 9836
61 2335
807 4838
218 2172
11759 11760
17 3353
6245 6251
729 6770
4365 5598
90 2375
2225 9331
5338 5340
2928 4172
2255 7867
7332 7338
1147 1148
51 3579
252 14073
7336 7337
1558 14157
68 10334
3510 4005
866 9525
9299 9304
4246 11096
11650 11651
68 69
1790 11766
3004 3005
1660 4763
3346 3348
2754 10171
40 382
7965 7966
4261 9721
172 5913
2367 11210
1784 1785
10773 11606
6060 7304
434 1250
3198 3202
782 1360
24 3750
479 1622
3322 10067
8926 8927
5215 7120
2686 14004
1399 7255
83 2256
6079 6080
41 54
6776 11211
904 908
2922 10679
3250 4938
7879 7880
493 3967
5760 11938
5584 5588
5304 5306
14 11987
3545 3548
1128 6125
1121 6093
481 9844
729 4479
372 5148
5190 5192
14090 14092
543 1349
507 8267
728 4278
153 5866
4681 6751
1572 8484
10637 10638
11610 11615
9017 9018
51 9207
2632 7277
458 2521
3505 8650
1808 4232
47 1383
2265 4546
3606 5624
3999 5154
715 11632
9857 9858
1034 10107
684 9472
1193 10684
11617 11628
11611 11622
149 7514
578 994
9173 11071
3571 7502
4898 4899
51 9208
5304 5309
3655 10597
5223 5224
9118 9124
1903 4410
2208 2967
419 14096
7175 9365
10772 10774
246 247
495 2279
1263 6267
809 3543
395 7421
2108 9563
3368 4573
804 6551
7491 7494
3663 5802
2446 3226
4160 4162
5641 7435
3284 11853
660 2109
730 886
5133 5134
7139 7143
1 1411
975 1616
4033 6603
5959 5960
7331 7338
2337 2338
9195 9205
8010 8012
3664 5595
2568 4355
38 6439
591 2687
3640 9830
719 4822
632 9395
481 6624
6678 6679
5952 7770
507 9921
7488 7489
7041 7042
6673 8823
297 3822
5730 5732
481 9359
1072 3811
4182 7080
602 1746
538 540
451 4320
862 2848
578 862
481 2488
5427 5429
11303 11343
2314 4268
61 2278
664 690
6489 6491
4629 8247
11616 11627
716 806
1 11469
1328 2665
5192 5193
297 317
8862 10296
87 2126
6633 9683
1896 9147
2511 2513
8299 8300
13010 13139
5482 8138
6673 9173
11530 11532
2539 2541
6713 6718
2161 2388
2120 3278
578 1415
2797 10460
80 83
152 2393
11946 11949
3483 11862
451 1326
2314 9301
71 1378
4663 6741
2868 8147
8630 8679
9173 11070
9227 9228
323 12948
105 4975
4455 8679
151 152
7997 7999
11197 11808
17 132
457 6366
24 25
4280 4281
754 1809
8025 10117
1291 7713
573 10621
868 11650
382 8123
1044 9961
592 4218
5363 8334
874 1416
9377 9378
4969 14142
11610 11622
2699 2700
9275 9718
5355 5356
4498 9204
2214 2215
62 2251
900 9586
2026 5751
5304 5310
5453 5456
4217 4382
6519 6520
1318 1563
9193 9194
54 4307
1407 6336
11619 11620
2004 6441
4503 4504
6561 12151
11810 11811
1240 2489
6038 6040
11618 11631
3396 7119
11705 11707
1150 4555
1150 5965
6953 6954
100 683
9679 9682
83 8714
7880 7881
4060 6346
4263 10525
11611 11618
48 382
467 957
573 2317
3605 8324
1751 8846
1817 8638
5225 5226
10326 10327
3366 6365
8038 8039
11344 11346
6625 14177
9248 9299
6068 6069
287 8169
11357 11358
11630 11631
860 861
2926 3284
53 3189
8150 8151
684 13673
1660 6199
4261 4262
2423 4829
948 949
1599 4287
4613 10907
1751 3624
3842 4105
2730 9307
260 4265
6564 8562
868 11652
591 729
5421 10080
5181 5182
7638 7640
543 9333
220 572
2873 7732
669 671
9735 9736
1824 7949
933 4033
5694 5695
8493 8494
4107 6062
1911 14055
2632 9190
4263 11440
2275 5947
1407 6069
2109 2110
4392 10115
80 8433
9197 9204
8102 9071
14042 14043
1729 10025
1558 13211
4574 5405
4555 4559
3278 7930
5747 6169
6709 6714
720 12028
1621 4555
3512 8912
1672 5425
6995 6996
943 944
11610 11616
217 219
3606 5551
10726 10730
2046 5314
3165 3166
9806 9808
536 1249
1689 1690
6267 6626
10589 10590
8002 8013
11625 11633
8477 9888
11616 11624
9308 9309
105 1303
231 7565
5405 5406
11600 11601
7987 7988
72 4606
626 829
683 3340
219 9512
1150 4558
1150 4166
1248 7879
7196 9254
212 730
9016 9017
577 578
1494 2210
2343 3242
985 6352
710 711
11620 11625
985 2120
3510 5116
12757 13243
153 165
6280 6281
7730 10935
9647 9845
2091 5287
1196 10683
1881 11604
7823 7943
2680 7417
7871 7875
62 172
8101 8102
2717 14171
451 452
2924 2927
2004 10901
481 1362
4808 5302
251 7026
10456 10457
2479 2480
2085 8571
832 1678
8115 8116
2567 2570
2993 2997
45 7228
220 716
424 13678
4699 11257
2120 5288
3746 3747
5694 5696
5625 5626
2046 5313
111 1558
10147 11621
3169 3465
112 2627
4165 4357
14011 14014
4032 4033
4972 9736
3201 3202
4427 6146
6073 6075
172 12028
958 1072
2314 11458
10810 10812
1817 2949
1057 3857
72 9724
481 6564
958 11254
4958 8102
2105 7787
54 12818
1263 5160
2312 9429
9230 9231
2699 2701
5551 5622
591 4096
382 11944
382 6552
2255 7868
3057 4951
2543 8585
66 67
8477 8686
452 4320
782 4837
699 702
2409 7822
4162 4163
1248 10411
485 1302
6649 6650
3640 10402
3328 5502
8663 11609
62 1768
8006 8009
395 13315
5414 5447
7960 10684
2367 7072
11619 11624
42 2822
7878 7879
942 943
13812 14072
90 9855
112 2055
782 1069
9582 9585
2063 3112
782 2805
51 53
1384 2074
745 746
5312 5314
62 1862
1230 9518
9603 9606
4320 10776
2577 8656
132 2982
842 1482
9187 9188
8003 8005
3169 3170
5631 7348
5183 7217
4837 9338
83 8156
2935 12114
2914 9272
210 4019
511 6747
10772 10773
3450 7284
9266 14140
5683 8740
152 260
5029 9419
5304 5307
2232 9619
8023 8640
297 3354
4332 7157
9338 9922
2686 5919
10729 10730
938 1851
10045 10046
9510 9511
507 5255
9300 9304
5083 10052
5888 8940
2479 4169
1173 1174
1067 1211
83 9179
3202 3278
11621 11629
3482 4607
807 9678
1621 3743
269 7011
37 5975
7853 7854
1108 9586
172 14153
5256 6103
7292 7294
2360 2361
1465 11595
4217 5811
11604 11607
1953 3653
479 481
9312 9314
14016 14017
447 3376
2161 2162
11611 11630
11514 11516
4055 8484
5906 5907
242 243
66 68
72 5705
1318 4321
3856 11655
2446 10168
5535 5536
11620 11633
68 3032
3477 5103
1045 4850
2314 5811
14011 14016
270 868
729 1967
10444 11803
2873 5475
83 9254
583 1967
1080 1081
1920 2223
9971 9972
11469 11470
10652 10654
1350 10971
3510 6238
5447 11211
3632 3633
10147 11631
1780 2642
1425 3615
220 503
4642 4732
11617 11627
5869 11627
3284 8169
420 1484
90 2202
717 806
2798 9111
424 1141
3655 7764
7312 7943
4350 5270
2111 9605
7491 9072
479 1606
502 10470
242 244
3284 5110
6093 6197
7949 14084
4959 4960
3338 7060
7123 7693
9301 9303
144 4665
5627 5628
502 572
2754 10457
479 6102
3605 8323
507 5447
221 4031
11907 11909
1649 9238
1518 1519
10112 13983
68 14040
2025 4354
10387 10390
5593 7700
5309 5314
1827 1828
10705 10707
9248 9304
8566 8568
8862 8863
2570 4938
7639 7640
4951 4955
11252 11253
218 4481
11583 11584
669 670
698 5982
1599 7711
7665 7667
1150 1621
5304 5305
9082 11758
315 1356
10651 10654
78 452
2540 2542
2539 2542
2755 9279
10335 10339
2632 2633
1045 2727
11779 11780
3528 9983
3346 3347
3465 8035
6156 7522
842 4815
1781 1782
6394 7303
434 5561
10656 11582
1150 6564
474 14051
5669 6605
407 4086
5952 5954
6439 7963
218 572
8003 8013
4468 13677
6723 6724
7788 7789
286 287
5257 6103
3811 8912
450 14091
5298 5299
2312 9428
4241 4244
10773 10775
208 211
3543 5741
1211 9871
2754 5196
2708 2709
7197 9569
99 1045
1951 1952
14146 14147
11507 11510
42 9724
132 431
10086 10087
3194 7843
1763 1838
8663 11628
3114 10107
1358 4699
2439 6374
83 9202
2004 13691
5215 7244
938 5633
66 2731
172 3383
1635 9274
83 12850
218 2637
6388 7383
81 5004
11629 11634
479 804
11439 11440
1168 3381
481 7943
3782 9713
791 793
227 229
6 397
6693 9385
1621 2488
9677 9678
807 4089
7142 11251
1635 6240
975 3311
304 4249
2233 5427
11616 11618
1444 9873
2570 3782
1249 8241
1587 11769
6453 9751
9915 9917
6074 6075
1174 1175
54 12020
8663 11615
1715 5129
4608 4609
5585 5587
395 874
4193 9255
10340 10341
11240 11477
4498 9208
11619 11621
6711 6713
804 3535
665 8652
660 2666
1819 4293
890 891
215 8492
5805 9267
868 1248
5083 5084
2265 2266
4994 4996
3605 5553
502 5610
1824 2223
3656 7764
11595 11720
11218 11219
543 5083
3888 3890
432 434
2085 10781
3813 10559
543 9332
13186 13187
320 9147
54 90
8004 8011
479 1320
1410 10005
7334 7338
543 1141
6346 6349
83 11606
829 1129
4607 7408
39 10590
3202 3203
7289 7293
99 13217
1067 1068
394 506
593 2314
1378 1380
40 2347
395 8474
406 407
11799 11800
1352 2490
7434 7435
714 806
11657 11919
914 1942
424 10273
452 2639
881 14083
3641 4279
7335 7341
11223 11229
1108 2731
297 315
573 3353
2836 2837
5505 5507
9364 9367
6078 6079
4261 4264
11914 11917
2091 4321
6279 11296
1381 1691
45 865
1419 3995
5888 11005
5256 6776
729 7312
9283 9286
9119 9124
218 219
1328 12194
8306 8307
1141 4629
11611 11634
1360 2820
1635 2486
5215 5262
862 2072
861 864
1540 5867
4113 7687
11841 11842
718 2229
48 6846
8156 9209
2041 8737
11614 11620
1911 14054
8462 8463
14121 14122
8156 9204
269 422
2976 2995
10508 10509
7276 10662
6895 12135
874 14067
1248 5083
1258 4914
2627 14065
9197 9203
172 13207
267 717
3799 4015
8012 8013
2873 4321
1168 3284
3728 9934
715 11633
3579 9204
507 5257
9732 9733
5426 5974
10649 10650
7665 7666
6873 6874
1968 3069
231 1318
8337 8422
3482 5705
804 7312
11672 11673
481 975
3113 3117
5692 5694
869 1877
8153 8154
1316 12139
47 207
615 2665
11422 11423
287 3284
5306 5313
3743 8271
6193 6197
1817 3125
4613 5952
539 1549
2632 3743
387 1020
1211 6270
13315 14153
51 3842
2926 7452
387 1019
1128 6126
11224 11230
5510 5513
5504 7574
728 3641
2577 11808
6895 6897
62 716
260 424
729 3535
67 641
4667 7085
220 407
54 2172
1808 14113
7416 9308
7325 11752
83 9201
6282 11767
1881 3655
395 3278
8675 10414
46 300
7142 7144
12067 12068
2314 6520
8111 8112
710 1898
96 317
8002 8009
7173 7174
10085 10087
14130 14131
9196 9204
1328 7518
8819 8820
83 3655
3589 3590
7639 7641
715 11631
7791 11808
4174 4249
260 684
1896 9151
1264 2820
6 1618
7915 8386
6675 6676
1209 1210
434 1621
11610 11613
6787 6788
481 4556
7503 10052
3732 4304
4554 4561
4281 4283
1876 3670
77 6673
3340 3341
103 105
10955 10956
941 7866
5211 5214
551 2312
5440 6180
46 3605
804 6770
9364 9368
434 4372
5869 11618
881 1661
3510 4003
4803 10830
3156 5588
563 565
6193 6195
2848 2851
868 7503
3064 9193
809 9083
2799 11908
47 209
1291 1359
4632 4633
2623 12584
2111 2508
395 808
6375 7695
3380 3382
1311 7560
1314 8433
61 715
1078 10090
808 9082
7634 7637
41 4663
507 809
172 14089
8089 10542
455 2868
7847 7851
507 6279
9035 11522
11614 11622
395 13969
11623 11627
157 8043
214 216
7959 7960
5553 5554
5262 10115
1951 3430
1218 1454
994 1160
5622 5624
172 671
2111 2507
4177 5505
7237 7238
2641 13274
5888 8938
10728 10730
9299 9301
5482 5528
1407 2485
2627 9625
2577 7791
11065 11069
3605 5552
11613 11615
3505 4685
634 4481
2063 4590
11508 11510
5626 5627
6712 6715
1263 1707
564 566
861 14118
5777 11470
7332 7336
1953 3431
4498 9199
4634 4635
1067 2367
407 5085
7333 7338
4684 4685
3341 3512
4269 4270
381 382
9275 9717
4356 9595
11612 11628
317 726
11618 11626
1952 3430
977 14124
83 10285
5554 5623
9491 12174
2641 14068
6039 6041
1264 8418
578 13115
5965 8737
8002 8012
1203 7821
428 9173
1121 6196
1450 1453
11915 11917
578 861
6347 6348
172 993
8006 8014
14013 14014
4129 4130
2561 11443
809 4089
7194 7196
4428 8212
12188 12189
10305 10306
428 8824
11624 11634
9195 9199
1471 1472
452 2638
7011 7293
3620 3621
2503 5045
13076 13077
6730 6755
2314 6519
9614 11477
11945 11946
5463 5466
5909 5910
593 6525
4829 6879
593 2662
54 5231
5683 9770
1456 2096
105 4863
36 3464
2004 13692
8211 8212
901 902
11611 11616
9141 11491
3896 11234
10842 13315
1691 2448
5190 5191
10773 11608
41 1171
4717 4850
51 9199
1807 9680
4344 5363
14128 14130
543 5553
2812 2813
565 716
3750 4307
14143 14145
684 4699
340 6424
5308 5314
718 8572
2814 3146
8569 10275
11620 11628
9494 9495
2055 6897
218 4061
1530 1782
6387 6388
7593 7594
2994 2995
4907 8944
4428 4727
6776 8630
2446 10080
9187 9189
2314 9300
5326 5328
4558 6426
4377 5229
2641 14067
4160 5134
2171 4481
90 1318
543 5554
1951 3432
801 2437
5475 5476
7141 7142
7226 9284
636 1668
591 804
1264 5216
4808 9532
3576 9835
5869 11615
857 6693
842 11815
11226 11230
8663 11622
54 2637
1362 11522
5502 5504
3057 6062
10672 10673
3482 9083
6080 6982
9134 9917
6357 6358
231 1581
1572 5110
5693 5696
5752 6309
8004 8013
480 6769
2135 4011
238 239
1353 2242
4152 11530
3653 5073
370 6409
3842 4104
3606 5552
881 1045
4303 4304
8323 8399
3284 5489
8001 8006
11065 11071
11618 11632
4177 5507
6916 9994
2275 14079
5503 5504
11436 13987
8517 8519
11612 11615
153 809
7953 7955
304 4174
4906 4907
592 1748
2914 10098
3086 3087
729 2046
2709 7507
3111 3112
5215 5258
7123 10275
6249 6251
7407 7408
83 14166
2076 8266
938 2091
3285 4629
7961 7963
5875 6766
159 14155
5683 9771
8571 8572
10389 10390
3194 5299
1547 2389
54 7358
308 12411
5855 5856
6149 6150
450 14092
5354 5355
450 506
478 3692
301 304
551 9428
6598 6599
547 4056
1360 1361
2446 10671
172 14091
22 23
955 1080
24 324
412 8512
3226 10081
2247 10669
120 4248
3070 3074
1203 1727
8511 9110
11492 11494
1445 5676
754 5373
220 221
3475 5103
2367 7885
4627 9027
5442 5443
111 9082
2225 5552
3285 3604
1383 1385
5099 8695
9351 9352
507 9700
4392 4394
7087 10007
590 591
7324 11742
1116 7565
8309 8311
466 2075
1751 7316
809 4838
3206 4866
3587 3589
615 14004
944 4748
2805 9082
7393 7395
2309 5092
1250 4900
5267 5268
8306 8310
6 9870
8799 8991
83 13998
7491 8941
866 7125
7704 7706
11531 11532
857 6471
10534 10535
6545 6546
83 370
1819 7378
4547 8823
3590 3591
1319 1621
2917 6182
4198 9887
8759 9249
2046 5306
6730 10298
3653 12101
3057 9274
8500 12151
3640 3744
8001 8008
2919 2920
10050 11437
1410 10004
7072 7073
9366 9367
90 955
4954 4956
8307 8309
1704 6731
6364 6365
4811 5108
11613 11618
432 766
103 107
4291 4635
1817 3126
9990 9993
99 881
5954 5965
1851 9513
5461 5463
252 6846
5387 11880
5305 5308
5183 7820
5141 5697
6712 6717
2393 11208
8781 9768
874 13274
6130 6131
9275 9719
81 269
8009 8011
172 2641
2822 10481
808 2805
6789 9260
7634 7635
1286 1287
3201 3204
913 9821
4387 4694
300 683
711 7867
3930 11209
11616 11620
4713 4714
3646 3650
2005 6060
9199 9200
9613 9616
4210 8925
8156 9254
2336 2337
4139 11195
517 1621
54 10290
12132 12178
4574 8044
4316 5847
480 484
252 7009
11678 11679
3460 4466
11226 11231
9206 9208
7393 7394
9621 9622
9198 9205
2918 8478
260 1141
2441 8688
671 2855
2976 2996
507 5215
8663 11621
900 1712
3340 6491
3206 9015
90 1548
1093 2446
2932 2934
4994 4995
933 3804
172 14068
5304 5313
4086 7019
2666 2667
4083 4940
11227 11228
61 1027
591 6200
3092 3093
840 7084
7123 8116
7704 7705
9366 9368
9146 9147
6388 11363
54 1711
231 2439
1628 5354
10621 10623
3850 7744
5325 5327
3571 8418
665 6675
14232 14233
1241 10810
41 9386
1385 2637
1248 1249
424 4594
2632 9187
4240 5947
132 14132
10412 10414
5400 5805
507 6282
213 2471
10565 10566
6279 6542
1034 11606
8634 8635
1364 3284
1141 5621
13678 13679
2310 5092
4152 11532
13094 13095
2265 8823
10080 10672
3101 8486
543 3606
1249 7881
4346 10442
17 14132
2426 4897
2488 3743
6192 6194
4320 11702
3646 9912
958 3744
1770 9259
455 456
2409 4356
6745 6746
9141 11493
4433 4435
11613 11614
9199 9204
1196 10682
1290 3463
166 10662
605 11261
5741 8158
83 977
3198 3204
2045 7246
370 1628
8307 8311
564 13986
3587 3590
10786 10787
3611 3613
5869 11620
3062 11841
1547 13687
5215 5257
10388 10389
8944 8945
7791 11360
47 208
479 9056
179 4083
6894 8220
4548 12004
6103 6104
11257 11885
8306 8308
37 1304
47 100
39 40
2175 2177
684 1155
11243 11245
1291 11360
266 268
1450 1452
36 1745
10355 10356
107 11780
7123 8115
64 231
3057 6240
169 4061
626 816
11611 11619
2594 9395
700 702
132 4562
172 578
511 6744
1710 2822
218 407
286 2479
1407 1848
10617 12089
1034 4419
1411 10584
4178 8930
481 1162
1549 14234
4932 4934
517 5086
591 4095
11612 11630
9150 9151
14 10460
9203 9209
112 1572
3743 14177
3633 4717
6542 10053
51 9202
507 11296
1308 4579
260 543
395 5612
12016 12019
6710 6717
1877 9495
859 1572
573 844
61 1635
10726 10729
11627 11630
6080 6981
159 5867
251 14073
4242 4245
62 14158
4547 9173
8655 9148
866 4472
6063 8406
543 762
563 1465
5073 5502
8824 11064
8572 8573
38 2880
4132 4649
7123 8501
304 2071
3245 4959
96 1315
4996 4997
591 13874
2341 3967
81 84
1248 7218
286 1411
4279 4283
412 4132
11614 11632
172 1168
220 1385
12089 12090
1027 4420
4685 6547
8115 8569
105 107
782 4838
733 1101
6708 6718
7366 11208
6987 6989
1022 12757
5869 11610
7636 7637
62 2567
216 720
112 5111
985 2122
5576 5579
9484 11885
1027 6739
72 319
597 868
216 2031
763 14080
1456 7813
1146 10458
6 10759
82 1881
73 152
6197 7758
775 778
41 286
1 5262
1067 2120
3278 7936
11066 11068
572 4031
573 843
42 7480
252 7010
11591 11611
4240 4242
4077 4078
1328 2668
1213 11458
5150 7880
5796 11652
975 4357
754 1044
479 1034
578 1034
809 4837
2579 9152
104 106
242 248
4951 4953
8015 11654
159 6113
1141 9344
1198 11380
5386 5389
563 4241
424 1647
412 2674
507 5414
2162 6334
2310 2311
11616 11631
2707 2709
1381 2448
2480 2482
1291 1361
9598 9599
153 168
941 7865
407 5554
2314 8264
229 230
874 1638
4612 7407
2311 5092
8306 8309
217 218
715 11630
1680 6697
6983 6984
1112 5922
2438 3798
214 1809
2108 3743
6302 6303
6372 6373
1411 2479
2446 11302
5210 5211
22 24
2908 3655
5509 5512
1618 14066
83 5652
1213 1537
6715 6716
10727 10732
2541 7517
6247 8209
1150 4559
3483 11558
1383 6675
866 9334
17 133
10491 10492
4612 7408
5654 9533
1184 1188
2489 2925
572 4158
370 6410
410 9651
4959 6672
2171 4105
207 1116
5329 5330
11945 11949
693 3386
660 11195
1635 3534
1264 4859
3337 3338
730 2836
424 2149
5028 10637
260 3285
1380 3494
7764 11112
4648 6996
4622 5508
2308 2311
40 11670
217 12818
5674 5677
479 1302
3205 3996
8738 8740
1356 4663
6226 9393
10808 10809
479 5309
48 3615
3340 3512
9573 9574
3504 4384
207 4644
517 2025
1737 1739
8027 8028
8404 8406
2336 2338
6975 10047
4158 4322
3869 4663
958 11255
563 1466
711 1898
577 2638
5021 6337
2019 2020
5895 5896
10752 10753
538 800
11610 11626
2957 2959
11251 11252
8156 9255
1540 3347
577 2367
10325 10326
3346 9057
1150 2797
1963 3568
5323 5327
3328 5073
9745 9746
45 666
395 9576
385 9018
11611 11863
4613 5954
1777 8695
54 7356
386 387
479 1617
481 14178
7788 12128
3 61
83 1014
3072 3073
2442 5641
112 5110
7491 7492
4295 9114
2625 9678
435 504
1197 1200
37 2485
2225 2634
564 565
5307 5315
671 2797
2995 2996
13 14018
716 2568
10634 10636
1876 1962
3529 7386
887 3340
434 3445
3258 4849
8006 8010
260 1376
1587 6693
5287 9578
3444 9358
2511 2514
6624 14177
46 1484
4837 14025
395 3202
9205 9207
159 5081
2791 2792
8308 8312
1072 1141
1962 13187
591 9596
615 616
132 3525
3493 7729
317 591
3612 3613
6040 6041
4246 4946
5533 5535
370 10810
226 1203
11619 11632
4241 4245
72 4607
4301 4388
1904 2637
4160 5133
1817 8637
8990 8991
2314 8265
6975 6977
573 6436
715 11615
1881 3114
1211 5293
4958 12197
481 4555
6090 6091
41 10267
54 4663
9736 9737
7194 7197
5676 8203
9259 9461
5324 5325
2926 2928
1446 1447
215 252
385 9016
3813 10558
11620 11622
1618 2632
451 3284
9993 9994
6624 14178
96 4066
1234 8585
3930 5794
7864 7866
6127 6366
1112 3797
2925 2927
4547 6673
9050 9051
3443 3445
1264 7412
9911 9912
1358 4698
3375 3376
3107 3108
5020 5021
9748 9750
592 4094
698 703
10503 10504
949 5808
7977 13693
6712 6713
1131 1134
495 11313
6708 6712
4959 6671
149 1130
1328 1581
6375 9855
7635 7640
5442 10656
2609 7952
1692 7394
976 4732
6786 6789
11900 11901
1185 1186
133 11823
1751 2008
82 83
3381 3382
3580 11843
3602 3603
5336 5338
416 2446
887 3321
428 1315
2993 2995
3023 11492
382 5654
207 1241
217 1708
4168 11800
4282 4283
5974 11858
2025 2026
8596 10167
2057 10457
9614 11476
3242 8052
868 7019
698 9422
11628 11631
3861 3863
452 4089
10680 11398
975 6769
691 692
3284 11854
3073 3074
5869 11617
3782 4951
4814 4815
251 2394
11989 11990
8115 9483
7283 7284
4559 4561
4663 8783
7710 7711
480 1319
1407 1635
3071 3072
10829 10830
5138 5139
874 2638
1453 1454
6063 9028
11589 11590
3648 3649
800 5490
578 2731
6074 6076
2006 9728
7510 7511
321 2124
9121 10830
720 5215
481 573
4958 12198
539 540
1617 10663
1584 7923
9871 9872
419 420
93 4663
8251 8252
10001 10002
2225 5553
267 716
5288 5290
149 1198
7961 7962
6348 6349
727 7437
3057 4859
2660 8034
10325 10327
54 10449
8004 8005
10050 10051
1781 1783
2446 11301
260 2725
6156 10402
2798 2799
4099 4100
1122 10567
8007 8013
2360 5117
11609 11631
4664 4665
4243 4245
394 6896
24 691
1190 11823
209 10264
54 809
543 13679
424 9531
977 4732
5386 5388
7356 7358
506 9966
11065 11067
479 9596
2440 2441
251 416
226 4089
4395 10334
1977 4201
5654 10945
4914 11295
592 2661
5235 7104
3579 9198
1743 1745
2446 10167
424 543
1197 1198
2025 3040
10430 10432
1150 2041
151 153
4053 4062
862 2849
3285 3605
1729 2367
6879 8930
4263 5132
2011 11388
543 1920
1150 4561
7960 7961
578 14092
9197 9200
37 1710
808 809
252 8694
481 2799
6601 6602
1318 1473
1808 9707
14011 14017
4198 8477
16 18
2314 3888
300 2836
10418 10419
6543 6544
1751 4946
2214 4949
51 3979
715 3057
1193 10681
6649 6653
2924 2925
1580 8043
83 2836
4856 6572
591 7335
387 1017
450 13315
1027 1851
4556 4557
506 1264
6894 6895
10651 10652
4950 4952
45 46
2479 4808
9195 9207
10085 10086
382 693
6401 6402
9080 9081
2020 5619
5314 5315
9529 9530
217 9952
1585 1587
201 5508
4107 8840
7339 7340
866 1484
4994 4998
1131 1132
4821 4822
9746 9747
4328 4329
3168 3169
1803 1805
270 3750
684 11257
1633 9532
616 14044
9230 9712
5307 5311
4193 8037
4165 4358
1728 1729
6874 6876
862 2062
2225 3340
10178 10179
2265 4547
434 4356
816 9421
62 1861
2707 2708
1093 14075
8637 8639
7161 8587
6199 9143
593 2699
6847 6848
1411 2973
1 11468
6007 6029
793 794
83 8155
9403 14139
1001 2213
2712 2713
1543 1545
1133 1134
9275 11484
2214 4332
1150 8737
1017 13990
2925 3274
2409 2410
8625 8626
3057 3284
2442 7434
5288 5289
969 971
83 9192
1857 3057
301 3108
252 269
1616 3311
6735 6736
2011 11387
804 4479
5405 5407
536 1605
12860 13254
6540 6541
1680 3640
219 2901
578 14093
11611 11617
5761 13687
729 805
583 3670
83 960
72 1322
428 11064
317 639
434 1292
3017 6060
13115 13208
6751 10099
1621 4554
111 808
5308 5313
428 8823
693 14073
4093 4095
691 1319
7122 7123
315 3016
6039 6040
1484 5232
1681 3213
11943 12103
6669 6670
1548 14234
8261 8263
1547 2390
3023 9141
2448 2449
3791 3792
9198 9199
207 7646
729 7943
480 8164
592 9114
2709 5644
7011 7290
2569 2571
4293 5356
480 1606
5908 11990
1411 4665
8493 11362
671 5760
4339 4343
7763 10684
5092 6590
172 670
975 9189
300 2634
2674 4131
5805 7252
11856 11857
507 1067
2799 11780
269 804
958 13006
1407 5883
1304 1511
48 8101
2314 8656
5593 5595
8001 8009
8477 8478
3245 11405
763 14082
3743 8164
11622 11626
1112 5921
7547 11946
965 966
55 1395
7845 7847
5809 5811
7524 7525
219 12818
8570 8574
8033 8034
22 324
573 3743
6191 6197
11666 11667
1075 14087
12169 12171
3114 10773
873 876
51 1708
7408 9724
4890 4891
3200 3202
4539 10311
2171 3750
7508 7511
237 564
416 914
977 11233
172 13124
252 1425
4425 8212
2798 11867
1660 1904
418 8685
7637 7641
7491 7852
9471 11584
3199 3201
720 3782
42 7408
926 4542
2609 8916
481 2024
3389 4155
2275 3999
868 5796
3632 4717
660 2665
481 1319
716 2570
2244 2245
2255 7866
172 860
729 1302
83 9255
42 153
1911 6682
421 2046
7634 7641
7666 7668
1912 1917
37 2822
578 1027
2343 11549
11826 11827
7692 7693
4101 6347
5096 7049
6332 7644
60 62
2767 2768
231 1116
4381 8694
592 2687
11179 11180
4613 7770
6251 8660
3114 9229
5235 6789
1541 3351
2067 2069
683 3463
1808 4381
862 13207
1419 6720
1616 8314
729 7823
1680 1681
132 386
4083 4117
2358 2359
315 316
19 11132
6077 6982
7386 7387
434 5562
7011 14038
6713 6714
479 1616
782 783
4596 4597
7276 9189
9188 9189
14 1144
6387 7383
4623 4624
1318 4166
795 2022
6281 6283
728 5919
1078 3144
3790 3791
1599 2960
543 5552
1855 1856
1 11470
15 17
10099 10682
724 6207
1214 4132
730 887
3743 6625
370 840
7871 7873
573 6625
7332 7339
5339 5340
455 983
4242 4243
1478 3050
2223 8296
394 7758
1150 1949
9034 9035
671 2731
9225 9226
9313 9314
83 207
371 5148
8004 8008
2172 7790
2214 7157
11491 11493
4392 5752
386 1191
11617 11625
4778 4779
3326 7218
2884 2886
40 251
1407 5881
3887 3888
3285 5623
9679 9680
317 10490
10080 10081
406 408
3240 5806
1319 3360
5255 5256
1034 1319
8524 14015
6132 6133
1618 7277
5888 8937
536 1248
172 1416
659 3454
538 539
4857 6572
1022 13000
1228 2441
1967 3016
9142 9143
5446 6776
5335 5337
578 669
6130 6133
11223 11225
684 6624
8001 8013
512 745
54 12016
9086 9088
2091 2873
1220 11234
11155 14070
96 1044
8500 8501
578 670
1407 2960
9266 14141
7791 8493
1077 1093
1966 14161
83 5650
395 7936
7879 7881
2026 10223
2479 4407
3577 3578
2275 14137
144 4381
1364 5489
2004 2005
457 458
958 5390
2748 9279
3443 3444
6196 7758
3802 9680
37 887
1093 8028
2057 14182
1445 5674
2074 5072
11609 11612
9173 11066
8003 8009
11791 11793
11437 11438
1530 1781
842 12113
1451 1453
218 564
48 1484
8421 8422
1385 4307
2932 2933
11399 11402
238 6686
565 3613
2058 2747
4951 4954
1147 3027
7123 10276
7460 7461
1263 1967
975 976
5641 7433
842 12112
5552 5553
3609 6783
5191 5193
4106 9092
151 168
978 979
9411 9412
1950 10111
11070 11071
7322 7323
1385 4663
51 9204
1291 4089
5653 6553
8015 11492
269 729
543 2225
7019 7503
51 54
975 2067
8862 10294
1241 10812
6626 6627
5325 5326
2447 7789
11605 11607
2072 13124
960 13998
4613 5613
2916 3226
7943 9702
869 1168
9552 9554
72 14054
660 2110
1385 10565
12160 12161
304 12148
4542 4543
54 2756
3744 7522
931 4605
5224 5225
260 1116
1548 4383
718 8574
434 842
6103 7112
9203 9204
874 994
3505 6366
8148 8153
3782 9230
6250 8209
859 860
13 4808
4958 12199
9196 9199
3889 3890
2746 5121
8902 8904
66 172
715 11611
3057 11574
20 3780
809 9082
6394 10752
54 1161
218 1904
481 4561
2851 4997
172 4590
5692 5695
8012 8014
2275 4240
3202 3204
6964 8472
11244 11246
4686 4688
4635 7246
792 794
8008 8010
1765 4077
3554 8696
2702 4808
831 4666
6747 6749
83 1882
14126 14127
505 809
7693 7694
543 4350
8718 8719
8003 8014
298 9559
4613 4622
8715 8716
842 3062
1168 8169
1258 6279
7337 7338
1618 8946
1898 9649
428 5975
370 1130
54 270
7420 10908
1150 4165
215 216
242 245
407 2225
2660 5952
5759 6060
10786 10788
1128 2027
1322 2680
9301 9304
591 684
578 1145
8564 8568
14011 14015
539 9597
506 1360
2660 3961
4498 9203
1407 6068
1633 2273
665 1442
218 1356
1185 1188
7331 7340
14039 14040
2730 9306
3240 5400
9254 9255
1416 1417
72 317
6080 6081
11630 11633
251 1230
832 1676
3341 5270
81 83
73 4929
3482 4605
1150 3387
11224 11227
869 8452
4647 4648
958 4727
684 9814
1617 7277
5461 5464
6633 10777
14139 14142
215 382
68 6268
7490 7493
251 1425
1262 3321
5144 6513
5528 8138
11613 11622
260 2210
6589 6590
11917 11918
715 12135
4554 4556
9550 9554
455 10311
382 10921
4286 4287
452 1326
7194 9255
2357 6965
4218 9510
6551 7943
975 10663
120 8766
424 5591
729 1350
1857 2485
636 10374
3579 9206
7997 7998
4113 7686
13812 14071
2686 5791
8819 8821
2754 2756
1328 2667
11067 11068
1072 5999
172 2072
711 14162
11155 12156
68 641
455 5788
1808 14114
2055 6895
4290 13205
5509 5511
543 5622
494 2341
4261 10491
4498 9206
54 1904
1903 10509
808 8585
4851 4852
5453 5454
3678 5747
726 4916
6063 9029
250 4644
3114 9227
172 2214
2070 2071
3670 7340
1484 3811
48 5232
83 495
11333 11335
3284 4859
451 7684
9204 9206
5795 10020
726 6059
9615 11240
19 2161
1367 1368
1240 1434
865 2363
10535 10536
734 4932
11224 11226
3169 3466
5562 10052
6149 6153
1248 7877
3285 5554
8663 11631
90 3050
807 1213
105 1587
698 704
683 4261
8006 8007
422 479
11618 11622
61 13211
201 1229
3226 8675
11609 11630
5256 5447
618 619
10458 10459
112 1348
11780 11909
592 4096
7492 7852
5226 5227
7711 7713
38 270
8820 8821
1291 11197
2556 14120
412 2675
9268 9345
3647 3651
7331 7332
72 4605
72 7408
3584 3585
6246 6249
8554 8555
3797 6442
6078 6080
300 382
5662 5663
397 3346
8863 10295
10682 10683
2791 2794
11616 11633
791 2126
11154 11156
7295 7297
4472 5066
9646 9845
11075 11077
9147 9151
172 3385
729 1425
683 6491
9805 9806
260 1308
1019 5700
3386 6441
1019 4562
931 4607
385 9017
385 1018
52 217
408 8497
9042 9043
12017 12018
4139 11196
5534 5535
480 2654
1445 8203
3896 5787
9929 9930
571 2132
572 718
2437 10969
5223 5226
2555 2557
3790 3792
605 5096
1660 9143
6708 6717
6682 9109
5386 5387
3071 3073
433 4628
578 872
1150 4554
9259 9260
929 1444
592 1968
316 317
105 4125
8766 8767
9333 9334
4217 5810
684 1425
11313 11484
6551 9596
54 2844
11779 11782
7594 7595
1168 9903
5144 6514
2393 7365
602 1426
5811 9300
479 5310
46 684
271 273
591 615
8156 9207
9428 9429
10933 10935
902 903
7009 7010
7518 12194
12195 12196
8663 11625
572 5610
2981 2982
2314 8655
452 1518
868 10386
11591 11862
3460 7965
53 2803
3505 5549
7429 7430
10727 10730
2108 2799
10810 10811
51 9200
10455 10457
4622 6096
7175 9368
608 6724
1708 9952
2708 5644
51 217
807 4837
63 112
17 4495
1230 9519
5307 5314
2686 2688
1495 2075
5846 5848
6183 6184
3961 12089
1248 10413
573 6435
11620 11623
6604 6605
54 2577
1067 6789
8506 8508
1599 4526
81 14166
481 1948
96 4304
6375 6386
3805 9369
209 1081
8678 8679
634 3483
4346 10441
1817 2812
3528 9982
11066 11071
2799 9702
665 13675
1861 10776
9460 14169
93 8783
4931 4932
3250 7034
8677 8679
434 1249
19 10312
4915 7936
1 2973
6746 6748
19 11133
481 8819
6026 6442
218 7790
3558 3559
551 5794
3632 9961
2074 4107
40 300
3004 3006
6268 6269
7070 7071
578 2641
2367 5668
5101 11990
11154 11155
8506 8507
466 10883
434 2584
4261 10525
8626 8627
1782 2405
4859 6240
2801 7821
5074 5075
370 4428
2680 7418
719 14394
7705 7706
4407 5744
1161 3482
83 10107
2446 8596
5868 5869
481 482
2111 9607
1420 3995
8759 9300
2223 4373
721 10007
272 9278
382 6424
8007 8008
5760 11720
6439 7960
4067 4068
3455 5356
38 382
3663 11760
9197 9206
2446 8028
1903 8806
11826 11828
2046 5307
492 2342
8938 8939
1617 10662
9147 9150
1250 8240
5869 11634
22 25
46 47
4904 7885
1704 6733
9804 9808
9196 9198
633 6991
1894 1897
666 667
10477 10478
2314 3799
8942 8949
2056 6897
7492 8024
53 218
54 12017
3321 4859
1360 6895
3987 4492
495 8805
7492 9072
5310 5315
8246 8249
578 13275
10049 10050
2768 4057
1751 1941
7662 7664
6469 6471
11822 11823
41 2132
1420 3462
340 4194
4060 6347
607 6724
81 9147
14090 14094
3284 3454
10419 11302
11615 11627
382 868
14012 14013
11211 11212
578 5402
2908 10596
2851 4998
2660 3811
1649 9288
6469 6470
395 8197
7161 11004
7927 7928
3588 3591
46 1072
762 13679
1638 6686
913 5300
10324 10326
5205 10443
5311 5315
2063 4321
2479 3454
8311 8312
763 766
4667 7087
10842 14153
1750 1751
4837 9922
53 55
1639 11516
231 1106
9283 9285
54 8169
4076 8084
583 868
11615 11633
1953 11940
564 792
3870 4531
407 1363
7686 9543
395 8015
9616 11239
8156 9195
7356 7357
159 212
1032 14125
479 1618
218 220
591 1425
8298 8300
3670 7336
11612 11624
7967 7968
1262 2091
1303 12128
12479 13985
370 9774
593 1643
1977 4200
8562 8737
7686 7687
36 12760
10147 11615
872 874
7949 13012
11809 11810
4262 5132
7011 12800
664 13675
715 11614
83 9191
3454 6633
169 633
209 3658
2917 4678
251 381
221 502
428 5974
11558 11591
637 2367
9984 9985
2426 4899
394 6191
3640 7607
96 7724
67 640
11915 11918
4982 4985
5415 5447
270 1613
5534 5536
4160 4161
385 412
218 5611
394 6197
1548 7017
5222 5225
252 12781
481 2108
768 2437
2786 2920
84 2868
1326 9599
407 5084
7988 7989
6709 6717
3961 12090
8056 8057
1628 6409
23 24
791 14180
680 10508
5728 5730
382 3375
39 2347
96 2124
2223 7011
4053 4054
1027 4421
1537 3788
2790 10900
4244 4245
1849 6400
5074 5077
6443 6445
3483 5232
4321 7684
2926 3274
5184 5185
4261 6489
2062 2625
480 9020
6149 6154
7331 7336
480 7276
13115 13209
172 5402
3583 8477
11610 11611
2005 3386
938 9083
3197 10835
698 9494
270 382
7020 7510
9749 9750
5869 11622
13 9532
1660 8806
172 452
5134 5135
41 1385
7142 11252
10356 10357
8298 8299
4229 4269
2273 4240
4544 4545
5426 5427
6984 6985
6 782
1851 9512
3239 4182
1649 8511
9303 9304
72 1911
11628 11630
394 5996
8596 10168
4181 7080
481 1320
10099 10684
6325 6326
5309 5312
4699 11885
9623 9624
9738 9739
2793 2794
5693 5698
978 7949
269 1045
3802 4381
8010 8014
6916 9987
506 715
11617 11624
8661 8662
412 1191
14 5867
6267 6268
2710 2711
11744 11745
1014 2258
955 1806
6955 6956
11064 11069
6174 6175
812 2439
270 4154
157 8325
3066 3067
149 711
178 13215
201 4624
172 10842
1315 13390
3005 3006
4278 4279
776 2063
432 10372
10679 11423
4375 5681
48 4629
10647 10649
5654 10655
2577 7102
1383 3189
2077 3580
1492 1494
1045 9809
4472 4473
5503 5888
2067 7276
8000 8005
1846 1847
172 2215
237 794
1262 8511
782 2844
1385 12818
670 671
7490 7491
4547 11065
1809 3802
250 251
7508 7509
842 939
5869 11631
729 9506
251 539
7949 12903
42 809
1116 7566
1944 7729
4392 13142
1896 9148
2171 4104
718 2085
1308 4578
502 4031
2835 2838
237 793
269 7614
4684 8650
1034 3454
1240 7135
782 1068
869 4089
8008 8011
1808 9706
3197 3202
792 793
1150 2488
6300 6301
6102 9056
2687 2688
11618 11633
1232 5922
1968 10302
505 1291
12133 12134
218 4307
434 3443
4897 4899
60 111
782 2233
807 2233
763 764
370 10811
868 4086
10275 10277
2857 4752
11612 11620
4002 4005
83 2223
11610 11634
8102 12199
208 210
729 5004
72 1909
4621 4624
172 14093
11881 11882
1714 13137
105 9736
2041 6564
407 7019
1026 6795
4605 9724
78 2091
3194 3584
2063 5682
41 698
9301 9302
407 958
716 1385
782 10777
6928 10491
5310 6102
1093 14076
7092 7228
3064 3065
172 9722
666 1383
5728 5732
8308 8310
2225 9333
198 4633
172 1145
517 4588
1599 4525
1433 1435
7139 7141
5575 5576
37 416
7336 7338
6 395
11509 11510
14089 14094
468 5591
96 12903
720 9921
862 1572
698 10267
11623 11631
72 14055
1951 3431
481 2916
2357 9341
3476 3477
4279 4282
2680 5197
71 7264
112 590
874 5612
1103 1104
44 260
96 14083
976 977
4605 7407
1834 2515
481 3743
6439 7961
5338 5339
6568 6569
1724 6543
7844 7845
1809 14113
45 3836
2507 8089
10786 10789
679 14117
505 506
1414 4125
54 4104
9430 9431
8800 8991
303 8031
172 14067
1074 14087
2993 2994
4969 9403
4145 4148
3510 4004
715 717
8309 8310
457 2520
633 807
504 13999
12151 12152
9204 9209
434 6200
1021 12757
5511 5513
10147 11626
10681 10684
2848 2849
865 5066
804 1617
5867 11285
4950 4956
2046 5309
5021 5022
2289 9152
683 3512
5256 5414
1150 1362
4178 4829
9601 9602
4515 6685
615 14044
6711 6716
4674 4675
287 10170
6 1067
287 10167
382 5975
2731 6268
395 2639
3811 3812
8007 8009
666 13676
1258 1364
6093 6194
4016 9029
5869 11611
1706 4083
3443 3446
2448 2450
2010 2011
10086 10535
5141 5692
592 1963
5584 5587
4093 4094
7955 11115
4663 4664
4061 5747
11612 11633
62 1027
85 88
11215 11216
9111 10052
1156 1157
10412 10413
201 4623
172 859
512 5586
2543 6789
1881 10773
3782 5913
5676 5677
4015 4017
2577 7411
6151 6152
768 2438
711 9649
6596 7075
1262 8510
209 13995
11148 11149
382 2394
1616 1617
7218 12195
13124 13209
7420 7421
8759 9304
3278 10759
840 1815
3580 4974
1019 6625
716 2567
3285 5553
7987 7989
4857 6573
691 3904
215 8493
11615 11631
4229 5761
5683 8738
452 2640
665 12866
3811 8911
3862 3863
7908 7909
873 901
46 683
1148 3027
2577 7790
2405 2635
4558 6026
10619 10620
10335 10337
4262 8974
1617 6770
10874 10875
5292 5293
9205 9209
13211 14158
5268 7416
8493 11360
1545 2790
3651 9257
4559 4560
7388 7390
2223 7949
634 13356
481 3212
2446 8027
10952 10953
904 906
4613 5508
10727 10729
684 11256
2851 4996
641 9967
9197 9209
942 944
2256 2258
6749 6750
5215 5256
252 12780
172 1160
13 2242
9778 9780
1465 1466
6649 6651
8102 12197
2638 13315
622 9948
1599 2731
1546 14234
4684 4709
3484 4635
5387 5388
2570 4937
677 14117
4308 6279
1628 5148
3604 3605
260 2208
6976 6977
243 244
14077 14078
5232 11863
2925 12733
591 8916
483 485
1519 11155
269 1949
502 8337
8894 8895
2754 2755
1549 6816
978 2202
4686 4687
763 14081
578 8960
2512 2514
10045 10047
11493 11494
875 876
10680 11580
10219 10220
1817 3356
2836 2838
452 9578
715 2935
9134 9135
3483 3484
4452 4995
10080 10419
46 3512
7877 7881
1445 1447
4162 4164
14128 14131
6625 9813
3640 5239
1770 9260
8781 8782
718 14394
11609 11613
11358 11359
9553 9554
11610 11621
2020 5620
322 1633
6193 6194
4060 4101
455 1230
53 3354
4420 4421
5256 6104
10337 10338
7079 7080
1108 5230
5668 6221
506 641
10147 11617
218 3750
592 3670
5101 5911
8628 8629
2210 9531
495 1903
1168 10101
926 4455
199 4633
6226 11381
684 3425
54 4105
7210 7615
9284 9286
660 2668
8102 12198
6245 8209
260 5621
1933 7378
382 12781
9513 9514
1572 5482
876 901
2446 2916
48 6475
1716 1718
47 11499
2335 7967
8156 9191
698 5302
4328 4330
73 829
8997 11556
10555 10556
1857 6429
82 1214
7492 8942
6227 6228
260 1967
2634 3341
1034 1881
172 13275
62 7420
9614 11478
782 809
434 3444
269 10270
5576 5578
3022 3023
1605 1942
12016 12018
665 2208
6469 6693
83 10218
2925 7453
72 2680
5225 5227
5729 10054
83 7009
7733 7734
62 423
1706 2135
958 2045
68 874
2916 5421
874 6686
1077 8073
169 631
1360 12135
260 665
978 5887
869 9422
578 875
1362 9035
315 317
4859 9723
7960 10099
6862 11075
2161 9739
5212 5213
5572 5574
9203 9208
927 11303
24 7441
6665 6736
3999 4240
2309 2310
11627 11631
4625 4627
20 6969
5336 5337
7427 14061
10169 10170
1531 5531
6542 10705
3156 9928
592 635
4952 4955
480 691
1500 9049
83 4402
8478 8686
2908 5164
7218 10080
5741 10449
11611 11632
2917 7089
10634 10635
479 14172
1241 2400
5257 5446
243 246
4346 8182
1953 11943
1572 7072
4193 4194
6731 6733
153 260
11244 11245
10773 11604
2976 2997
592 4092
37 38
8655 8656
1117 1647
927 11347
9117 11106
132 2803
1743 1744
6 7936
2717 9460
1196 10685
14129 14131
1537 1728
11628 11629
2312 9431
19 2956
2393 2394
8824 11071
112 6947
4165 7323
172 4951
4320 10777
428 11067
3228 10373
1067 11758
479 5304
4161 4164
3646 3649
5972 5973
149 13273
865 5232
4168 11799
1827 9836
7967 9762
1328 10372
3653 12103
692 693
41 6604
2257 9148
93 1289
340 1130
112 2056
3201 3203
5919 6546
1558 5781
105 9476
1549 6817
9613 9614
1911 8287
10620 10621
2225 3285
2342 8926
6490 6491
4699 6697
80 1314
2542 7517
9403 9719
7040 7042
61 1558
172 862
716 2479
11230 11231
6673 11066
7491 8026
5483 5528
3278 7931
3533 7677
3579 9207
9966 9967
4472 9525
6063 8403
3113 3115
1000 1001
480 3743
7712 7713
715 11622
8596 10169
4093 4096
2835 6250
11616 11626
505 9678
10908 10909
7340 7341
452 2063
711 14078
14013 14016
615 1962
105 9735
2166 7706
4147 4148
11621 11625
1137 1138
1618 6770
3482 7967
38 1747
4095 7226
563 13986
3664 5594
8006 8012
8555 8556
6279 9422
914 2026
1511 14007
9189 9190
721 10006
4079 4081
872 875
715 11613
41 66
1211 3610
5403 5406
14081 14082
5808 6567
8938 8940
96 6648
3930 4106
5337 5340
3533 5917
6711 6712
1817 3282
507 3128
4145 4146
1378 3494
297 886
2279 11313
2111 9608
8151 8153
9224 9225
584 585
2637 3750
4952 4953
5415 5446
2567 9278
10780 10781
666 690
2190 2192
7332 7334
4452 4998
4558 4561
10303 10304
6 8052
81 1014
716 1384
8541 8542
8000 8007
1328 7519
10338 10339
8004 8010
3258 7466
5191 5192
9249 11458
8759 9302
7885 9983
51 9198
144 3346
2539 5126
1817 2970
66 2855
8015 11493
11583 11585
597 867
2072 13209
3556 3558
1250 2464
1141 4515
7122 10278
99 1070
9201 9207
287 571
207 11768
10147 11620
455 4539
4548 12003
2273 2789
83 252
11760 11761
11224 11228
2054 2055
2314 6333
1211 1412
6179 8511
873 874
11612 11632
172 3321
269 1141
2755 2756
132 387
543 2634
8663 11634
111 720
220 1384
9856 9858
5414 5446
55 217
2512 2513
2255 7865
1547 1548
6151 6154
680 681
4080 4081
3606 5623
7218 10673
2507 2508
2341 2342
9084 9086
422 505
3090 3093
1407 6878
626 9421
1383 6677
7930 7931
1478 6375
718 8570
428 11070
395 2925
2161 11133
2627 3279
9991 9992
54 4481
1077 1078
976 11233
37 14007
4270 4271
4573 4574
2423 8930
5305 5309
808 11261
5586 5587
3164 5424
1168 3380
763 14168
3016 5791
3368 8044
8493 11361
1717 1718
5791 5792
6156 6157
2393 5866
413 536
1803 14066
69 640
4157 4159
4083 5903
1008 5498
12088 12090
5441 5442
3930 11210
6199 7724
340 4268
11245 11247
7635 7637
4056 4058
718 3273
1370 1371
4591 4593
2851 4995
985 3273
2994 2997
8503 8504
9299 9300
2873 5682
9195 9204
2275 3714
394 550
5647 5648
866 9344
45 7092
2665 2666
270 271
4243 6585
583 591
5867 10460
12006 12007
6279 6283
6156 9831
4155 9352
866 5066
153 2992
6744 6747
2567 2571
54 807
901 1263
422 2713
3454 6355
778 5743
4765 5824
207 2223
3023 11491
3113 3114
3114 7782
11357 11359
10537 10538
2925 4172
5849 5850
9300 9302
2661 2662
1302 3360
2577 5921
408 7335
4243 4244
11611 11623
13000 13243
9112 9113
3543 8158
2111 9603
11106 11107
1746 1747
6678 6680
3604 5554
9186 9190
1808 3802
4061 11952
5306 5315
218 2754
6561 12152
2446 2814
5730 5731
2046 9056
3930 4265
370 5941
684 7091
3992 4310
11651 11652
682 9809
1558 14158
3328 7861
698 699
172 14103
51 9201
5146 5147
550 11673
317 4916
11907 11908
47 269
660 1328
6673 11065
6710 6716
1953 3206
415 434
1549 8903
4081 4720
5287 12189
12003 12004
1326 9598
958 1363
8308 8311
61 2271
1838 1839
96 5072
3836 7092
1484 1661
47 300
11619 11626
166 1617
252 602
209 1072
1079 1081
2161 11132
3525 6288
11155 12155
5674 8204
214 1808
2674 2731
83 4193
8502 8503
218 7102
1953 12101
3743 9019
5349 5350
6746 6749
1328 8044
577 3250
1717 7600
287 3386
11614 11615
14008 14010
41 69
481 4554
12757 13000
9460 14170
976 14124
2568 2569
452 1325
2192 2193
11780 11907
7407 9724
1184 1187
4268 7026
11621 11632
578 4394
2668 3278
9275 11732
12173 12174
481 3444
636 638
2032 2773
3504 4385
2025 5751
11614 11626
132 7461
1827 8257
536 1250
1093 7218
42 72
593 2661
665 667
46 13680
5869 11623
3284 5216
218 502
804 1425
107 6282
3341 3604
13006 13007
1385 7102
9206 9207
1250 1942
511 6750
480 6770
9147 9149
7730 10934
6146 8548
6063 8405
372 2802
5708 5709
4290 10795
1803 1804
199 4216
1161 11155
8007 8011
1350 10970
2731 14070
455 947
4545 4546
3915 3916
4168 11798
7878 7880
698 702
11980 14064
4086 10052
910 2870
1211 2542
934 3804
6073 6077
11798 11799
1211 5126
9666 9667
481 977
5551 5554
2135 5903
12780 12781
8015 11491
6059 6392
10080 12196
7333 7334
2108 10091
682 1045
1763 1839
159 260
81 2814
10147 11612
112 6946
13989 13990
6650 6653
11624 11631
9991 9994
251 252
4694 4695
1861 5875
42 4605
9605 9608
2314 9304
4278 4282
1621 3212
2443 5158
54 1478
901 903
551 14052
1809 4381
9235 9236
6 8053
10335 10338
2225 5551
809 1360
7143 8403
5952 5953
451 5475
4837 4838
153 13253
479 485
2918 4678
4984 4985
6244 6250
895 3869
7979 7980
2085 8572
4648 6995
1150 2798
1360 2233
2917 8996
481 684
480 5919
3587 3588
9295 9297
2408 7998
2556 2557
551 9430
3664 3667
480 975
48 1426
4850 4852
3340 6489
10794 10795
286 698
664 13676
721 11336
385 4583
10564 10565
938 9677
2505 2506
1704 2908
1807 3802
1543 14079
5404 5407
6077 6078
5575 5579
3146 3326
543 8323
6732 6733
1807 3803
3463 7830
2639 13275
5869 11609
1072 3732
3197 3204
80 585
804 1309
572 888
4665 6298
6894 6896
762 5704
3663 11759
999 1001
227 228
6757 6759
90 6778
507 938
622 5914
1068 11155
882 10674
6302 6305
7642 7643
11623 11628
17 2553
660 11196
11506 11509
3780 4683
2917 11556
395 1729
868 869
7289 7291
2797 5867
12112 12113
11613 11633
1861 6766
53 14368
677 2174
61 1634
53 11726
1381 2449
1950 10112
11203 11204
199 5810
6861 11075
4377 5228
2447 12063
726 4607
83 2280
78 172
1248 8028
9512 9514
172 2063
844 6737
2577 8655
2885 2886
412 729
172 1144
507 6776
4642 4731
96 881
1380 1944
2336 2340
4596 6303
2962 2963
7175 9364
726 6060
1027 7120
1599 7712
2314 4017
958 7504
14080 14082
1248 3326
88 5373
11806 11807
573 10620
5262 6516
947 983
728 4283
9201 9203
1727 5475
1132 1134
4287 4288
2446 8675
481 1150
1711 3189
260 1263
9302 9304
1077 10089
9367 9368
1376 6044
9208 9209
6198 6199
1855 1857
12138 12139
480 1622
111 507
975 8314
3885 7618
571 8195
4131 4132
3604 5553
3246 4960
450 578
7290 7291
1621 2024
475 478
6572 6573
901 13142
9614 11239
9204 9205
8337 8421
6801 7412
719 1078
68 4395
432 13999
249 1425
244 245
4554 4557
730 1353
719 4124
2062 3857
591 2686
2357 2979
6245 6249
5222 5227
3545 3547
1572 7073
1642 1643
859 862
2836 4988
434 3354
3646 3821
111 423
434 4371
87 88
5252 5253
83 7196
2507 2509
5224 9646
83 976
8005 8014
1815 1816
3279 10466
14014 14017
6674 13376
782 938
10112 13982
14135 14136
2025 6975
10302 10303
5869 11628
228 230
11587 11588
10683 10685
481 1622
608 6723
8680 13988
3239 3240
9761 9762
408 591
557 983
573 1191
481 8820
1214 14112
8680 8686
683 9721
495 1660
6269 6626
8502 8504
4304 4498
3750 7416
317 590
10670 10673
711 2255
37 1642
17 18
218 565
9085 9088
1364 6279
3579 9205
1322 2679
1079 1080
6963 6964
2748 3189
81 320
83 9204
494 3967
105 4862
9681 9682
1045 1316
4500 5853
7038 7039
2924 2926
3239 12161
3580 12154
90 1484
173 489
231 6375
416 7877
2190 2194
5760 5761
5610 5611
578 14068
9830 9831
1765 1838
2191 2194
9512 9513
2224 2225
517 10634
6192 6195
