3748 14382
11352 11354
10398 10399
3118 3120
2026 5727
12044 12045
604 8114
1854 3688
219 1394
39 995
12044 12046
2236 3761
100 350
3441 8919
2519 3119
5726 5727
2937 2940
11350 11354
8391 8392
638 1252
4461 4462
3873 3876
642 645
10545 10547
8932 8934
13834 13835
147 3925
350 1994
12557 12709
3330 3331
796 3290
2025 5726
12276 13036
1521 9327
2684 5898
9437 9438
5739 10079
11747 11750
3760 3761
11994 11995
1238 6163
5927 5929
12864 12865
1993 1994
1784 3260
75 78
9685 9686
709 4774
241 3608
9325 9326
2938 2941
638 1668
3931 3932
1531 3932
9435 9438
12124 12125
795 12841
605 606
2166 2167
709 4773
11749 11750
600 601
77 78
11747 11749
9435 9439
1237 1238
991 992
9323 9325
3761 3762
992 3118
13647 13649
4243 5924
1374 9734
991 3118
2463 2464
2166 2170
1784 3261
12123 12124
3873 3875
11749 11751
7168 7170
75 77
839 1252
14457 14458
12557 12710
480 2476
9436 9437
991 1211
2014 2018
365 369
8934 8935
604 4243
8919 8920
795 796
14423 14425
627 4070
9686 10147
11991 11993
9325 9327
1252 1668
5929 5930
12123 12126
14410 14455
11993 11995
11351 11354
1211 3119
3118 3119
9436 9440
148 750
74 78
1784 3259
3733 3734
9435 9436
4478 10147
3286 3288
7279 7280
9685 10147
604 5924
8534 8536
142 1394
992 3121
8918 8920
12043 12046
12043 12044
5928 5929
11750 11751
74 75
4478 9685
14422 14429
3286 3287
13353 13354
5928 5930
5923 5926
2168 2169
7287 7288
12876 12878
2014 2017
8536 8537
839 3848
2939 2940
2017 2484
1465 9734
2941 2942
626 3733
12875 12876
11747 11748
2522 2524
2014 2483
2166 2168
12060 12061
5924 8064
201 203
11748 11751
11746 11749
12875 12878
2523 2524
11354 11355
625 626
11350 11353
636 1668
367 368
3733 14303
3259 3261
2683 5898
365 367
5927 5930
1477 14458
3733 14422
2519 3121
11748 11749
11352 11353
9324 9325
627 4071
638 839
142 219
604 8064
11352 11355
12042 12043
