3205 9015
10958 10959
11859 11860
2216 3628
4837 7819
4178 7087
424 5591
10201 10203
9945 11550
10196 10204
7095 7096
4951 4954
5300 6814
637 11852
507 11340
7727 7728
5516 5518
4072 4073
9945 11551
6879 6880
10253 10255
2334 4485
7612 9033
5061 6777
3947 3949
10197 10200
2306 2819
2904 10531
8219 8669
1553 3821
1599 7725
4829 11835
2305 2306
394 1861
2129 2130
4962 9216
1275 4866
9023 9024
10196 10203
8457 8461
3946 4483
5694 5698
10039 10040
9407 11969
4324 4326
11151 11152
4178 4829
5001 5023
1701 1702
4332 4333
5658 9407
10914 10915
4832 7152
11700 11701
4950 4954
1728 3782
973 974
5141 5142
6763 10183
4332 4334
7698 10283
5141 5696
1211 2659
2334 8623
6617 8129
1275 3449
874 1638
3379 7384
5298 5299
2861 11978
4870 4872
10262 10263
2104 2106
4829 11473
2120 3978
1275 4193
7087 11462
3866 4637
3194 3584
3590 3591
2074 3143
4580 9489
4870 4871
3235 3238
7054 7055
3379 8735
11642 11644
2334 3194
7886 7888
4485 9024
2106 2107
3900 3903
2664 4962
5932 5933
2286 2334
9859 9861
9240 9241
10659 10660
7725 7726
3866 4255
7384 8735
670 9259
9672 9675
3587 3589
6881 8930
8803 8804
6225 8729
4765 11977
413 4177
61 633
11936 11937
3109 3110
12030 12033
8244 8245
2430 9054
877 878
8873 8875
2217 9003
10254 10255
3150 4485
2127 2129
7281 7282
2786 9089
4152 9311
2287 3946
394 3867
3817 9382
11320 11321
4866 9043
2424 8644
5695 5697
2693 2694
4178 8930
5141 5694
3529 3895
635 9950
507 9868
2043 4837
2267 11248
6007 8086
4828 4829
4684 9407
9242 9243
1571 2830
9408 11969
4258 4259
1410 2232
6222 6225
3248 3249
1275 2287
7726 7727
5658 9408
880 996
8502 8504
5150 6160
4952 4954
41 11527
4829 7151
13772 13773
4178 7611
8873 8874
8847 8848
4135 4137
5330 7545
9918 9920
7698 8208
4326 4327
11788 11789
6879 8145
10426 10427
3478 11526
6161 6162
1027 2717
6888 6889
3866 3867
1491 2295
4177 5505
3904 4065
5334 9053
7535 7536
1307 10523
10660 11462
10369 10370
1411 11923
3206 9042
2874 2875
61 1067
393 1002
11699 11701
3194 3585
4829 4830
12008 12009
10202 10205
10196 10199
8802 8812
7184 7186
4868 4872
3205 10429
1599 7728
1029 5738
2104 2105
7483 11170
6686 9396
2425 4817
3451 5770
2335 3059
5351 5352
11788 11790
112 3379
1028 5738
9240 9242
8872 8873
8707 8709
4901 4902
9615 9616
2267 4485
5330 7544
10716 10717
2453 4886
5692 5696
7094 7096
5692 5693
2715 2716
8802 8804
4729 4730
1 2343
11169 11170
1307 10522
7056 7057
394 397
1274 9767
2249 9758
9890 9892
159 5082
4869 4872
5692 5694
9078 9079
6657 6658
551 7740
11098 11099
3584 3585
1490 10139
4484 10024
6881 6882
4951 4953
8802 8907
6828 6829
5333 5334
3717 3719
3948 3949
635 3866
3057 3058
5317 5319
4324 4327
1861 6488
4631 6890
8456 8460
1002 2430
7697 10283
1953 5348
6686 6751
9715 9716
10631 10851
7611 9311
4189 4190
9945 10040
1274 7876
1794 9397
9315 11340
4178 11462
4177 7611
605 8495
9889 9891
4955 5944
7532 11649
6880 6881
9947 10040
1571 8250
10318 10320
3205 11921
7533 7535
3205 8999
5301 9784
3782 5300
8706 9055
5088 5091
5370 10433
11185 11813
8778 8779
7095 10370
1772 6351
10204 10205
10860 10862
10860 10863
3866 5646
5063 5064
1410 2043
6317 7286
5391 10615
8455 8461
3584 3894
3279 3281
1067 11551
6644 8483
5001 5025
2127 2128
1751 8543
4799 5560
3528 5738
2303 2304
7886 7887
4953 4955
1410 1411
8161 8162
8613 8615
2217 10410
5141 5692
1029 11872
1793 1794
8145 8146
5492 9819
4254 7281
6879 6881
4687 11544
605 5944
1701 1703
551 5491
10922 10924
4866 9042
1067 11550
395 6429
6663 6664
4110 9931
2285 2286
2904 10530
3950 6120
6586 6587
9633 9634
3718 3719
996 997
8735 8736
10197 10201
586 3020
10665 10666
8459 8461
5179 5180
5657 5658
8070 8072
8127 8128
144 670
5088 5089
3206 10023
10708 10709
3992 3993
3902 3903
1258 1410
4110 4111
7151 11473
11097 11099
1861 5875
1002 1003
4133 12030
9008 9009
2334 7553
10199 10203
10261 10262
3410 3413
7598 7600
3451 4483
3904 3906
8455 8459
10198 10199
5752 9259
4828 4831
3194 7843
4193 4194
4829 6879
8245 8987
7047 7048
6880 7611
5024 5025
4177 9033
7857 10867
3413 3414
9868 9869
6828 6832
6181 11320
5694 5695
4178 9945
10850 10851
9022 9024
10425 10427
9144 12153
2118 2119
277 278
5944 6293
10082 10083
9950 9951
5089 5091
395 397
5558 7384
9000 9002
4829 4831
11921 11922
8519 11319
11170 11171
9674 9675
6813 6814
4143 4736
4823 4825
1772 6350
7286 8551
4177 8145
4133 12032
4178 6879
5060 5062
3947 6120
7611 9033
8070 8071
1638 6751
10197 10198
11098 11671
4111 8547
3248 3250
10180 10182
7725 7728
4631 6889
3279 3280
670 5752
5607 5608
4765 11978
6831 9901
4177 10659
4825 5615
3929 6422
903 8869
2588 7398
5141 5697
11789 11790
6617 6775
5740 7016
5359 5360
8778 8780
7476 7477
7553 7554
4952 4955
4831 4832
3966 10078
9075 9078
4178 9766
4684 9408
5710 8606
9898 9899
11550 11551
1491 7981
3685 3686
4800 5560
5351 10385
4136 10758
7055 7057
4829 11834
1870 4817
9241 9243
2267 13753
5495 5496
6664 7740
4485 9021
9945 9946
4152 6596
9759 9760
7534 7536
8457 8460
4324 4325
112 3378
10077 10078
4853 4854
2714 2716
5492 9820
5143 5145
7972 7973
8779 8780
3147 6155
8218 8219
10585 10588
7546 7547
3235 3237
3947 8285
3171 3419
1027 11519
9868 11340
6007 6596
10196 10200
10632 10633
2859 3854
5005 5008
879 880
13792 13794
3900 3901
4133 12033
10200 10202
6223 6225
8728 8729
3901 3903
6350 7735
8355 8356
7599 7600
9673 9675
4465 6472
4178 8145
1572 13763
3866 9950
2285 3736
4175 4178
414 4832
5259 5518
1 8355
1571 1649
5627 6143
10198 10202
3732 11249
1275 3451
6657 9004
4884 4885
4866 4867
4837 6587
4050 4333
3866 5527
159 1108
4799 4800
4950 4955
2104 2107
2131 6814
1571 3867
3854 3856
997 998
1258 2043
10139 10140
6664 6665
7736 10958
974 2493
1789 13783
3379 8736
10522 10524
10196 10201
5494 5496
4298 4300
4832 11835
4955 6293
10319 10320
3735 3736
3450 5088
3854 3855
3818 3819
9383 9384
4765 7888
10180 10181
3205 11692
3948 6120
8502 8503
4792 4793
8812 8813
4765 11979
10202 10203
3797 4819
5693 5694
6829 6830
1067 6017
10631 10850
3782 7698
5300 7699
3206 4866
4791 4792
996 998
8162 8163
4298 4299
7726 7728
10197 10203
7608 7609
4254 6187
3450 5090
