363 8859
10940 10942
650 13055
54 219
12511 12512
772 9401
2004 5427
2326 2330
81 5445
7687 9543
222 224
1647 13216
13219 13224
1851 1862
2439 3194
802 2137
5830 8540
1545 11819
580 13522
2595 3738
12767 12769
1969 1972
4405 4406
2235 12788
43 13224
3115 3116
3538 5013
1076 2275
729 866
624 12316
382 12781
300 382
413 414
2029 10751
6334 8984
13221 13482
166 975
7011 7289
2644 2646
984 3454
1654 12563
12701 12702
13124 13207
467 572
4663 5790
1955 3082
8611 8612
1811 1812
763 765
668 12635
944 13077
555 13960
158 887
2067 2632
1863 1867
492 3967
2351 2352
9655 9656
543 1155
3828 13179
317 2627
1005 1006
5408 5409
12916 12924
149 12521
5815 5816
51 217
804 975
252 382
1328 1581
3209 3210
12919 12922
3969 3970
13006 13007
13124 13209
730 1751
12690 12692
269 7614
5295 5296
12392 12516
12287 12616
270 7416
1537 9026
2235 12392
67 69
132 4810
12512 12513
3750 9308
1683 3194
5843 12583
809 2822
2057 7135
1380 1381
3543 5741
9164 9166
886 983
12969 12970
1969 1971
13393 13509
8698 8699
7228 7229
13195 13196
866 5232
13162 13288
42 809
213 3396
808 1851
7268 12780
492 814
2417 12425
72 2679
2519 11028
6265 12685
46 2441
8877 8878
812 2439
218 582
809 5150
929 13399
6397 6398
455 2868
777 778
2393 7366
19 2388
6823 6824
72 639
2275 13157
3930 9057
432 504
1356 1967
1141 6685
73 12321
602 13266
865 1141
865 12841
424 1117
1759 6376
12308 13570
12275 12426
3533 4664
363 12549
12926 12928
2004 12804
2025 2026
13 322
13288 13289
1076 2441
1098 6308
12141 12414
730 1747
481 12372
1388 4807
5556 11776
479 481
4099 4100
457 5691
1706 5903
1464 13221
1955 3080
288 13344
7228 7230
12639 13080
684 13370
80 12510
1097 9668
2057 2747
691 9137
93 5790
12962 12963
1967 5160
1867 8836
38 476
2224 2225
9782 9783
1370 1892
2024 2025
634 13356
13115 13207
124 125
73 152
5619 5620
217 1356
771 8789
218 5073
61 111
3937 3939
12876 12877
11434 11435
37 1747
12276 12278
5479 5481
127 470
10831 10832
13383 13384
1299 2619
9370 9371
620 803
71 1456
3036 5093
951 954
653 12640
4664 4665
12408 13557
13079 13081
1255 1256
3114 3117
4405 4407
112 3128
1543 14079
684 12631
1300 13102
13162 13163
1262 1264
1269 1272
199 1226
2999 8790
494 1313
3290 3291
5372 14270
5556 11502
12841 12881
229 12611
7365 7366
3084 4141
9080 9081
928 7253
7563 9668
4308 11635
1616 1618
12528 12529
132 298
4200 4201
300 543
9161 9165
12286 13497
94 12819
151 153
12751 14290
9730 11967
96 99
563 13986
54 3750
726 4607
412 9018
975 1618
1712 2803
45 47
4290 13482
2621 9587
12913 12920
6437 6438
1547 1549
447 2790
831 12729
93 4663
6551 7943
668 3263
420 422
428 3114
124 13188
397 3347
3462 13312
1073 1356
8879 8881
1475 1754
4226 4227
2275 2435
743 8422
159 12682
9160 9161
218 1356
2013 13251
12301 12989
13959 13960
1939 12687
1543 11820
13166 13319
37 1743
468 469
169 1034
8620 8621
653 12641
591 592
12875 12877
231 1581
12745 12746
5484 5485
479 12459
144 4665
317 1824
984 1540
582 13308
1301 2620
2479 2702
308 12504
272 273
742 8422
54 633
13220 13221
4835 7688
13853 13854
54 13617
1271 1272
13581 13582
1425 7943
6145 6146
339 3907
2315 13271
4165 4358
1853 1854
12336 12515
1850 1862
3275 3276
3426 3427
5480 5481
1531 1533
7011 12802
12359 12362
592 1968
10027 10028
467 12497
223 14484
1326 9599
272 298
859 4394
665 1369
4946 4947
13100 13101
4876 4877
11985 11986
9668 13943
795 1598
4241 4244
2649 2650
1522 1524
4663 4664
13979 13980
2552 2646
768 769
12776 12777
158 447
1387 1388
12430 12432
1604 7267
6848 13604
1464 2519
12558 13654
6 54
1941 3638
1711 2748
2999 8789
5996 12346
179 2135
241 11021
958 1362
541 4215
4776 10831
5432 5434
1821 3396
42 286
715 12960
12341 12342
2003 12804
13480 13482
13 3515
210 4311
12438 12439
12748 12749
3940 3941
12879 12880
733 949
7735 9794
398 399
1198 7896
46 1076
1704 2057
2439 3193
12424 12425
2057 2059
1654 13029
1763 1764
36 37
62 423
5844 5845
1612 1613
729 804
10453 12581
9266 14142
46 96
473 492
13509 13513
2650 12539
2060 2420
13357 13358
4018 4019
1524 1525
202 1743
12329 13260
1705 1706
1617 7277
1945 8561
207 210
6006 9509
351 1347
46 1072
2058 2746
3401 3404
1558 2251
99 1045
13509 13512
420 1660
1389 1391
2755 9278
12913 12921
684 1155
447 3515
13533 13534
87 754
1385 1711
10749 10751
3218 3221
462 3426
5754 5755
172 13285
1948 1949
1362 9531
2161 8986
13852 13853
1694 1695
46 218
6621 6622
9661 9662
153 1016
7289 12801
626 12590
492 1939
7366 11208
5754 5758
151 8232
62 1768
1475 1755
395 901
1824 2438
582 1385
990 991
12990 12992
2310 5092
4294 12929
3797 8177
1613 4086
12961 12962
96 12977
1374 13016
10376 10377
125 967
588 5801
1893 2196
40 1425
207 211
153 2882
455 2907
60 1862
580 13549
12875 12878
269 1949
5093 5094
218 12542
3483 4605
360 12744
1531 2331
889 1441
1967 4218
1289 3533
2242 2873
684 12606
3824 3826
12915 12917
54 2172
1263 1264
795 2019
13866 13867
201 13377
2979 3495
1558 6175
10281 10282
13978 13979
2197 3319
2041 8948
38 12760
12686 12687
1022 13000
9057 9058
54 10449
1766 12402
1751 2275
13018 13019
112 3084
63 111
2196 7614
213 2471
219 220
279 466
36 1743
12912 12919
269 1309
96 3328
891 1441
1181 2992
4395 6268
9159 9161
829 1080
53 54
5641 5642
967 1354
763 9268
1350 2223
555 13959
3930 4106
480 1765
3232 3233
13061 13237
1592 1593
2782 2783
62 1192
1959 2137
418 13166
9154 9156
372 1241
131 5259
2283 13458
68 8731
43 1464
1592 3232
2180 2181
9583 9585
713 12659
1513 2445
8948 10591
1651 1654
4941 6848
620 802
13383 13385
2591 10550
2647 2648
5427 12474
4210 4212
5396 8947
730 1228
1399 13440
1343 13272
4011 11646
1813 12522
12487 12545
4113 9543
4592 12866
172 450
147 4296
298 13434
12732 13024
4139 4141
1318 5004
1751 4947
339 12341
1563 9789
210 211
2737 13425
7029 7031
127 933
4408 4409
319 3484
592 1967
308 1182
9040 9041
13058 13060
807 2625
8876 8877
1203 1727
447 3376
105 2004
382 1425
420 3328
5662 9543
269 420
543 3836
52 54
2041 6299
3231 8730
958 2658
4881 4883
517 2025
5396 8948
4241 4245
71 1455
479 480
12712 12726
5529 5530
73 153
502 4031
45 1076
4294 13172
958 1363
173 490
1131 1134
4882 4883
96 881
874 5612
12286 13561
578 862
395 6062
6395 6399
44 927
493 494
3936 3942
748 3637
12316 12318
68 2731
7686 9543
2555 10028
46 479
13222 13224
2196 2747
957 3558
442 443
2367 3371
1370 1371
5237 5238
3999 4240
695 696
2135 4011
223 224
3806 5645
1597 7686
543 5083
80 1314
5049 5169
3935 5038
83 12850
3956 3957
420 5073
812 8136
4940 13416
492 12672
1633 3515
318 3484
172 6268
1763 5487
8746 14487
94 6848
2023 2623
2599 2601
12479 13985
913 3084
799 13890
1375 12520
41 69
12380 12381
3221 3223
1225 1226
630 13278
4665 6298
2007 9728
12511 12513
800 801
457 2520
1923 5504
1944 3494
229 729
1537 2595
2799 8584
14 1572
308 6324
1132 1133
1353 2242
12914 12919
13168 13172
975 6770
12275 12424
6265 12684
13039 13040
229 3828
13163 13357
8948 10592
8383 8385
808 2233
12889 12890
12729 13298
3750 8611
13473 13474
132 10620
13162 13436
481 2798
1751 6564
13106 13108
13339 13340
3348 5682
12765 12766
13384 13385
7259 7260
1270 1271
1045 1315
4780 4781
2262 2263
1821 13731
2543 3514
2297 13029
12294 12297
13338 13341
655 1043
10560 10561
1108 1771
931 3482
3558 12513
3482 4605
60 13211
4472 4473
54 8158
1255 1257
61 2021
1770 1771
1531 1532
7427 14061
1763 5485
7486 11108
1543 13320
4290 13204
412 2674
3213 9572
1808 12978
8552 8553
6502 11964
218 407
729 1618
1892 2196
1328 12889
7569 7570
179 12617
13143 13145
6622 6623
618 619
1152 1154
12503 12504
1968 3069
2420 9037
11635 11636
4166 4358
2327 2330
370 12527
479 691
11965 11966
90 231
13597 13599
1959 5169
159 7432
985 13377
4671 4672
1033 1034
481 955
1967 1968
9628 9629
770 6407
1909 2149
53 1385
42 7408
37 12664
3636 3637
6997 6999
152 2992
1308 1309
153 766
230 2437
3829 6265
489 2079
1097 1098
1713 10751
9162 9165
892 893
503 1115
543 12841
12697 13043
3750 9833
4241 4242
2171 3750
775 777
2029 2030
7367 8036
407 1362
729 1309
99 4054
360 12442
41 66
2007 9727
135 2060
591 729
862 13124
6279 11635
13549 13618
260 2041
279 2079
874 3348
5754 5756
6654 6655
1066 3114
605 938
432 1080
1174 1175
493 495
13115 13124
424 468
12491 12761
412 5912
13 2242
1300 1301
317 12751
543 3605
1992 1995
480 729
1763 1765
1767 12293
951 12560
2748 7496
748 750
3192 3193
888 12997
12449 12450
1706 2135
12343 12345
42 287
3220 3221
913 7076
1484 6282
226 10561
42 807
6352 6353
1829 1831
2275 5947
665 1383
434 1292
1132 2417
1704 1705
11705 11707
172 809
2388 11133
888 12998
2242 3967
796 1598
96 13390
4086 6339
934 4529
985 6137
54 900
251 1425
60 1851
13110 13111
94 12643
479 1616
479 1617
13219 13221
3086 13383
2223 12841
3563 3565
72 4607
11775 11776
800 12952
1131 1132
3037 5093
809 938
2619 13102
91 985
12915 12923
172 901
2441 5641
517 2024
12769 12771
605 1161
12765 12768
1396 12641
223 12447
241 1624
12295 12297
12765 12771
3935 4501
3346 3348
13339 13343
237 794
1970 9041
54 4481
62 1862
573 6435
5396 10593
209 1241
3538 9589
2746 2748
5813 5816
12577 12772
554 12286
8221 12982
807 5150
4083 5903
209 211
4880 4881
2347 4011
12082 14289
479 5821
580 1385
798 799
222 14484
209 958
3533 4663
124 812
745 12391
317 4916
270 4087
2099 13893
54 2748
1301 3442
4240 4243
298 1791
2870 13281
37 1738
217 1384
39 1759
2199 3318
711 2009
13167 13170
5756 5758
1547 1548
201 1356
778 2335
12411 12788
3285 4629
754 12904
13144 13145
1045 4717
90 1478
480 481
12392 12664
582 653
3267 3269
13678 13679
218 2552
13074 13075
111 1558
260 1263
47 407
13490 13491
1546 4011
2020 6574
493 815
1360 13301
54 6621
2580 2581
1080 12855
2440 2442
4394 13115
147 2013
215 216
1808 12977
772 9400
3231 8731
12558 13655
985 8464
251 382
2738 13425
153 765
1378 1381
2441 13062
9729 9731
5038 5040
201 4663
1070 13217
5427 12804
7942 7943
892 897
273 13162
13 831
149 1656
4113 7686
10940 10941
4210 4211
3482 3483
95 553
909 13282
3275 3277
37 12788
8882 8883
94 95
72 931
96 1904
39 13280
2012 2013
12305 12306
742 1271
9598 9599
152 13253
13360 13361
893 897
2059 7496
290 13052
13061 13238
13115 13208
53 1711
2006 4616
12417 12418
273 13163
1080 1545
132 1019
764 2558
4297 6145
61 1192
13219 13223
252 12780
3836 3837
2564 2565
1141 2223
13614 13615
729 12318
62 3084
1207 1210
2007 6696
13162 13289
1711 9279
1407 4726
5757 8553
1470 1471
88 754
172 874
890 3159
4642 4732
45 1142
2417 12273
395 5987
424 2149
3219 3222
7416 9308
54 4663
12433 12434
270 6339
591 1967
893 894
3130 3131
1291 2205
2946 2947
4290 13205
730 12451
578 13315
553 12440
730 2790
1540 3346
11706 11707
218 2171
3217 3220
620 2351
479 1618
2623 7938
2275 12721
45 2710
12966 13661
12072 12073
2004 12474
3482 7480
1954 2631
12707 12708
814 13417
2179 2182
900 9586
672 673
290 13345
1328 12890
12914 12915
1974 4406
807 1211
5556 5682
2171 2637
1540 6355
12639 13081
3967 4156
1780 3425
804 9596
1045 1316
6 938
172 862
9934 11028
4629 5621
99 420
12306 12307
3871 3872
591 3069
179 13215
451 452
218 242
959 2658
148 749
12360 12361
5741 10449
12834 12835
13225 13226
12286 12287
269 12611
8621 8622
2122 6674
3266 13054
4138 4141
132 387
1733 1734
144 3533
4737 4739
148 3635
633 2731
3750 6339
54 12818
12911 12919
914 2026
5118 10709
665 12866
8316 8318
1304 12330
1531 2332
214 759
1344 7563
270 13373
12800 12803
5268 7416
71 1378
12766 12769
1624 11021
2025 3040
13058 13061
691 693
2519 9934
842 939
4776 10833
3640 12840
1767 12402
665 2711
7173 7174
12915 12921
8619 8621
1227 1228
1302 3360
1647 12723
2057 13294
633 2367
1736 3232
19 21
45 46
231 2439
12516 12517
842 11841
2754 8612
505 2062
3111 5558
12918 12922
804 6770
2393 7365
2020 6606
3690 3691
807 938
4947 4948
2599 2779
5687 5688
882 10674
1322 2456
1992 5843
539 1992
3750 8612
9295 9297
5965 8562
653 13432
270 4086
4139 4140
1736 3234
12688 13417
12944 12946
61 3782
135 174
597 742
360 12609
1213 2595
455 557
3447 4781
308 309
2773 2881
9252 9253
252 1425
1067 1161
13853 13855
9295 12098
2623 12312
5662 7687
6285 6286
424 543
1542 2275
14139 14141
5012 5013
4918 12093
13397 13398
3462 13313
3528 4139
2161 8985
13480 13483
12791 12792
2022 5055
580 582
1420 3995
898 1708
865 866
1851 5867
214 2348
13529 13530
1368 6407
50 12280
2029 10749
93 12929
1939 12688
12368 12371
3538 5012
8258 8260
172 577
4200 4202
1743 1746
584 13289
573 13112
6751 7255
577 13315
1073 5336
2440 2441
2747 5121
3217 3218
13038 13039
6502 11965
457 13252
2178 2182
9660 9662
172 397
13167 13172
8605 12287
13001 13002
13557 13558
1542 3638
1660 1661
1892 1893
4681 6751
549 550
13342 13344
1300 2619
124 8135
93 3869
2551 2552
2283 8463
730 1545
218 219
1531 1534
582 13108
634 3197
5640 5642
20 21
876 5590
199 217
809 2233
967 12697
4365 14431
3111 13256
215 1328
96 6648
3793 8915
2881 2882
5259 5261
928 930
3219 3220
94 2748
4359 4361
5118 13108
742 743
1034 1319
807 1161
1270 1272
450 578
4810 10620
218 2643
1343 9080
1022 12757
3290 3292
3220 3222
3080 3081
14061 14062
2204 2205
929 13012
2225 3604
146 5480
1108 9586
172 13142
273 298
1397 13178
1807 1808
12795 12796
12777 12779
2057 2748
202 12392
11964 11967
7790 7791
7032 7033
71 315
1543 1751
3750 5208
432 618
432 435
2041 8737
2442 5640
13046 13048
776 2063
684 2011
3806 3807
173 175
13528 13529
3482 3484
13170 13171
934 4528
543 5085
865 1350
541 1390
12916 12917
1398 12296
494 814
1901 12765
3217 3222
12960 13301
933 934
2477 7470
12286 12643
2675 2676
3084 4138
1356 2171
3937 3942
2451 13332
1299 1300
480 6545
474 14051
12768 12770
153 1175
815 1313
3483 4607
8062 12699
13526 13528
93 6137
5259 5260
13335 13337
42 2822
4078 13333
1385 4061
1704 13438
9794 9795
5555 11777
8562 8737
1546 11646
1132 12275
807 2062
1161 2479
3938 3941
2041 5984
201 217
5167 12771
80 12494
80 8433
860 901
218 2011
80 208
12640 12641
3262 3263
1751 7315
899 900
10303 10304
124 126
13078 13080
6251 13652
7473 7474
683 684
13528 13531
582 13107
223 2020
12915 12922
11591 13132
1969 9040
3558 12961
13107 13108
7011 12800
1543 12729
2620 13102
1549 1912
424 1647
1380 1944
270 4836
11314 11316
13 11317
4365 6066
7563 13943
263 3370
395 1413
217 1385
977 14124
138 4882
62 395
950 952
40 252
3483 7480
13 1633
543 2225
1861 5988
12425 12426
1207 1209
37 12517
96 1316
2242 9532
684 1780
12791 12793
12405 12406
711 12796
3036 3037
150 13402
7517 14240
6329 6331
543 13093
218 6254
12489 12491
217 407
1377 1381
38 270
1262 1291
5640 5643
452 2091
1076 2235
5756 5757
12894 12895
955 2169
1456 7813
2310 2311
71 72
6334 11131
801 6406
577 874
3346 3930
172 4395
505 9082
953 6574
2179 2181
13201 13202
172 1360
1349 1350
2309 2311
4297 6146
446 12336
6082 6083
3289 3291
505 807
1621 2024
12777 12778
37 260
37 12391
54 6622
6407 6408
914 3354
2032 2773
1161 1258
50 1513
2150 2152
804 1425
317 9152
3527 9755
1821 3130
6611 6612
12882 12884
54 166
100 12966
2025 3041
1017 13989
4607 7407
1974 4405
3189 9278
956 4378
5087 11912
7708 7709
668 13622
2137 5048
220 221
3689 3691
13342 13343
1521 1522
4882 9507
506 12612
138 4880
5485 5486
13340 13343
745 14388
4243 4245
711 12879
5498 13921
12431 12432
5115 12314
12343 12344
1073 7804
2275 13320
683 12507
307 308
842 11842
2161 6334
3328 13537
13221 13483
7561 9668
149 382
424 3836
4881 4882
4404 4405
3267 3268
12919 12924
2357 3495
19 20
8880 8882
1173 6993
218 4663
551 4106
12412 12413
888 1529
881 13012
2172 7791
9612 12793
582 2650
1704 1706
585 4607
54 13261
38 1228
1747 12392
2178 2180
420 1659
207 572
12308 13544
553 12805
573 12725
6405 6406
4607 9080
936 1116
270 7033
957 12513
93 13352
2063 5743
1385 4663
490 12705
4256 4257
297 323
288 1598
6395 6396
124 8134
894 897
1545 3714
1905 1906
480 5919
1390 1391
52 1711
2417 12274
2534 3273
12917 12923
127 5591
2607 7426
7588 7589
1743 12760
13046 13047
3401 3402
12860 13202
434 2024
2415 13310
1710 1712
931 3483
3938 3940
3563 3566
382 13026
1959 5049
6611 6613
6997 7000
1540 3348
2710 12866
572 4031
1782 10453
492 2778
457 458
8316 8317
351 13491
1080 1081
1370 10506
1378 1380
1076 2475
479 1302
938 5150
12689 12692
2595 3788
1970 9040
7614 10270
1017 5700
934 1648
573 966
1969 9755
290 2350
112 913
3346 9057
2057 2776
223 5529
6396 6398
1474 13379
231 888
3052 3053
13132 13297
6308 10271
1047 4294
1192 2021
218 1385
11770 13475
684 12455
12539 12542
42 938
807 2233
447 831
53 12466
231 6375
7312 7943
2747 5120
506 507
13208 13209
210 4018
1331 1332
13563 13564
12392 12788
40 2347
3350 8697
72 1911
3876 13135
726 727
2161 11132
269 866
360 12549
407 866
12285 12287
263 5013
6502 9730
12916 12921
955 12624
3744 4166
985 13119
6137 12595
479 6769
1713 3437
73 4461
2326 2329
9073 9074
1431 1432
12997 12999
178 179
1269 13441
229 230
10071 10073
914 915
99 7675
12141 12416
802 2499
6502 11967
5757 5758
37 1076
72 319
4820 4822
96 98
584 13162
42 7407
5427 13394
9403 14139
100 2173
2803 3536
4917 9177
1617 2632
12377 12378
125 709
1826 12448
958 1356
2477 4054
12391 12517
12071 12073
4917 12093
13555 13556
100 1923
131 5260
12471 12472
13003 13004
2028 2030
5985 5986
13526 13527
424 13678
804 4479
12391 12392
256 795
68 4395
2058 2196
83 90
9159 9166
3290 13610
8020 10541
3495 4988
7293 12800
46 424
124 967
1751 4948
226 3037
950 3908
12696 12697
5504 13866
1660 1904
1398 13178
4059 4917
1767 4297
5083 5084
1161 1255
491 494
684 866
12289 12290
665 1181
1237 1239
12446 12447
492 12453
153 165
105 5427
2746 5121
4626 13839
1696 8020
7475 8390
91 543
1531 9132
1380 7729
1537 3738
9776 9777
13393 13512
8746 10029
13247 13248
578 13116
12911 12922
543 12881
1673 1674
39 40
220 2172
2499 5048
2275 13293
12491 12762
653 1396
1923 13866
6374 6375
1558 5781
4499 4500
684 5073
12748 12750
8111 8112
776 2066
7707 7708
944 4748
5678 7475
1370 2196
62 1861
553 554
8880 8881
2599 2600
2281 2282
1255 1258
48 50
12744 12950
860 4394
9641 9643
1390 1393
3266 3268
13063 13064
2826 5981
270 2776
2608 7428
12392 12517
582 5118
1027 1413
19 11131
7135 13109
479 1034
6848 12389
420 1484
494 496
434 914
1807 12977
1543 2275
829 12321
955 4293
11591 13297
730 886
557 626
12479 14021
1593 1736
13220 13224
2420 9038
68 8730
5843 5845
4882 9508
9159 9162
1549 9597
809 2242
62 5987
12912 12923
450 13116
449 831
759 3396
407 5083
270 2747
1633 2275
953 3908
12912 12924
217 898
12845 12846
695 697
814 1939
462 464
3266 3269
12413 12415
260 5621
4290 13481
668 3262
45 665
12915 12919
762 13679
2503 5044
418 473
1150 2041
1899 1901
1270 13441
13509 13511
12389 12390
9163 9165
12273 12274
2275 14079
2020 5620
5983 5985
1141 6282
929 7313
9908 9909
12453 12671
553 12643
1763 12419
1592 1594
172 13301
1901 12767
492 2242
814 815
588 13247
451 5475
582 12615
217 4663
6266 9389
799 1874
2755 2776
1819 4293
6455 6456
4240 4241
2151 2152
96 12707
3750 4836
1098 7562
2223 12881
447 448
616 617
1376 10514
8349 13544
8859 8860
13162 13290
166 1616
4671 4673
13249 13251
2057 7496
543 4629
13335 13336
12913 12914
13135 13369
5432 5433
582 13514
338 2964
71 73
382 12403
771 8790
913 13171
865 929
5741 8158
149 11127
1370 1893
6695 6696
12905 12906
152 168
1027 1851
12378 12379
2019 2020
7426 7428
12911 12924
252 12403
1353 3821
8908 8909
457 8891
9155 9156
3222 3223
1712 9586
149 12632
11963 11966
1132 12284
1464 13220
1884 1885
172 1161
260 4840
407 408
2265 13574
10029 14487
3938 3939
766 2340
1901 12766
1906 1907
2199 3319
338 339
218 7791
4605 7407
12913 12924
13446 13447
1969 8825
481 2024
4275 4277
1192 1862
1308 2297
2283 2284
481 1948
1027 1034
2297 6666
803 2137
1097 7562
950 951
3218 3219
999 1000
517 13183
9129 9130
3233 3234
269 7943
51 52
2196 7613
172 859
54 13303
5396 10591
100 13234
992 3797
914 2025
479 804
13019 13020
800 5490
371 1628
1545 3638
201 985
5396 10592
428 5974
3572 9411
339 12340
5555 5556
2120 6353
3935 5040
1945 12814
1945 6564
61 63
99 2477
424 9531
237 791
12707 12977
13016 13017
1449 6456
288 796
290 13339
12275 12470
466 13839
4969 14140
889 891
12082 12751
379 380
1321 1322
866 1484
1350 12881
673 884
12082 12748
12920 12924
37 9625
481 4166
748 3636
553 2503
2604 2608
54 1710
447 2653
582 12542
462 12742
4365 14430
270 2748
93 4665
12542 12615
3213 6823
8825 9755
999 2213
441 12860
12765 12769
943 13077
2604 7428
2161 11133
172 551
1653 1654
2754 2776
2273 2275
719 4821
2007 7707
1161 2822
4528 4529
1304 2841
990 992
3869 4663
1704 12944
12823 12826
493 1129
1213 1771
12776 12779
201 1115
270 4835
12766 12768
172 395
62 5867
260 1909
1654 2653
1318 1606
2350 10447
63 112
1380 3494
976 4731
8221 12981
1771 9026
407 2442
6066 8480
4529 4530
1652 1654
765 7517
2171 4481
480 1034
7011 12801
582 1957
99 7674
13486 13487
4776 10832
12639 13078
12699 12700
80 585
12426 12427
12489 12762
5498 13960
10770 10771
3114 4821
5159 5161
54 4989
166 1618
3213 6993
13514 13549
592 593
141 142
1385 13308
72 3483
2357 2979
7746 7748
2747 13043
3232 3234
7473 12275
1390 4215
2041 5985
12540 12541
730 1743
1017 4810
80 1313
2351 4775
1725 1726
2122 13377
12766 12770
1543 1545
9641 9642
6350 9795
147 13329
42 9724
1000 1001
573 14232
80 12487
201 13119
12761 12762
543 3285
8879 13062
51 899
1531 2328
54 684
12750 14289
771 2999
652 8316
351 13490
1750 2742
99 100
93 3533
91 13119
959 3103
5814 5815
99 7470
1320 3050
13047 13048
10591 10592
2011 12465
1391 1392
269 480
158 7150
582 13618
12367 12371
598 599
62 1027
111 2251
13109 13373
12314 12578
4880 4883
5486 13225
3334 3335
898 4989
2041 10593
43 13219
5683 5684
866 2445
12632 12633
12891 12956
2315 6848
6439 6440
8619 8620
4294 12869
931 4605
1865 1867
2348 3396
913 13172
2755 9279
217 220
4605 7408
467 8421
1771 8039
3925 12450
12775 12776
849 850
481 2041
7029 7030
10620 13989
730 1353
2169 3461
862 13115
1076 12392
1034 4061
13274 13275
1004 1005
9612 12792
807 9678
12745 12747
395 577
1242 1243
46 7125
1824 12352
339 2964
557 6364
2761 4078
1673 1675
592 13944
1076 12788
395 578
1711 1712
3533 3869
745 12392
93 4664
4917 4918
43 13220
1158 9730
2639 13274
1545 13173
13220 13223
12425 12470
583 592
2058 13043
10421 13204
2647 2650
563 4241
179 539
13207 13209
1873 1874
684 12456
9160 9165
465 13346
13480 13481
1098 10271
3139 8909
578 4394
3637 4296
260 3699
2309 5092
494 2342
730 1078
2197 2199
308 1183
4244 4245
2538 7131
865 5066
140 142
138 4881
165 168
13207 13208
1531 3874
3533 6297
802 1291
1328 13540
5902 5903
98 100
2275 3999
425 487
260 2208
1455 1456
2435 2627
12612 12613
271 9833
7030 7031
2275 3638
2719 2720
719 4822
807 2242
418 1190
242 5118
395 808
12875 12876
1001 2213
959 2248
802 2807
37 1304
2072 13207
172 13116
13220 13222
2866 2867
2006 7707
231 3050
2349 2350
760 2471
419 6099
222 12312
12572 12573
172 452
3037 5094
5377 6628
3278 12733
452 3284
298 3750
7289 12802
543 1349
12877 12878
288 2350
54 1618
1021 1022
173 2869
54 2803
13456 13457
6052 10940
505 1161
1438 1439
13514 13522
138 3338
7539 7540
1439 1440
765 866
2060 9593
3265 3269
306 309
2621 3442
12748 12751
209 14479
3159 3160
13106 13442
12912 12920
152 866
2639 13275
605 1771
1424 1771
4242 4244
13326 13327
553 12819
3655 3656
412 9016
582 13549
127 424
861 13315
72 7408
489 5996
2122 13376
9266 14141
172 13315
2001 2275
83 1214
12921 12923
1072 1141
54 270
6265 6266
4142 4144
5749 6365
12308 12686
12917 12921
865 4472
1173 4809
382 12521
2674 2676
1127 3750
96 12957
382 12486
1764 1765
543 5084
691 12799
4472 7869
112 395
127 10177
795 3357
1906 1908
13393 13510
3609 12275
43 13221
889 12891
12391 12516
9165 9166
12301 13416
1499 5666
1647 2411
5641 5643
12376 12380
2341 2342
13 983
12643 13561
492 985
2059 2747
413 415
61 1298
306 307
46 958
1161 2062
90 13553
270 2755
1759 11976
12860 13254
2072 13208
9582 9583
13541 13542
810 813
543 958
967 2058
12911 12921
2944 2945
1299 3442
1531 13520
1484 1661
41 42
260 6299
10178 10179
8876 8878
6848 13638
2965 6088
1713 10750
62 8474
502 5610
1161 1211
958 1358
99 260
12997 12998
269 3828
1705 13438
8222 8223
1618 2067
2441 13012
12663 12664
1545 2435
480 1150
1613 13166
13393 13513
12821 12822
1042 2060
2965 2966
152 958
24 7416
14430 14431
2442 5641
14 60
12286 13637
1419 3995
1543 2627
3533 4665
1892 7613
1588 1590
153 168
217 219
290 13343
1763 5484
13340 13342
6276 12962
412 421
12960 13033
5504 13867
221 502
149 1240
60 63
684 2437
1072 7125
12767 12770
730 1542
4294 13171
832 2983
1128 1173
153 13253
480 3743
2329 2330
6 1617
1375 13016
543 1920
242 582
2607 7428
2062 2625
256 10447
4501 5038
418 13319
62 938
481 517
716 4107
12844 12846
37 12760
317 12082
6052 14325
13394 13395
13892 13893
127 3400
12776 12778
1152 1153
730 12729
698 1161
466 4626
12912 12918
12092 12093
1066 3370
868 12860
580 13514
2067 7276
154 1543
226 4089
1649 5523
4969 9403
317 12492
61 395
52 55
1770 14312
1360 13033
13142 13285
3113 3116
759 2348
865 3744
3532 3533
1971 1972
1027 1861
830 831
12453 12672
555 5498
8618 8621
2025 13821
5755 5756
12911 12916
13411 13873
1853 12740
62 2251
1771 6840
1419 1751
12415 12416
370 12714
8176 12186
6674 13376
494 495
3750 6338
1864 1867
481 684
5479 5480
8421 12497
2556 12861
730 12760
5892 5893
9398 9399
12773 12774
1628 12714
1097 7561
172 4394
127 4529
2442 12507
2437 5073
1901 1902
2072 13115
3130 3132
1436 1440
424 5591
625 626
1861 5987
14 1360
4880 4882
4078 9183
138 4883
3794 5204
4875 4876
444 13120
506 12613
3836 7229
443 444
6563 8562
97 98
4406 4408
1821 11114
889 12956
11963 11965
12392 12663
13143 13144
782 807
2679 2680
37 12516
1548 1912
1315 1316
12686 13544
3806 5485
19 10312
428 927
9160 9162
580 13618
811 7517
804 7312
9507 9508
4918 12092
829 8940
6935 8724
7265 7266
1586 12527
2172 4031
6769 6770
715 13301
385 387
446 6781
865 1513
543 13679
54 2756
978 1045
2172 7790
2205 2499
4246 4946
1542 10022
4296 6145
12441 12442
1211 12982
3278 12463
835 836
5049 5050
397 4394
13336 13337
1375 12979
37 1228
3079 3080
1791 1792
584 13288
543 6685
12463 12464
125 13188
481 2025
12883 12884
1161 5150
13072 13073
226 668
12285 12286
1731 9531
2059 7135
260 1356
9163 9166
422 2731
93 2263
684 12542
12306 12309
4241 4243
13482 13484
898 899
11132 11133
54 898
6365 12675
1378 1379
424 1076
1754 1755
1545 2001
305 309
590 591
386 966
1207 1208
866 5066
5485 5487
8730 8731
3346 6112
3262 4606
1213 1537
5115 12578
1263 5160
13122 13123
12926 12927
213 8827
158 12287
1970 1972
1598 2350
802 5049
12919 12921
9781 9783
1478 6374
72 318
1213 2594
5754 5757
52 4589
8317 8318
12746 12747
1970 8825
46 4940
2327 2328
597 1604
682 4717
665 4592
3396 3496
12333 12334
1116 1370
96 260
12287 12530
373 1730
1228 12760
146 5479
3442 9587
1543 13157
13700 13755
2059 3189
467 957
910 2870
54 899
5167 12770
13083 13278
5118 5119
123 12382
260 424
270 272
1227 1229
24 7441
9131 9132
424 762
1920 2224
1437 1438
231 14479
891 1758
7407 9724
929 1444
1377 1379
126 127
288 13052
5655 5656
1779 2642
251 252
1229 4622
795 2349
2604 7425
1375 13017
1108 1414
975 6769
9729 9730
4140 4141
4154 7032
2452 12890
900 1107
2059 9279
1173 9572
1240 3698
71 1407
5167 12765
4086 5208
12293 12402
1291 1959
12691 12692
2443 2444
1543 14137
270 6439
6848 13226
3231 10334
46 543
941 12860
13237 13238
6502 11963
2171 4307
1827 3576
323 2907
933 4530
360 5757
12644 12645
397 3346
1186 3188
172 13115
13 730
11841 11842
5919 6545
938 9082
1437 1440
4663 4665
809 2873
207 888
1766 5680
8618 8622
2965 6606
385 9016
7735 9795
54 9278
38 6440
6613 12560
72 4606
3318 3320
13338 13339
804 1616
2801 7821
90 2439
1977 4201
13514 13618
802 5169
578 2072
1116 1611
290 12980
961 963
913 13168
492 13417
4969 9266
5012 5015
8984 8985
7060 12541
13169 13172
93 4294
479 975
407 5084
759 2471
1867 8837
1242 1244
1098 10910
4607 7480
148 3637
6 5741
1097 7563
111 423
4294 13167
373 1683
2265 4546
889 890
5640 5641
9582 9584
6848 12642
1647 12782
8384 8385
1444 9873
473 814
8879 8883
1383 1442
4308 11637
1706 4011
212 730
90 6374
13261 13303
2079 3427
36 1746
1127 4307
928 929
13510 13513
730 12516
1484 1659
578 1168
453 12389
260 1308
1765 1838
691 3904
229 2437
13393 13511
179 538
765 9268
42 3482
2041 5396
2747 2748
1743 1747
1545 10900
2315 13269
481 3387
1269 1271
865 12881
550 3128
2041 8947
8267 12585
2242 3821
1957 5118
1213 9026
3190 13434
930 9873
13570 13636
83 1014
13852 13855
19 8984
260 684
1892 10507
72 7480
1475 1756
132 4562
2011 12466
1592 3233
1228 2441
578 5612
317 1078
774 1374
650 2206
96 1045
774 12979
4531 4532
225 226
651 2839
1474 7259
804 1617
1865 1866
220 12818
11635 11637
3436 3437
370 1628
8908 8910
13 212
8110 8111
1765 5486
665 1442
46 2658
53 2803
10 6115
585 4391
2079 3426
300 958
807 13359
2393 5580
138 3339
4165 4357
1379 1381
222 6122
842 3062
810 811
976 14124
1543 12721
3053 5548
6265 9389
497 12459
1970 9755
13341 13345
407 1363
953 954
4294 13169
2746 2747
13 449
505 9678
13340 13344
222 2020
202 730
605 809
4404 4409
961 962
91 93
970 971
12860 13201
1385 2756
1419 4246
1674 1675
1389 1390
985 2534
1474 7260
51 55
3498 3499
1314 2444
930 1444
12352 12448
802 2205
211 1116
317 1973
1203 2801
13221 13222
414 416
317 2289
4290 13483
1635 2485
4731 4732
12882 12883
7427 14062
48 1513
888 13780
12766 12771
985 12379
620 621
683 9645
862 13209
9587 9589
434 480
479 866
668 2801
13106 13443
811 813
1603 13331
1315 13390
1150 1949
668 3037
13512 13513
730 12410
4989 12100
1950 10112
615 12983
1599 4287
12275 12425
2186 2188
72 7407
1941 3639
3797 8176
54 1708
909 3496
2499 2807
263 1066
71 1457
4642 4731
290 13341
578 579
6551 9056
6 13359
260 269
3945 8383
502 1356
46 3836
1377 1378
19 11132
6245 13652
492 494
72 3484
231 1478
730 12391
785 5207
506 12682
11963 11964
11636 11637
2623 12627
12368 12370
172 579
1863 1866
8135 8136
1449 6455
1158 9731
1974 4407
999 1001
4927 12410
5072 5073
577 860
834 7475
578 12994
6398 6399
1073 1973
1150 2798
874 4526
901 4394
541 1391
3170 13229
297 448
1228 1738
6 1618
54 1383
955 956
1457 1458
4296 6146
202 12664
6502 11966
4165 4166
9161 9163
1034 9137
4626 12265
770 1368
4672 4673
1618 7277
4835 7686
2063 13386
2161 11131
13 13314
481 5965
269 481
1618 6769
270 868
7707 7709
123 3491
716 4106
3750 5196
729 4479
479 12460
42 4605
1161 9082
730 745
1432 2664
1067 1255
209 1116
2619 9587
51 1395
3037 12582
13200 13201
218 2756
12649 12651
1829 13520
8318 8319
2089 6686
62 7421
1735 1736
2137 2807
14289 14290
2041 5983
3699 6299
941 3698
711 941
218 4307
5056 5057
4294 13168
172 13124
1864 14479
13539 13542
395 7420
12559 12561
26 3874
8947 10592
1957 12539
6 1161
37 13084
2007 4616
12070 12073
481 1150
1360 3348
13854 13858
4061 4297
2441 12507
809 13359
978 12903
771 4942
2805 3543
3292 3836
159 1414
6395 6398
306 308
9403 14140
1973 2598
6115 9662
3169 3170
1704 2754
7942 8584
929 2445
2283 8462
4346 12860
37 12663
580 13108
1532 1533
3945 8385
3968 3970
12919 12923
481 976
958 1073
12552 12553
13018 13020
2760 7251
2552 2644
7588 7590
891 12956
3655 6364
94 12473
123 552
5783 10475
394 550
1045 13390
217 2171
6580 12325
46 3604
578 13285
1830 1831
2045 10674
3217 3221
14 3454
12686 13570
1464 9934
8320 8322
40 251
573 844
10941 10942
61 62
4241 13986
831 1543
2283 12645
2790 10900
4143 4144
1328 13542
6564 8561
3231 4395
1542 12729
745 13327
958 1230
269 7312
4243 4244
2004 12670
2041 5965
3263 13103
54 7102
8879 8882
13078 13081
1967 5161
490 12706
269 1948
54 1384
2754 5196
4607 9081
2242 4089
2777 2778
975 14124
682 1045
6350 9794
382 12780
12917 12918
9159 9164
11753 12298
1611 2149
12369 12370
583 591
632 2702
221 2172
634 13355
202 1228
762 13678
209 8538
2402 3825
3053 5547
543 4515
1974 4404
297 12488
3266 13206
55 217
749 750
2637 4663
382 693
1543 1544
2658 3103
322 323
93 6298
3936 3937
123 4858
151 152
13038 13040
60 423
479 1425
45 729
201 426
5987 5988
3170 5678
13381 13382
17 133
6307 10271
958 8538
13 1625
172 451
7083 10540
93 13119
954 2020
1456 1458
4882 6006
3277 3787
54 5208
942 13076
4481 6623
900 1712
494 12688
96 1807
13514 13515
211 4019
590 592
3346 3347
8672 8673
235 236
1867 8835
12917 12924
37 745
4011 4083
1704 5196
10175 12454
3572 9412
152 1175
4106 6112
8316 8319
9163 9164
260 2210
2555 10027
9474 9475
4154 4375
1994 1995
831 3515
72 2438
1300 2620
8121 13060
2160 9401
1970 3527
51 900
890 12891
96 9268
395 1851
371 1241
12346 12347
505 506
992 8176
2637 3750
2273 2274
909 13281
211 3828
3435 3437
4240 4242
2585 2586
46 866
6115 9661
1537 6840
458 2521
1826 12352
60 111
96 7949
135 12706
148 3636
8134 8136
10151 10152
929 3159
1959 2205
1391 1393
9587 13228
139 140
2867 3182
931 7480
557 625
1117 1647
1966 14161
290 13340
578 13142
730 12517
578 860
729 1318
6339 11997
5010 5011
1425 9596
386 387
3558 12512
54 217
270 11957
1108 1712
2790 6287
13221 13224
4626 4627
3943 3944
12273 12275
41 68
3084 4139
139 141
1308 1441
4099 11939
61 1861
4481 5741
2870 13282
13530 13531
2121 2122
467 13374
126 812
12593 12594
1370 13284
152 11753
1545 2627
90 9855
5160 5161
13073 13074
1824 12448
466 1520
217 2637
12305 12309
12699 12702
1300 3442
12920 12922
37 12410
13527 13531
126 226
480 691
13053 13054
665 666
1379 1380
1617 2067
38 202
934 1647
1478 2439
62 4140
895 897
10592 10593
900 1108
5498 13959
802 5050
317 2161
1318 4165
1213 3788
605 807
2011 5073
148 4297
584 13290
46 865
13221 13481
12307 12309
2577 7102
425 1118
1300 13227
6396 6399
9584 9585
543 2223
3217 3219
2607 2608
13163 13265
9156 9157
288 940
2057 2746
1 1264
158 2242
1968 10304
4290 10421
866 1142
2746 5120
4211 4212
7746 7747
13341 13343
5755 5758
6551 9596
93 1047
6621 6623
1603 8724
2223 2224
269 729
2625 9678
1191 5912
217 1225
1807 12708
13415 13416
97 100
4605 7480
6 807
807 2822
12506 12733
54 2637
693 13404
2060 13229
634 4140
12672 12673
418 472
4834 4835
149 12527
3218 3223
3750 6439
260 497
1173 2027
1385 13108
7561 7562
19 8986
62 1850
12913 12917
12914 12923
73 1304
1203 4089
1398 12295
451 4321
2488 8671
47 683
14 62
14 12960
7426 7427
179 4940
54 13616
1713 10748
1651 1653
4582 12894
37 4927
1636 13369
991 992
4500 5853
885 887
53 12465
1436 1439
1328 4565
7289 12800
473 1613
60 945
12980 13052
3564 3565
148 3634
557 12711
978 1199
487 488
480 3744
2614 6405
2020 5055
149 441
12914 12922
220 503
2648 2650
8164 8837
13978 13980
2388 11132
67 68
1558 6174
4941 6847
1892 9648
11964 11966
1380 3493
8349 13636
729 5919
382 13198
890 929
729 12611
1500 9049
985 5194
1080 12847
1522 1525
288 13342
4927 13563
3514 7008
397 901
938 13359
2323 2325
1073 3586
2022 6088
8836 8837
1735 3232
2205 2807
412 422
1080 2740
12277 12278
873 876
12726 12727
2960 2961
1352 1353
127 468
1214 13066
8321 8322
260 420
2833 2834
7293 12801
592 4218
1767 5680
3347 3348
1779 1780
12277 12279
407 3605
172 4089
61 423
943 4748
977 4642
9612 12791
4106 9058
13341 13342
80 557
1115 1356
251 583
12912 12913
3945 8384
174 175
3265 3266
5404 12404
4835 4836
13387 13388
12814 12815
3664 5593
493 1313
218 684
865 2223
1256 1257
3543 8158
71 4726
2136 2137
4142 4143
13852 13858
1545 13293
1616 1617
8420 11028
6 975
4404 4408
975 1617
46 683
83 13065
2022 2965
96 1660
3139 8910
407 2658
12778 12779
12649 12650
1045 12903
415 434
8697 8698
887 1751
13510 13511
1652 1653
305 308
1343 4607
1182 1183
382 13025
269 1141
13066 13067
2740 12506
5682 12960
807 9082
158 1094
3169 3465
2058 5121
4663 12818
12179 12471
1523 1525
90 979
13527 13528
9775 9776
412 1191
992 2012
2441 5640
929 3160
363 12744
985 13292
730 2275
3497 3498
12523 12524
61 1413
2944 2947
1264 7412
13147 13424
201 4622
12138 12139
494 1939
6848 13605
2496 3733
1455 1457
885 886
1385 2171
270 13375
2207 7258
13265 13294
599 3188
81 83
733 5374
1765 5645
1738 1743
8221 8222
2761 9183
11315 11316
479 729
218 12538
978 979
2026 5751
2632 7277
1362 1363
9161 9162
2755 3189
479 9596
12490 12762
759 13021
1704 3750
492 8464
339 12483
2411 12723
1260 3640
428 887
12911 12920
314 315
3114 4843
718 3273
4242 5925
201 218
2748 12819
14139 14142
1968 10302
418 1612
3103 10949
12765 12767
6276 12961
1309 7614
3366 5749
9929 9930
743 1270
2161 2388
941 1240
1322 2679
985 6674
8620 8622
1374 1375
1065 1066
3305 13768
13338 13340
2188 2189
72 9724
11753 12722
481 2797
12848 12849
12916 12918
1213 6840
859 1633
5055 6606
2739 2740
1920 2223
38 1747
9730 9731
1886 12457
6397 6399
3936 3939
2945 2947
270 298
12749 12751
2439 6375
218 2577
12490 12761
172 578
1741 1742
172 5150
412 420
271 3750
1329 3336
955 1819
338 3907
13360 13362
11963 11967
19 6334
730 10900
12518 12519
12307 12308
3284 4089
1073 4171
3371 13160
3806 5487
297 886
624 729
8618 8619
1545 13320
489 2869
1905 1907
37 12411
1821 3132
132 385
12818 13261
222 13021
