8992 8993
11993 11994
2167 2170
604 606
991 3120
99 2477
3875 3876
11747 11750
3733 14303
10913 14371
342 3331
350 1994
3120 3121
2100 12126
5739 10079
11748 11749
5924 5926
8992 8994
9435 9440
241 3608
1531 3931
3733 14379
604 8113
12875 12878
450 1291
14422 14435
201 202
374 426
2441 13062
100 349
240 241
8879 13062
12875 12876
75 78
201 203
8918 8920
4070 4071
4461 13649
3105 3106
1375 1465
147 148
11746 11751
795 796
7280 12061
6413 6414
2166 2168
795 3290
5924 8064
241 9175
1521 9323
10545 10547
1854 3687
374 427
1844 1845
1784 1785
11350 11355
1785 12865
1784 3214
12876 12877
348 349
3330 3331
8933 8935
626 3733
2937 2941
4774 7136
3119 3120
6412 6413
2937 2942
480 2476
7279 7280
12276 13037
2477 7674
3260 3261
11746 11749
1252 3848
2684 5899
12877 12878
12276 13036
77 79
2519 3118
2938 2942
11994 11995
9325 9327
147 3925
7287 7288
3733 14435
1374 1465
9434 9439
2166 2169
1785 3214
3119 3121
992 2519
3873 3876
9323 9325
2100 12123
11353 11354
1375 4670
364 369
365 368
5688 7440
1375 9734
8932 8933
3762 3763
9324 9328
6687 6689
10546 10547
12864 12865
3733 14429
625 626
2483 2484
11747 11748
2014 2016
9436 9439
9434 9437
2100 12124
12042 12044
4773 7136
1521 9326
9325 9326
4773 4774
2940 2941
1993 1994
636 3848
364 366
39 995
76 79
13250 13251
9438 9439
1237 1238
11674 11677
1668 3848
2937 2938
5924 8113
350 1993
2475 2477
4461 4463
14454 14455
12045 12046
480 2477
99 1070
13647 13649
9435 9438
512 2464
10399 10400
2441 8879
636 638
10398 10400
13835 14296
7280 11479
2015 2018
2026 5726
9323 9327
11676 11677
142 219
6412 6415
7280 12060
9325 9328
1477 14458
3733 3734
605 606
100 1993
2495 2496
9934 14371
2014 2484
11992 11993
2014 2483
12557 12710
9435 9436
5923 5924
367 369
2014 2017
12043 12044
5925 5926
8932 8934
13648 13649
14410 14455
5924 5925
796 3290
2015 2484
2683 2684
148 750
11747 11751
3118 3120
6011 6012
4461 13647
1211 3118
11746 11748
8113 8114
14456 14458
2939 2942
9934 10913
11991 11995
638 839
1211 3121
99 7674
627 4071
8064 8113
1785 12864
642 644
992 3121
11748 11751
4478 9685
13249 13251
2519 3120
11674 11675
8917 8919
4461 13648
2016 2484
6412 6414
992 3119
100 350
638 1252
3286 3288
2166 2170
8534 8537
6012 6014
73 818
3286 3287
795 12841
219 2775
991 2519
10698 10699
2940 2942
2026 5727
2522 2523
13646 13649
1531 3932
3761 3763
2494 2495
2631 5353
9323 9326
11352 11356
6012 6013
14423 14425
6013 6014
2522 2524
2494 2496
14456 14457
14408 14455
2523 2524
14424 14425
2167 2169
8391 8392
2013 13251
992 1211
1211 3119
11354 11356
14449 14450
427 14375
2025 5727
8533 8537
2937 2939
14408 14409
11351 11355
11992 11995
644 645
6687 6688
13834 14296
796 12841
12060 12061
512 2463
366 367
8533 8534
74 79
5249 5251
14423 14424
368 369
74 78
9436 9437
6011 6014
9323 9328
9434 9435
11352 11354
3118 3119
8533 8536
2495 9798
2236 3763
