5386 5387
6261 6264
636 638
2066 10859
3677 10408
5719 5720
551 6674
4365 4368
1865 7352
1901 12771
11350 11352
54 502
2167 2169
1547 1914
2198 2201
38 476
913 3911
2226 4837
4479 11533
6612 6613
1097 7561
691 693
4810 6781
709 7481
7908 7909
11409 11410
729 4479
47 207
241 9175
652 8316
3848 11093
13417 13631
3054 3056
4243 8113
1751 1985
2669 5124
3720 4444
2543 6214
477 3692
6613 8098
492 1313
2881 2882
396 2561
1548 1912
808 6018
785 787
466 1599
2441 5643
8879 8880
799 8409
1051 14365
1291 7713
1599 7711
8953 8956
8851 8852
11762 11763
465 5127
2725 7113
11203 11204
615 1714
484 485
2014 2015
9446 9448
9443 9446
909 910
1947 2116
6256 6261
1842 3367
1203 1204
7000 9442
6377 6383
421 479
7276 10818
2318 2322
4901 8953
7311 7781
848 849
511 3582
3330 3331
1370 1611
6018 6021
9445 9448
5167 12769
6643 6644
1531 2331
2367 3733
14104 14105
6020 6022
1051 14366
7655 7660
6688 6689
2733 6024
5451 5452
1005 1006
984 985
7277 9446
2318 2321
1315 1316
2196 10583
7588 8389
7176 7177
453 454
4375 4377
929 7313
2604 2606
946 2906
8316 8317
270 4154
1368 6408
1204 1205
7277 9448
716 9502
6020 6021
748 3636
125 1611
2050 2051
2326 2332
1711 3617
4444 4445
7234 7235
128 130
3097 3098
889 10407
11565 11573
8697 11770
5748 5750
6698 6701
5978 5979
1810 1813
153 8231
481 9358
14240 14241
3576 13927
2016 2018
13775 14037
1948 2114
1689 4650
7651 7652
14000 14002
2350 10448
9445 9446
172 450
256 10447
2049 6211
11479 12060
132 3366
12766 12770
13896 13898
3286 3287
467 1382
1360 3779
7657 7658
1714 13137
8238 8953
172 395
6256 6264
3287 3288
11659 11660
9434 9437
636 4572
151 168
1211 12500
3923 3924
6019 6022
1810 1811
1617 2632
1098 13943
3909 3911
2168 2169
2328 2332
635 1854
2367 6212
8951 8956
3551 5399
14163 14165
291 4422
6642 6644
36 1746
148 3634
4444 4446
9443 9445
1491 7781
3976 6278
3793 5204
1531 2326
350 2772
7261 7262
13901 13902
10574 10576
3910 3911
1238 1239
10484 10485
7943 11533
1344 8864
6481 6484
8317 8318
1034 11837
7655 7656
4367 4370
9320 9321
151 8231
4202 7311
14056 14058
2196 10582
6260 6262
1954 5353
11562 11565
808 6020
11352 11356
11568 11572
578 13315
216 13997
5401 7839
1814 5401
4099 4100
10858 10859
37 48
3720 3721
1901 12769
123 240
256 10448
382 3615
2209 5241
2907 2908
6613 11753
626 3734
2922 7004
432 12648
4028 4030
8879 8882
1531 2408
1649 8795
3928 10574
6261 6263
446 14251
10484 10486
4571 4572
5720 5721
2408 13942
1618 10820
1097 7563
11562 11563
12646 12648
3334 3336
7710 7713
9685 10601
3070 3180
1034 2502
480 729
5556 11775
889 7313
359 360
373 1730
6261 6262
591 4094
1499 10888
3975 3976
3 4
373 1683
120 8766
1453 5294
2197 2199
7311 8814
8097 8099
6613 8099
626 3733
39 8428
6258 6263
1863 7352
1465 9734
9439 9440
636 11094
2168 2170
7004 7006
13911 13912
481 14151
37 251
269 2057
3761 3762
446 3558
12612 14116
12631 13912
14106 14109
4478 10147
889 10409
885 1184
9974 9975
7613 10582
407 684
462 464
450 578
9228 9229
2236 3751
3558 7801
1948 2115
2757 2758
3567 3569
298 4086
11479 12061
11565 11570
643 645
2166 2168
3763 3777
11563 11566
9435 9437
2632 7276
3637 7287
8125 8126
4365 4370
615 2110
2770 2771
2326 2328
395 13315
11350 11356
3846 7176
9289 9290
3848 4568
3762 3763
148 3635
5239 5241
2 4
5249 5251
2327 2332
4570 4572
5387 5388
1996 1998
2017 10984
2048 2051
3270 3271
5450 5451
6052 10940
6998 9441
12786 13918
1475 3399
2329 2330
652 8318
786 788
9443 9448
8954 8956
2684 5898
2502 11837
1805 7839
1618 7276
5752 5753
350 636
5396 5399
6700 6701
709 1892
260 1116
10842 14153
1531 2330
591 4096
218 502
929 3677
1339 14001
7176 9671
573 14335
2067 7277
2922 11562
1329 3334
5977 5978
748 3635
1761 1762
9438 9439
785 789
3558 12535
4248 8766
7273 7275
511 9256
13962 13963
2670 13911
10506 10507
3122 3123
10761 10764
10982 10984
13930 13931
2046 6551
8255 8256
975 1618
157 2613
4810 6782
795 10448
6698 6699
1892 7614
1953 5348
395 578
13915 13916
6479 6480
2639 13315
7656 7661
4086 4087
5555 5556
3927 3928
54 220
3209 6738
1308 2022
1689 1690
774 14294
462 3426
973 3387
3763 7943
1370 10582
6262 6264
481 9359
2717 3910
263 265
8879 8883
209 1865
3760 3762
13913 13914
1969 1970
2772 4569
494 496
9893 9894
220 572
604 8113
6255 6259
798 2333
5149 8099
407 479
10698 10699
2017 10983
39 5854
2236 3762
481 977
356 363
7655 7661
636 1669
492 494
8864 8865
407 1302
7827 7828
784 787
218 1090
8953 8954
8796 10876
220 221
13154 13155
412 8428
1714 14044
4093 4094
481 484
1609 1610
636 1252
1436 6772
7826 7829
3760 3772
11562 11573
774 1375
12767 12769
13154 13156
357 358
748 3634
2717 3909
5556 11776
1873 1874
2046 3360
2083 2084
11566 11568
7309 7310
9443 9447
1997 7176
1750 1751
1568 1569
10582 10583
481 7943
4789 4790
4094 4095
1912 1915
11563 11565
152 153
635 638
4575 11535
1892 10581
10447 10448
2321 2322
1601 11763
1339 3039
1370 7090
2018 9321
12646 12647
1996 4568
4243 8114
3095 3098
6674 10877
9323 9325
975 9444
1694 1695
11350 11354
7003 7006
2057 14326
2236 3761
6212 6216
3767 3771
356 357
39 11110
13938 13939
11753 11754
12005 12007
11353 11355
1811 1813
125 127
1947 2115
8953 8958
6138 11504
4375 4376
774 1374
946 2907
1719 1720
4376 4377
1291 7711
7654 7659
1251 1252
5240 5241
2606 2607
96 1316
1370 10581
12769 12770
1611 1892
11408 11410
3567 3568
6257 14110
1746 1747
17 5388
3343 3344
2236 3767
1286 1287
1899 1901
11093 11095
12647 12648
5044 13520
709 7482
13937 13938
7653 7660
3721 3722
1475 13378
4368 4370
7563 9668
615 13137
5244 5246
4772 4773
573 6435
17 8892
636 4571
2561 6674
132 1842
642 644
1947 1948
1334 4338
8238 8954
474 3481
2441 5641
8199 8202
292 294
11350 11355
2724 5052
8349 8350
866 9525
808 6019
1356 1876
3848 10374
1329 3336
493 815
10761 10762
2196 7614
481 976
2367 6215
1444 3159
6407 6408
11567 11572
4568 4572
3935 5038
4773 4774
10982 10983
6256 6257
3443 3445
9833 10886
12787 13918
1098 10271
350 4568
1617 1618
1543 1751
127 3400
257 2318
132 1019
252 1425
797 3366
9096 9097
10407 10409
99 2477
946 2908
2355 2356
3558 12536
142 1456
450 10842
636 11095
148 4297
636 3846
2733 6023
8428 8429
8177 13896
4774 7481
5498 13960
11352 11353
13230 13232
397 713
5239 5240
1611 11032
7653 7655
2605 2606
2432 2567
1122 1861
784 786
7276 9446
2265 13574
785 786
446 6781
13936 13938
3095 3096
2172 4031
8879 8881
2229 8834
10488 11535
573 14374
13630 13631
3761 3763
342 3330
4501 5038
6578 6581
4296 4297
9227 9228
6781 9298
8176 12186
1356 3567
3444 9358
2475 2477
8370 8372
5448 5451
2335 13936
7277 9443
5816 13574
446 12535
6998 7000
2432 2568
3721 4444
434 3446
11565 11572
3767 3775
2772 11093
2367 4468
1 4
11569 11572
2772 4572
636 4570
7655 7659
6210 6211
1611 11529
2327 2330
4243 5924
13231 13233
13629 13632
1892 6797
5448 5450
1196 3184
1291 3184
3335 3336
2567 9278
8199 8201
11747 11749
12769 12771
362 363
6479 6483
715 973
11562 11564
2536 2537
4901 8956
356 362
9227 9229
13153 13156
3846 5982
1879 1880
437 438
11394 11395
1211 6216
8952 8954
2018 10982
5144 5145
358 361
2841 3739
975 7276
10819 10820
885 886
636 2000
1999 2770
9097 9098
1901 12770
7261 7263
543 684
2049 2050
412 1290
4444 8067
2561 10877
2330 2332
5718 5721
13991 13993
37 1425
432 12647
13630 13632
975 2632
37 2815
750 3637
4061 6257
1436 6771
120 8767
2922 11565
874 1291
407 543
848 1051
4369 4370
750 1649
511 513
9685 9686
3634 3635
2490 11407
6276 14074
257 2321
9540 9542
2320 14231
4479 7943
788 790
7653 7654
7428 14377
7500 7586
5038 5040
2683 5899
6307 10271
2014 3934
4367 4368
3544 3546
8113 8114
1547 1549
9446 9447
153 168
12556 13535
788 789
6613 8096
9434 9438
5555 5557
3497 3498
1913 1914
291 292
2321 14231
13937 13939
808 6021
1526 13922
848 14365
7320 7321
9686 10601
125 3400
464 3426
397 3786
1308 7113
975 10820
5961 5963
1098 9668
2772 3846
1329 3352
17 5386
6613 11703
1912 1914
13930 13932
99 7675
3545 3547
1751 2275
132 3367
412 1289
1760 1762
591 4095
3114 9227
7711 7712
555 5498
3767 3772
4095 4096
1688 7311
9323 9324
2441 5640
13903 13904
215 4838
6580 6581
2020 2022
1211 6214
910 912
2354 2355
8253 8254
46 543
2815 2816
14056 14060
357 361
5 14119
10887 10888
1399 2801
1831 14105
3344 3345
1491 8814
7654 7657
1203 1205
8238 8955
1088 1090
1831 14104
2047 2049
3568 5003
3510 3928
139 141
1356 3568
13231 13232
360 4317
4978 5244
1953 8423
1549 1914
2101 2102
1877 1880
2167 2168
9323 9328
2354 2356
2922 11573
2442 5640
2326 2331
555 13960
2670 12631
4927 4928
1901 12766
3733 3734
1599 7712
5396 5397
1375 1465
4978 5246
1019 5700
2953 2955
1019 3367
1098 6307
12766 12771
13936 13939
142 2398
913 2717
1374 14295
479 3360
13921 13960
3551 5397
1711 3618
7319 7321
6259 6264
11569 11571
3763 4479
13992 13993
7660 7661
1339 14002
2017 2018
1019 1842
14056 14059
11563 11564
7710 7712
1203 9502
689 3890
395 2639
8797 10876
1876 3568
4534 4535
8881 8882
2432 9278
5124 5125
5143 5144
5924 8113
8238 8951
4365 4367
473 815
6213 6215
9436 9439
5523 8469
493 814
313 8935
373 12844
11564 11573
80 3336
17 5389
6698 6700
148 4296
256 795
9894 9896
8253 8256
709 4773
1087 1088
7000 9441
8238 8957
9291 9293
2408 5044
14249 14250
151 152
11563 11573
1892 10507
9324 9326
911 912
1521 9325
8955 8957
1669 2000
209 6782
627 4070
1474 13378
271 10885
4575 10488
784 785
5749 5750
434 3445
2050 2052
4099 8670
1089 1090
5143 5145
1669 1997
7654 7655
2772 4570
3977 6278
4774 7136
1618 10819
7004 7005
3848 7176
1842 3366
13315 14160
11562 11566
12354 12355
2049 6210
10483 10486
1360 4375
636 11093
6433 6434
636 2770
6892 6893
798 1873
38 1743
787 790
489 3426
36 1747
478 3692
2047 2051
1649 5523
6018 6019
3934 9320
890 1444
2015 2483
1088 1089
3763 11533
3760 3761
9436 9440
6257 6263
1548 1913
7468 7469
8951 8952
11570 11573
10407 10408
2199 2201
14056 14057
804 3763
8348 8349
1892 10506
481 1948
715 12960
9541 9542
955 2954
795 2350
636 1998
10483 10485
2265 5816
338 339
397 2017
11571 11573
1568 1570
2013 13249
9863 9864
1899 1900
1531 2328
1810 1812
2940 6811
5149 8096
2327 2331
435 12647
14163 14164
6480 6482
9441 9442
11775 11776
1087 1090
636 3848
1954 2631
1543 2275
11352 11355
9444 9447
4061 6261
5139 5929
10762 10763
511 2735
10983 10984
397 2018
218 2172
2320 2321
1097 7562
1531 5044
2350 10447
3551 5398
799 1874
6998 9442
7828 7829
2016 2483
1456 1457
3634 3636
3453 13977
615 3343
446 12536
599 1186
6613 11704
5498 13921
2018 2483
8254 8256
257 2320
2297 2298
890 3159
256 2350
2004 12670
6579 6580
220 4031
1617 7277
8103 8104
2331 2332
1901 12768
8238 8950
660 2500
929 7314
10574 10575
1999 2000
3558 7800
1900 1901
1360 4376
11566 11572
11748 11751
11394 11396
2147 14110
6255 6262
636 5982
3848 7891
1654 2298
6052 13925
4061 6256
11354 11355
6256 6259
976 977
9447 9448
1 3
9833 10885
2079 3427
11395 11396
1618 2632
9326 9327
263 264
172 13301
13961 13963
7656 7657
5167 12770
511 1067
5982 11095
3510 10574
46 7504
852 853
1549 1912
457 8891
11352 11354
2922 11566
1034 2501
975 14151
2567 2568
12767 12768
1491 7310
39 3183
9671 11093
709 4774
8096 8097
11564 11566
489 3427
1370 7613
11566 11569
3721 8067
4368 4369
39 10640
14107 14109
6482 6484
2146 2147
578 10842
14107 14108
1861 2543
2100 2102
1618 10818
4568 4570
2067 2632
4366 4367
12765 12770
39 2347
7655 7658
795 10447
7005 7006
3509 6834
2051 2052
395 1861
3846 9671
3444 3446
259 9185
1669 1998
7310 7781
815 1313
1045 1315
3343 3345
5397 5399
96 1315
3720 8067
148 3636
1892 2196
3545 3546
591 592
47 209
10374 11094
6021 6022
13628 13630
551 10877
2017 9320
13100 13101
2604 2608
2347 4567
2537 2538
1899 1902
1901 12765
39 412
9444 9445
2014 10984
8065 8066
1374 9734
14326 14327
7276 7277
1098 6308
14164 14165
9436 9438
2032 13973
6259 6262
9324 9327
9438 9440
1067 9256
466 7710
8950 8953
1334 2022
125 1892
4367 4369
557 625
8253 8255
10485 10486
11568 11569
13924 13925
4583 5387
6018 6022
3779 4375
3546 3548
5982 9671
9539 9540
4703 4704
7277 9445
7654 7658
1805 5401
132 3525
2210 5240
11703 11704
2236 3760
2724 5051
1996 2772
8952 8958
808 6022
9278 10986
7313 7314
10760 10762
7500 9906
693 1034
1878 1880
740 741
784 790
1876 5398
229 230
10374 11095
7613 10583
12768 12771
3975 6278
578 2639
346 4617
209 6781
4617 4618
7995 7996
787 789
2161 6334
13843 14467
631 1719
2198 2200
3443 3446
7800 7801
866 4472
6262 6263
1986 1987
172 13315
9289 9293
14047 14048
3793 3794
10842 14160
6257 6264
1688 4202
1302 7504
6209 6210
4569 4572
660 2109
874 13315
11566 11567
1854 12740
1360 13301
2772 9671
8952 8955
7656 7659
6891 6892
12768 12770
1439 6772
7711 7713
3510 10575
2145 2146
8850 8851
361 362
1709 3618
8950 8952
2952 2955
14107 14111
10408 10409
2145 2147
360 4319
4750 4751
1805 1814
5961 5962
502 2172
2441 5642
2022 4338
1087 1089
11565 11566
8953 8955
5021 6535
139 140
5982 11094
2922 7003
4061 6258
108 4930
257 259
1289 1290
434 3443
14106 14110
11562 11572
2047 2048
1997 1998
1618 2067
172 1360
358 359
294 295
3763 3771
88 754
153 8272
615 660
9893 9895
2022 6606
784 788
3722 4446
2735 3582
1949 2116
3637 7288
1291 7710
10575 10576
481 483
11562 11568
4773 7136
3366 3367
11563 11572
1375 14295
141 142
750 8795
2841 2854
13155 13156
5115 11207
1439 9505
14108 14109
480 2477
2014 2018
12353 12355
799 1873
497 1116
10698 11042
11503 11505
2632 9444
1098 7562
636 2771
479 481
6255 6264
1876 3569
9290 9293
4202 7309
975 9446
3935 5039
6256 6262
371 372
1669 1996
11750 11751
13417 13628
5051 5052
804 4479
5055 6606
6265 6266
2632 10818
209 1863
12765 12767
3636 3637
4029 4030
3426 3427
1531 13942
7287 7288
2772 5982
9290 9292
6782 9298
130 131
270 5246
12766 12769
718 7158
218 220
11353 11354
643 644
10483 10484
5448 5452
395 2561
6259 6261
3634 3637
3271 3272
9325 9326
11351 11356
985 11741
5640 5641
2854 3739
4061 6259
9040 9041
4583 5389
358 360
454 6728
787 788
3848 11095
54 2172
9671 11094
1863 1867
2209 5239
2441 2442
1114 9097
10699 11042
11564 11565
2016 2017
1368 3039
2022 6088
2020 6606
785 788
3509 3510
3096 3098
357 362
2020 6088
636 4569
2772 10374
4702 4703
13153 13154
1034 1861
11746 11748
4114 5753
346 4618
493 1313
5555 11775
286 1538
6579 9864
6255 6256
6479 6482
636 839
3510 3929
140 142
38 1746
1996 4571
11110 11111
11567 11568
909 2870
152 168
3848 5982
6611 6613
11776 11777
13896 13904
10818 10820
1996 4570
1914 1915
11747 11748
2114 2116
955 2952
12570 12571
7003 7005
14046 14048
1000 12354
852 854
172 14153
4251 4252
4583 5388
2318 14231
12765 12769
6480 6481
2047 2050
2940 6812
2922 11567
151 153
1098 7561
481 975
5976 5977
1370 3607
8954 8955
11746 11749
2197 2200
11564 11570
363 4318
128 129
3779 4377
11564 11569
1439 7159
14001 14002
9446 10818
2503 5044
7222 7223
358 362
2417 3083
3098 3099
7563 13943
4568 4569
2605 2607
293 4422
140 141
2236 3777
257 14231
1521 9323
8952 8956
7561 9668
9893 9896
2442 5642
123 3491
492 814
2442 5641
270 4978
2780 2781
7274 7275
2047 2052
8950 8955
11564 11567
992 12186
9437 9438
3783 14467
1531 2332
635 636
10760 10761
1812 1813
2020 7113
2477 7674
889 10408
615 14044
13417 13630
2602 2603
729 11533
1996 2000
1033 1034
7654 7656
8953 8957
1611 3607
172 874
2632 10820
1861 2561
1823 10039
2020 2965
8238 8956
3776 3777
11563 11570
5013 5014
3720 3722
1161 4114
13914 13916
7221 7223
2100 2101
6212 6214
851 852
2717 3911
1987 1988
7674 7675
259 9184
13230 13231
418 1314
2210 5241
786 789
8955 8956
1709 1711
46 684
1399 1400
4070 4071
1611 6797
2018 3934
466 7713
1863 1865
48 3615
382 13198
3509 6833
2014 2017
6257 6262
11562 11571
295 4422
7276 10820
1877 1878
1611 10506
251 3615
6699 6700
1150 7943
142 7160
7654 7661
1374 1465
251 382
6376 6377
924 13751
291 294
360 361
573 574
3923 3925
9437 9439
1689 4652
360 363
13775 14036
2236 3766
1819 2953
450 874
6482 6483
407 7504
591 729
421 480
5388 5389
9437 9440
5167 12766
4901 8952
4570 4571
5748 5749
4250 4252
6480 6484
851 854
477 478
11749 11751
7654 7660
2236 3771
7656 7660
481 1946
636 7176
2049 2052
7276 9444
350 4571
3760 3767
2965 6088
8956 8958
6255 6263
3783 13844
2604 2605
215 13997
172 715
1683 1730
2683 2684
1034 6061
46 407
3793 8915
6772 9505
218 221
6257 14106
5976 5978
251 252
4788 4790
8427 8428
3975 3977
2114 2115
2683 5898
80 557
11128 11129
479 2046
2048 2052
1186 3188
10940 13925
39 2516
339 3907
1034 1289
985 5194
975 2067
1986 1988
38 11647
3095 3099
1997 7177
1019 3366
748 3637
8348 8350
260 479
4093 4096
1842 7818
5641 8545
434 3444
4838 13997
6213 6216
4061 6260
13812 14071
11567 11569
913 10986
52 1711
132 1020
4252 4253
2166 2170
9685 10602
502 4031
361 363
1669 1999
889 929
4202 7310
10487 10488
294 4422
2441 8545
338 2964
11569 11570
11504 11505
3635 3637
218 1088
7310 7311
4366 4369
12786 12787
2432 2434
132 1017
17 8891
797 1842
3775 3777
435 12648
4086 4154
128 131
11393 11395
10314 10316
1531 3874
11762 11764
54 221
6052 14325
2501 2502
1784 2669
13315 14153
2952 2953
2843 8097
8955 8958
955 2955
11763 11764
1688 7309
1618 9444
9435 9438
8200 8201
4392 4394
1521 9327
2147 14111
14059 14060
6578 6580
8371 8372
10265 10266
11565 11569
7481 7482
1339 13977
96 1045
2014 10982
7500 10274
4901 8957
37 252
358 363
37 382
636 1999
1329 3335
3763 3772
323 983
2229 7158
5386 5389
1086 1089
797 3367
11093 11094
270 5245
652 8319
9539 9542
148 7288
709 6797
789 790
8956 8957
9445 9447
636 637
786 790
631 5753
730 2368
1098 7563
631 5752
483 485
48 251
54 572
5149 8098
12631 13911
8318 8319
342 3331
1599 7713
7655 7657
4839 5995
1425 3615
3763 3775
4445 4446
13961 13962
592 4094
14057 14059
270 4087
4335 4336
913 2568
1901 12767
1150 3444
8201 8202
11563 11567
1997 1999
2109 2110
357 360
2606 2608
9434 9435
5556 11777
716 1205
8951 8957
466 1291
90 12715
955 1819
14294 14295
8316 8318
7658 7661
9324 9325
5498 13959
3070 3181
2210 5239
4061 6262
1785 3214
8954 8957
6481 6483
8427 8429
271 10884
3926 3927
481 482
10761 10763
10818 10819
1547 1548
13627 13629
207 209
5962 5963
4365 4366
636 7035
360 362
39 40
592 4096
2319 2322
3054 3055
1543 3714
889 7314
13844 14467
14048 14049
12644 14154
1034 2561
423 1785
5627 13923
148 748
13921 13959
11567 11573
123 11546
3551 5396
889 3677
4250 4253
11747 11750
2013 14020
359 362
2236 3763
14071 14072
1287 1288
13627 13631
357 359
153 8232
1211 6642
172 10842
1784 1785
2018 9320
2772 3848
9289 9292
3545 3548
909 2871
6578 6579
2159 5127
8370 8371
2320 2322
269 14326
205 5871
4365 4369
1547 1913
8954 8958
6258 6264
3637 4297
604 4243
1329 3333
6781 6782
363 4319
1892 7090
754 5879
207 208
7657 7660
132 5700
10885 10886
7710 7711
745 4227
14058 14060
2953 2954
1370 10507
636 4568
4061 6263
2367 4394
4569 4571
7826 7827
3569 5003
1291 7712
5641 5642
2311 14037
7657 7661
123 2653
1876 5396
4317 4318
3547 3548
750 7288
1711 4589
9444 9448
7003 7004
54 218
269 2437
9435 9440
2906 2908
2328 2331
1948 2116
6212 6215
750 7287
270 5244
9685 10147
13914 13915
3934 9321
8950 8956
7500 7501
3829 6265
3510 6834
5640 5643
7499 7500
7826 7828
1017 5700
172 14160
5924 14471
2311 14036
10487 10489
6772 7159
10884 10886
492 496
1173 4809
11351 11353
12500 14257
608 2815
7561 7562
356 360
1876 5003
2684 5899
1618 7277
1097 9668
2147 14108
11564 11571
502 572
3846 11094
421 729
466 1196
3367 7818
642 643
2607 2608
6138 11503
152 2396
8317 8319
8952 8953
1969 9041
2048 2050
9184 9185
1356 3569
2166 2167
293 295
6257 14111
1308 2020
5924 8114
631 1720
7659 7661
7276 10819
2329 2331
1237 1239
1611 10507
3926 3929
480 481
2236 3772
929 10409
1375 14294
3180 3181
718 2229
3060 3061
4788 4789
2922 11571
12557 13535
6255 6258
13913 13916
715 1360
4478 9685
6209 6211
350 4572
3105 3106
1173 2027
592 4093
786 787
1020 3525
6480 6483
5055 6088
481 1947
479 480
4250 4251
5685 5686
3498 3499
6255 6260
12353 12354
6255 6257
11503 11504
578 14160
220 502
1948 1949
1196 1291
2147 14109
1548 1915
1097 1853
1114 9096
1370 10583
9862 9863
13137 14044
1996 4572
6579 9862
913 3910
1034 1290
2367 3371
271 10886
2020 5055
4772 4774
2503 5045
48 382
7814 7815
151 2396
3445 3446
3763 3776
1019 7818
6613 11754
1211 2367
11571 11572
13959 13960
729 1150
6256 6258
2022 7113
627 4071
615 2500
3510 3926
3924 3925
929 10407
785 790
2166 2169
4501 5039
8096 8098
1784 3214
270 298
9326 9328
17 4495
2843 6613
2952 2954
12550 12551
5167 12765
8957 8958
1892 3607
874 14153
2335 13939
1876 3567
591 7943
784 789
551 2561
229 2437
2922 11570
11351 11354
1097 1098
4203 4204
4393 4394
12535 12536
506 874
7277 9447
10760 10763
1436 7159
3763 3767
6435 14374
1161 5752
5167 12771
450 13315
1017 1019
3333 3336
2329 2332
14481 14482
2922 11572
6023 6024
6257 6260
8950 8957
3909 3910
2772 11095
3097 3099
466 3184
4100 8670
9289 9291
7015 9256
3443 3444
636 10374
615 3344
513 3582
1997 2000
6088 6606
1892 7613
12772 13935
2018 10983
2067 7276
3890 4024
2432 10986
6997 6999
1204 9502
436 438
6997 7000
1374 14294
2416 2417
636 9671
1760 1761
3286 3288
264 265
6699 6701
3829 6266
2102 2103
13913 13915
11563 11568
270 4086
4901 8954
11562 11569
13629 13630
909 912
1996 4569
1892 10583
466 1520
11775 11777
12766 12768
2079 3426
1750 1985
1521 9326
5124 6064
716 1204
9444 10820
3928 10575
12555 13535
36 1196
5245 5246
8951 8954
3333 3335
1344 8865
46 1302
2032 2773
6260 6263
7781 8814
5396 5398
5044 13942
2197 2198
8316 8319
2843 8099
6611 6612
4472 9525
481 729
13627 13632
515 4930
13896 13897
2147 14106
3038 3039
10374 11093
36 1743
2330 2331
2773 13973
7280 11479
450 14160
1549 1913
6052 13924
432 12646
3453 3454
47 3829
6256 6260
6260 6261
6810 6812
10131 14381
2196 7613
6258 6260
1998 2000
39 8427
2567 10986
10315 10316
2275 3714
7273 7274
2568 9278
6891 6893
1999 2771
604 8114
260 497
1211 14257
36 38
5149 8097
4028 4029
729 3763
6435 14335
4568 7179
8766 8767
3114 9229
120 4248
6019 6020
122 123
8951 8953
713 3786
10313 10314
1599 7710
2326 2329
1067 7015
5640 5642
338 3907
1696 1697
4243 6585
1368 3038
9686 10147
3976 3977
2922 11563
9432 9433
2516 3183
14109 14111
271 9833
5718 5720
1996 1997
148 750
432 435
9444 10818
9434 9440
1045 1316
6771 6772
2631 5353
4568 7891
5982 11093
2965 6606
9894 9895
7562 9668
1211 6215
2147 6257
11562 11570
3925 8798
4114 10913
1785 2669
11562 11567
14106 14107
37 608
3767 3777
7280 12061
7613 10581
12785 13918
1122 2543
4901 8955
2226 12550
139 142
3935 4501
11748 11749
2922 7005
2100 2103
1711 3619
1367 1368
6259 6263
7653 7656
13232 13233
14109 14110
6255 6261
5929 14251
636 7177
356 361
6483 6484
1161 5753
2328 2329
1743 1747
479 1302
2057 2437
4874 13932
774 14295
13843 13844
4702 4704
799 1697
955 2953
3771 3772
2032 2033
13250 14020
11568 11571
5348 8423
7309 7311
10763 10764
4901 8958
2335 13937
9540 9541
2017 2483
12767 12770
1339 1367
4392 4393
2014 9321
2014 2483
8850 8852
6257 14107
6771 7159
10842 13315
3422 3423
293 294
2318 2319
2236 3775
2309 4118
9671 10374
6214 6215
2561 6061
479 482
1870 3424
14146 14147
9358 9359
13417 13632
13417 13627
2669 6064
8952 8957
511 7015
3053 9756
3334 3335
2843 8096
709 1611
729 7943
12768 12769
4478 9686
1368 6407
6642 6643
5449 5450
636 1251
14107 14110
8098 8099
1339 3038
1547 1912
13249 13250
1970 9041
910 911
1654 2297
4568 4571
5167 12768
730 886
4650 4651
14108 14110
395 396
3095 3097
913 9278
3779 4376
3846 11093
7814 7816
2568 10986
557 626
3926 3928
3928 3929
2020 2725
4651 4652
9292 9293
506 1291
2017 3934
11094 11095
9446 10820
578 874
1114 9098
2057 14327
5249 5250
359 363
3167 6719
1865 1867
159 212
39 8429
466 7712
14046 14047
7658 7659
11350 11353
7657 7659
4901 8238
750 5523
4478 10602
4094 4096
350 4569
479 6551
2147 2148
1150 9358
12785 12787
2477 7675
11746 11751
12770 12771
2954 2955
10488 10489
7613 7614
9291 9292
3510 6833
148 3637
709 7136
6212 6213
5196 11129
572 4031
1819 2952
6258 6261
5274 5275
8238 8958
8881 8883
814 815
642 645
5194 11741
2115 2116
148 10293
10601 10602
635 637
7714 7715
8796 8797
2367 4392
129 130
13931 13932
2145 2148
359 361
4901 8951
1549 1915
1996 1999
3333 3334
6214 6216
1819 2955
14047 14049
5039 5040
2049 2051
2870 2871
9443 9444
1439 6771
7562 7563
1 2
1617 7276
4874 13931
7659 7660
208 209
453 6728
3935 5040
8880 8881
4650 4652
799 3878
2209 2210
2922 11569
1521 9324
5641 5643
10581 10583
555 13921
814 1313
636 1997
3637 5523
13628 13632
6630 6631
8096 8099
1491 7311
208 3336
481 1949
4061 6255
1947 2114
13897 13898
13627 13630
11354 11356
12785 12786
6833 6834
9686 10602
6579 9863
2236 3776
1949 2114
3055 3056
251 1425
148 1649
44 515
12555 12557
1969 9040
11568 11573
2536 2538
7653 7657
1098 1344
3510 3927
3270 3272
479 1116
8177 13904
412 8429
6687 6689
3423 3424
636 7179
7653 7658
1211 6212
14058 14059
8238 8952
218 572
3546 3547
10884 10885
6258 6262
1996 7891
2327 2329
2906 2907
13897 13904
5898 5899
2 3
4978 5245
1867 7352
357 363
418 3809
572 2172
1999 2772
396 1034
252 3615
9327 9328
5149 6613
9444 10819
19 2161
3722 4444
4563 4564
8950 8954
11563 11571
481 3444
445 446
1901 5167
492 815
975 10818
218 1089
52 4589
