1122 2543
8950 8954
360 361
172 13301
3635 3637
11748 11749
13249 13250
125 1611
47 208
9292 9293
2032 2773
1746 1747
5149 8098
6579 9864
1375 14295
5982 11094
1876 3569
2717 3909
1289 1290
2432 9278
3848 11095
1374 14295
5249 5251
1549 1913
5396 5397
975 9444
1375 14294
12535 12536
1491 7311
2329 2330
4061 6259
636 7179
2953 2954
2606 2608
357 360
1308 7113
3733 3734
423 2669
2477 7674
10374 11093
6642 6643
1970 9040
3890 4024
3054 3055
11566 11572
2145 2147
636 839
9443 9448
4250 4251
8316 8317
1863 1867
636 638
1098 13943
1618 9446
799 1873
2017 3934
2145 2146
1861 6214
493 815
7653 7661
11564 11565
9439 9440
8956 8958
1996 1997
148 1649
636 7891
2209 5239
1339 3039
9833 10885
4392 4393
395 2639
2 3
286 1538
6259 6261
4479 7943
1568 1569
9974 9975
96 1315
713 3786
3095 3097
910 911
10484 10485
6698 6700
14107 14111
8253 8254
3551 5396
5239 5241
754 5879
7613 7614
1360 12960
14047 14048
172 715
9445 9448
291 294
1997 7176
1097 1853
2101 2103
229 2437
13628 13629
148 3636
9539 9540
9436 9438
2168 2170
3105 3106
6212 6215
39 4567
14000 14001
7656 7657
5167 12770
4774 7482
2236 3761
14085 14086
47 207
2441 8545
785 787
360 4317
6479 6481
363 4319
215 13997
10940 14325
4772 4774
11350 11351
5240 5241
689 4024
2735 3582
6213 6215
2017 9320
8879 8883
4874 13932
3551 5398
11564 11573
450 10842
5167 12769
8953 8958
356 361
3926 3928
7309 7311
259 9184
12060 12061
784 785
6257 6261
4839 5995
1237 1238
2057 2437
6257 6264
6018 6020
1088 1089
3934 9321
39 8428
9323 9324
6259 6260
39 11110
973 3387
6642 6644
2475 2477
7310 7311
1547 1912
4444 4446
7654 7658
13812 14071
152 168
4366 4370
9227 9228
10762 10763
6482 6483
502 572
7262 7263
11562 11570
218 220
709 6797
2015 2016
2335 13939
1302 7504
218 1090
6998 9441
3333 3335
1360 4375
7826 7829
3097 3098
5249 5250
7003 7004
4901 8953
3846 11095
1947 1949
1368 6407
350 4570
205 5871
2320 2322
9671 11093
3114 9228
7613 10581
4501 5038
799 2333
5924 8114
446 3558
6480 6482
5124 6064
446 14251
11564 11567
9324 9325
257 2318
6479 6483
3975 3977
7310 8814
2057 14327
8096 8099
1854 12740
3286 3287
3976 3977
359 362
4575 10487
1329 3335
5055 6088
445 446
909 912
6023 6024
615 3343
39 2516
3779 4377
6209 6210
1439 9505
3848 4568
8881 8883
3360 6551
2319 2321
10313 10315
4478 9685
54 572
729 11533
9540 9542
1568 1570
132 7818
14058 14059
6052 14381
3923 3924
6258 6260
636 1996
3924 3925
2048 2051
17 5389
474 3481
3497 3499
7655 7661
434 3443
3444 9359
39 8427
2014 2483
2047 2048
797 3366
1892 6797
1861 2543
9437 9439
2167 2168
3928 10575
4569 4571
12354 12355
785 790
2067 7276
750 5523
1876 5397
218 1088
1877 1879
395 396
3545 3546
2210 5241
1549 1912
9435 9437
1329 3352
1370 1611
3760 3771
3095 3098
1098 10271
8952 8953
4100 8670
2047 2049
2327 2331
2297 2298
2604 2608
4569 4570
209 6781
1669 1997
1949 2115
251 252
359 360
1743 1747
1901 12765
8238 8951
2772 11095
12769 12770
1491 7310
12767 12771
1711 4589
37 48
11564 11566
2432 2567
1784 2669
6019 6022
257 259
1877 1880
2236 3772
52 1711
909 910
4367 4368
9446 10818
1912 1914
2954 2955
750 8795
5021 6535
1211 6214
2442 5641
14108 14110
9685 10601
13250 13251
1814 7839
2057 14326
2210 5240
38 476
5348 8423
6257 6259
7276 10820
5685 5686
3334 3336
360 362
1017 5700
1879 1880
13417 13627
88 754
1087 1090
9895 9896
271 10885
3848 9671
9326 9328
4583 5388
631 1719
142 2398
3846 10374
3498 3499
7004 7005
8231 8232
3558 7800
913 2432
172 1360
3343 3345
7276 7277
784 788
1531 5044
148 7287
7276 10818
12768 12770
6256 6260
2014 10982
8370 8372
4061 6264
6052 13925
636 1997
492 1313
2161 6334
636 9671
10314 10316
2200 2201
1034 1861
502 2172
6611 6613
13896 13898
466 7712
3721 3722
3776 3777
2772 4572
7710 7713
7280 12060
8098 8099
866 4472
975 14151
11564 11572
2331 2332
1901 12767
636 4569
5641 5643
7815 7816
1356 5003
12555 13535
551 10877
10265 10266
13153 13156
7655 7660
3 4
3344 3345
2020 2965
5523 8795
786 788
39 2347
1822 1823
14071 14072
5976 5977
13914 13916
2329 2331
3558 6781
7658 7659
2330 2332
14110 14111
851 854
1805 1814
12765 12768
128 131
4368 4369
3576 13927
6781 6782
8254 8256
3846 11094
19 6334
1360 4376
8880 8882
17 8892
1899 1901
636 2770
1998 1999
4478 10147
6307 6308
11762 11764
172 14153
9290 9292
39 412
2683 5898
6997 7000
7176 7177
54 220
148 7288
342 3331
13417 13631
479 2046
11748 11751
691 693
489 2079
14057 14060
358 359
1901 5167
1954 2631
9444 10820
10760 10763
9278 10986
716 1205
6435 14374
4243 8113
1842 3367
466 1599
11763 11764
5556 5557
3510 3929
910 2870
874 10842
7656 7660
256 10447
1521 9325
13913 13914
8176 12186
5397 5399
10698 10699
88 5879
1689 4650
3367 7818
5498 13921
298 4086
2772 4570
8891 8892
12005 12007
11353 11356
3763 11533
874 13315
8177 13903
80 557
1709 3618
1375 1465
1150 7943
1654 2296
2561 6061
784 790
12768 12771
215 216
140 142
6643 6644
5051 5052
435 12648
1617 2632
3567 3568
172 874
13153 13155
631 5753
7656 7659
2196 7614
221 2172
4838 13997
6613 11703
350 4568
6998 6999
407 479
2017 2483
3287 3288
1743 1746
9435 9439
11563 11568
14056 14060
5978 5979
6255 6264
2670 13911
2567 10986
13936 13938
1876 3551
2922 11566
9539 9542
357 363
6483 6484
955 1819
12787 13918
7500 9906
4478 9686
2684 5898
8952 8957
4296 4297
362 363
10374 11095
5388 5389
3793 5204
1150 3444
1086 1089
407 543
6479 6482
2843 8097
3634 3636
396 2561
709 4774
13992 13993
591 4096
4365 4367
8316 8318
8951 8957
626 3733
271 10884
3926 3929
750 7288
2145 2148
6772 9505
7653 7654
13417 13629
9540 9541
2441 5642
2032 2033
1548 1913
2196 7613
2328 2330
11565 11573
2536 2537
6613 8096
709 1611
1097 9668
9324 9328
359 363
220 2172
14046 14047
3551 5397
360 363
2197 2201
2669 6064
1521 9323
644 645
11409 11410
412 1034
784 789
5448 5451
5144 5145
2367 3371
6259 6263
6257 14108
2815 2816
148 750
2906 2908
6020 6022
13961 13963
39 8429
11568 11573
3779 4376
1618 2632
2922 11572
1033 1034
1996 4569
291 4422
1087 1088
2147 2148
3558 12535
1020 3525
2048 2049
2013 14020
1912 1913
3426 3427
4750 4751
1761 1762
11563 11571
9446 9447
3763 3766
4568 7891
1819 2954
125 127
2226 12551
2922 7004
4366 4369
9289 9293
3545 3548
1329 3333
9437 9440
787 789
157 2613
2236 3760
6810 6811
13921 13960
2311 13775
4093 4094
615 660
373 1730
6257 14106
955 2953
4366 4367
2326 2327
8957 8958
6165 6166
5044 13942
625 626
797 3367
1876 5003
7500 7501
221 572
1548 1914
2067 7277
11408 11409
6612 6613
298 4087
12766 12768
804 3763
1999 2772
2367 6216
6257 14110
1173 4809
11351 11353
7276 9446
2018 9321
11093 11095
46 479
1996 7891
9446 9448
6020 6021
9686 10602
3270 3271
6407 6408
207 209
6479 6484
7561 7563
1946 1948
1996 3848
716 1203
4570 4571
435 12646
14059 14060
4369 4370
10407 10409
11562 11568
8951 8952
12785 13918
38 1743
14048 14049
852 854
511 7015
2354 2356
11746 11749
3760 3761
14046 14048
2114 2116
7711 7713
2229 7158
13913 13915
412 1289
3935 4501
748 3637
5139 14251
10982 10984
7814 7815
46 543
2050 2052
774 1374
1914 1915
6376 6377
5982 10374
9893 9896
2318 2320
48 3615
511 513
7276 10819
578 13315
14481 14483
6611 6612
1004 1006
466 1291
8880 8883
251 382
4061 6263
5 14119
251 1425
7310 7781
13896 13897
1873 1874
46 1302
3760 3767
12766 12770
1999 2770
4444 8067
729 4479
2049 2052
7654 7657
1211 6212
11563 11566
11753 11754
429 430
229 230
7657 7659
9227 9229
14107 14109
9447 9448
4366 4368
395 13315
1436 6771
14108 14111
10885 10886
885 1184
1368 3038
1 4
2146 2148
1618 10820
2017 10982
6257 14107
1474 1475
4367 4370
9290 9293
9434 9440
9863 9864
7003 7006
6481 6484
2684 5899
13520 13942
3060 3061
3422 3423
148 4296
256 10448
9671 11094
207 208
4501 5039
11567 11573
8950 8957
7481 7482
8951 8956
615 3345
4901 8958
4650 4652
1067 7015
11564 11568
11352 11353
4901 8950
3558 12536
2047 2052
5143 5144
1709 3617
1122 1861
5749 5750
1996 1999
6256 6263
8200 8202
5244 5246
2014 9321
7261 7263
153 8231
90 12715
636 1999
339 3907
2605 2607
128 130
6256 6258
1547 1914
1900 1901
12646 12648
4061 6255
2683 5899
1344 8864
5167 12765
2146 2147
218 1087
8427 8429
12353 12355
1374 9734
7000 9441
2567 9278
6212 6213
3422 3424
38 1747
4028 4030
36 1747
1128 2027
9435 9440
2197 2199
642 645
407 7504
99 7674
2101 2102
9441 9442
2236 3776
8953 8957
3510 3928
8316 8319
2265 13574
10884 10885
123 2653
1017 1019
2952 2955
3114 9229
4086 4087
11746 11747
1098 7563
125 3400
2326 2332
4203 4204
636 4570
2197 2198
3926 3927
2537 2538
11128 11129
2772 5982
1356 1876
909 911
11393 11395
6260 6261
1204 9502
5038 5039
172 10842
715 13301
54 221
1315 1316
257 3311
108 4930
1521 9328
357 359
5555 11777
11569 11571
3544 3548
2319 2320
1211 6216
9434 9439
356 363
5167 12771
1996 4568
10818 10820
13991 13993
434 3444
4478 10601
3761 3762
2013 13251
1892 7613
3909 3910
2318 2321
636 4572
127 3400
357 358
1669 1999
5039 5040
2018 10982
691 1033
6255 6262
1599 7713
151 153
975 9446
1086 1087
357 361
11566 11570
1543 3714
1370 10506
7562 9668
215 4838
1601 11763
2441 5641
8950 8953
8954 8957
2327 2329
8097 8099
2724 5051
985 11741
1618 2067
2639 13315
13628 13630
3923 3925
874 14153
1499 10888
3366 7818
2166 2168
350 4569
2772 10374
151 2396
493 814
4901 8957
1211 12500
1034 2561
3095 3099
13961 13962
1823 10039
604 4243
1344 8865
2147 14110
2017 10983
4317 4318
3910 3911
6212 6214
