83 1034
8429 10156
8337 8422
1270 5804
5504 13866
6773 10718
11417 11420
539 1992
394 6896
385 412
6772 9505
12249 12250
3188 13836
591 1968
1168 3385
1328 1573
5304 5316
269 1150
112 589
8820 8821
695 4951
1669 1996
6386 7695
7509 7511
7800 7801
592 1963
3604 3605
2062 9677
2085 8573
10211 10214
83 11604
122 123
4328 4330
7020 11342
6978 8139
671 2574
1034 1881
696 4951
4160 4161
210 2097
5307 5313
2120 2567
3510 3927
2047 2048
12233 12235
975 7520
464 12471
2074 6138
6359 6858
10206 10216
1211 7757
2707 5644
778 3739
1723 1724
3141 9340
207 7507
1137 8397
902 2577
1498 1500
6 166
4685 5382
411 9363
6 1618
241 13820
9822 9824
323 557
774 1375
13 2907
5106 5107
3510 4005
5309 5315
159 12613
2635 2636
6978 8140
1696 3827
11416 11420
5047 13703
1638 7093
982 2048
2046 5315
7020 7023
2315 13269
6374 6386
196 197
12316 12318
5191 5193
159 4744
231 1581
5808 6567
9771 9772
975 8856
207 7010
4350 5270
3114 11606
9964 9965
2632 9444
4430 4431
13094 13095
8561 8562
2555 2556
450 506
3358 4483
718 2311
2056 6897
83 252
5081 5082
9049 13767
8429 10158
3100 3101
4094 6525
8337 8421
207 7011
12229 12231
622 5914
8857 8858
5308 5313
636 638
2334 7346
5310 5315
6234 9556
2270 2616
394 6897
37 251
5547 5548
226 1203
10210 10213
1499 1500
506 1291
153 8231
3285 3605
1624 1983
13860 13861
4035 13884
2225 3605
1721 1722
3380 3384
938 2062
4680 5394
8097 13888
1721 1724
7311 8814
10210 10215
196 200
363 8860
1034 11608
3581 9244
1213 1537
251 252
197 200
10206 10210
4286 4288
172 1055
2829 5804
2709 7507
4250 4577
12212 13802
7764 11113
5309 5311
219 6268
588 5271
2632 10818
891 1444
7020 7021
506 3571
5313 5314
11581 11582
479 5315
13 557
5106 5108
1617 7276
3358 4485
5313 5315
12209 12211
975 1805
9308 9310
718 2829
5304 5311
10773 10775
1270 4322
12245 13845
588 10361
5305 5313
2707 2709
862 1055
6411 6515
729 1318
1026 1027
5379 5380
698 10006
1617 10663
4093 4096
279 2043
210 13825
1045 3633
279 12953
3278 7936
2079 2490
12220 12222
2223 4373
2074 6139
13650 13651
1007 1223
4680 7738
8853 8855
2283 5405
2555 10027
157 8043
2577 2578
3381 3384
251 297
83 8156
6642 7757
83 7009
5308 5312
159 212
12238 12240
4304 4388
11564 12252
4703 4704
279 280
1771 13868
5305 5316
975 7277
1967 1968
5307 5310
1618 9446
2055 6897
774 12979
2405 2635
90 2202
19 13283
434 3444
4250 4576
80 208
2805 2806
83 10773
112 913
39 10640
1495 1496
5616 7579
2467 2468
729 5971
44 108
479 5305
4006 4007
479 5313
1746 13117
252 1425
592 6525
5312 5315
7960 13117
2311 12270
881 1045
80 3336
131 5260
2433 12259
2283 8646
54 975
198 199
868 5796
718 4158
1639 1640
13831 13832
2610 6870
1669 1998
2230 2829
718 7520
8856 8858
12230 12231
5307 5314
2046 5309
1616 10663
10208 10211
7458 8800
4034 13884
1814 2538
978 2202
506 874
12556 13535
7509 7510
10209 10214
13852 13853
9770 9772
199 5876
5304 5312
269 412
3114 11605
5617 7579
2574 2578
1436 7159
10107 11604
1617 2067
1722 1723
1374 1375
71 315
1996 2000
1997 2000
2575 2577
1684 4951
515 4930
12576 13881
83 1881
1945 6563
10209 10212
2944 2947
24 7497
799 3877
1618 7277
2225 3604
198 200
4585 11427
975 6274
5504 13867
8276 8277
799 1875
2047 2049
718 2085
718 8573
11418 11419
591 13874
9963 9964
975 9444
7946 8045
5306 5313
1572 8484
3278 7915
2788 13819
24 25
7020 7511
397 7935
10107 11608
159 7204
1616 7276
1967 4218
7320 13850
829 1080
5305 5308
2046 5305
4218 9511
547 548
108 4930
6125 7914
718 4159
842 6327
4680 5393
7454 7455
733 949
3652 3653
1045 1315
1168 3382
4685 5379
11744 11745
90 6375
241 1750
840 13094
270 5268
7752 7753
207 252
2099 13892
7826 7828
13850 13851
172 1054
39 3228
2357 2359
5393 5395
11181 11182
4160 5134
1967 9510
88 754
567 568
2804 2806
6 4915
4680 4681
754 1045
20 4683
975 1617
10206 10214
12612 12613
8807 8809
6563 6564
807 9678
252 7507
7520 7521
1168 3381
8715 8716
241 467
1624 1984
1996 1997
1054 1055
10359 10361
9697 9699
1190 11823
133 11823
4713 4714
1007 1009
627 7165
411 9361
410 10767
3630 3631
11180 11182
12209 12210
397 7936
2047 2051
7020 7510
6052 10131
10766 10767
1750 7312
591 4093
4095 4096
2197 2199
9770 9771
764 766
209 11768
37 745
715 973
83 382
3380 3385
3188 9205
10209 10215
3278 7935
3380 3383
636 1999
12412 12515
2762 2763
12212 13806
1168 3380
82 1882
4158 4159
7826 7827
9650 10765
636 2772
1196 7960
5306 5314
3382 3385
251 3615
530 532
4814 4815
5617 7578
12140 12142
2283 8381
7021 7024
3652 3654
1618 7276
3509 6625
975 8854
1044 1045
456 5192
3358 3946
10209 10210
412 422
636 2000
982 8421
7022 7024
5190 5191
172 3384
133 1190
5306 5315
9814 9815
3783 6505
862 1056
590 593
1617 7277
978 1045
2806 12136
13807 13808
394 506
5194 11741
24 3750
1763 12258
1617 8314
269 7010
73 829
484 485
7276 10818
394 6894
9696 9699
1034 3114
10772 10775
4815 4816
3383 3385
5404 8646
159 412
199 6567
5107 5108
1669 1997
344 3278
4002 4003
269 1309
6 397
428 7782
842 3062
4810 9298
269 2223
1624 1985
718 2230
411 8810
902 2575
8275 8276
890 891
5107 5109
583 591
159 1108
13859 13861
7578 7579
83 8157
83 11607
1263 3250
7310 7311
578 3571
270 2754
543 3604
2046 5314
9822 9823
410 10765
1751 6614
197 198
718 5108
973 3387
3846 3848
8479 8480
2133 2134
4161 4164
543 3606
4093 5825
6359 6360
410 10766
532 535
10214 10215
269 12317
718 8791
12224 12226
166 1616
975 10818
615 1963
4019 11920
252 7009
1375 12979
543 3605
83 11605
4158 8791
5310 5314
411 8809
1696 2827
37 3615
506 12682
591 1967
7023 7024
317 591
544 7312
7753 7754
5311 5314
694 696
1942 2464
196 198
1496 1497
10656 11581
3014 5966
592 4095
2099 13893
9499 9501
10210 10216
252 2223
3946 4485
1150 1949
7949 12903
9651 10765
9769 9771
592 1962
695 1684
694 1684
1108 3129
73 12321
4157 4159
1098 6308
1107 1818
4093 6786
684 9814
10027 10028
1150 8821
4626 11403
9696 9698
10206 10215
2051 2052
1983 1984
798 1873
1810 1811
9417 9418
484 9051
1962 1963
9500 9501
2049 2050
615 1962
11604 11606
1374 12979
1195 7960
7673 9823
10662 10663
2311 5092
10765 10767
2048 2049
137 138
591 1848
4483 4485
467 12288
6 344
4584 4585
4429 6411
5394 5395
12140 12141
6327 6328
975 10820
421 729
8421 12497
3053 5547
8570 8571
82 83
153 8232
1996 1998
10818 10820
6307 6308
1213 3788
83 1882
13847 13848
592 9659
2465 2468
479 12459
6137 6139
152 351
12376 12381
209 1075
410 9651
938 9677
2577 11865
1108 4683
636 3848
505 807
4706 4708
7827 7829
3927 3928
693 13404
2223 7949
4681 7769
394 505
3478 3479
382 7009
4431 8097
696 697
12575 12576
10206 10207
199 949
6066 8480
83 9179
159 1414
1439 9505
5304 5306
3946 4484
2067 2632
1617 3311
6773 8664
6 7936
10774 10775
269 4689
2709 5644
169 5489
5306 5310
1763 12257
1833 2538
4915 7936
11427 11428
1945 8562
1156 1157
269 12318
9308 9309
6310 8100
13848 13851
5393 9500
313 8935
382 2707
985 11741
902 2576
3114 11604
3188 4957
975 8853
11417 11418
7497 7498
1811 1813
8275 8277
4162 4164
955 956
2556 10028
9651 10767
6238 6239
13707 13708
572 718
479 4689
10207 10209
2904 7346
11709 11710
5304 5308
207 7009
10157 10158
8605 8667
4679 4681
545 547
5616 7578
6773 8667
8664 8666
5309 5310
10773 11604
166 10663
6052 14381
1077 8651
480 729
7320 13847
6234 9555
90 6374
12247 12248
591 11745
1827 9835
2867 3182
2576 2577
2270 2617
3877 3878
8697 8698
7020 7509
4004 4005
10153 10154
4922 4923
3371 11591
3750 9308
924 1222
4568 7179
4681 7768
24 7498
4429 4432
7276 10662
6 1616
1195 1746
1953 3654
591 1963
4484 4485
2632 9446
5320 5321
2466 2467
485 9051
412 9018
450 1291
83 11608
112 3084
2423 4006
479 5309
1987 13809
901 3348
3053 5548
2098 13822
5305 5309
2876 2877
4094 6786
4680 5395
432 12236
5812 5876
4095 9659
6771 9505
7458 8799
9339 9340
464 13811
592 1876
2806 4680
5307 5315
3605 3606
5308 5309
11203 11204
924 1223
588 10360
159 5082
344 7936
3510 7805
4814 4816
591 5826
8856 8857
6486 8341
2062 2063
2575 2576
615 1961
842 11842
5393 7768
152 2396
4402 4403
6268 8173
13270 13271
10107 11606
2120 2577
12236 12238
37 1425
4680 9501
2536 2538
7508 7510
2082 8648
938 9678
7022 7023
4815 11814
6375 7695
4705 4707
9016 9018
112 591
8570 8572
210 2098
489 490
1669 1999
48 252
480 804
48 382
902 2574
13700 13755
766 2558
9769 9770
13190 13872
13822 13825
698 721
1436 1439
9362 9363
1537 3738
7454 7456
8854 8855
48 251
2311 6589
6773 8605
2056 6895
479 5306
10209 10211
4003 4004
11605 11608
20 1108
5072 9287
3848 9671
394 6895
637 638
269 4345
412 9697
298 9559
765 12257
3510 6625
2555 10028
12317 12318
10808 10809
799 1873
12224 12225
24 5268
96 1044
8859 8860
1034 11604
1881 1882
13822 13823
315 3999
5314 5315
412 9698
4915 7931
3044 4681
4681 5393
411 10153
10210 10212
344 7915
1269 13828
13854 13858
1746 7960
11605 11606
96 1315
166 10662
4685 5381
2391 2392
241 7312
8605 8665
210 13822
3443 3444
2917 3581
252 7010
9823 9824
572 4322
9651 10766
671 2576
3141 9339
83 9180
11822 11823
313 4844
11604 11608
1996 4568
7020 7025
3509 9214
5394 9501
312 4379
88 1044
313 12244
3114 11608
8044 8645
2283 8382
599 1186
446 3558
1439 6772
721 11336
4680 11382
636 1997
4378 9611
8697 8699
410 1497
484 3743
2315 13271
6308 10271
9813 9815
7320 13849
4002 4005
9444 10818
9650 9651
82 1881
3311 8314
1814 12376
13861 13862
5307 5308
13700 13754
8421 8422
5305 5314
211 4018
2050 2052
7672 7673
8665 8666
382 2709
1881 11604
718 7521
6 54
5304 5315
9295 9297
718 5107
3702 12259
721 10007
931 14433
6139 13846
54 1616
2610 6869
3062 11841
718 8570
13703 13704
874 901
3743 9050
11606 11608
9017 9018
4378 9610
96 1045
4705 4706
10156 10158
3558 7800
975 13302
5379 5382
8571 8573
6360 6858
774 1374
286 698
207 209
166 7276
3062 11842
73 1080
1617 2632
4930 8354
382 3615
5268 9308
2708 5644
1997 1999
7021 7025
10212 10216
530 534
166 3311
151 8231
172 1057
7828 7829
2467 6582
984 985
4585 11428
1712 9586
10639 10640
1414 4125
207 2709
123 13889
1782 2406
10818 10819
207 382
11591 13891
808 13846
3510 6238
7416 9308
9696 9697
172 3382
199 200
2754 3750
7457 7458
12557 13535
591 1876
4328 4329
2099 12459
1881 11606
112 593
10208 10212
1537 2595
975 9446
447 831
913 3084
1763 1765
241 1624
1128 7914
7020 7024
5654 7507
7781 8983
1770 1771
9499 9500
5405 8645
4681 8833
5416 5417
718 4157
533 535
615 1876
10211 10215
13700 13704
2574 2577
1034 11607
3381 3383
1186 3323
3509 3510
731 732
2120 11865
1034 1319
269 5004
13804 13805
2082 5221
151 152
83 4402
11604 11607
1108 5971
718 975
831 3515
798 799
454 6728
323 455
718 8792
9213 9214
1498 1499
5307 5312
5310 5313
3750 5268
10819 10820
5306 5316
410 1496
6772 7159
9698 9699
207 5654
931 14432
5914 9948
382 1425
5683 9769
13871 13872
4093 4095
10207 10216
4431 4432
3350 8699
159 13283
1315 1316
4707 4708
7010 7011
199 4382
3743 9051
1055 1056
4251 4576
83 8155
5304 5314
12380 12381
1848 11745
412 9696
591 5825
2099 7592
5260 5261
479 480
1414 7204
172 3383
592 4094
12214 12215
210 4018
2632 7276
7751 7753
1168 3384
3479 3480
210 2099
11341 11342
1618 8946
434 3443
924 1008
453 6638
4251 4577
1203 4089
166 1617
37 382
3927 8368
7276 10663
2197 7423
1128 6126
1008 1222
5404 8645
133 11822
199 4216
636 1669
11605 11607
5309 5314
447 3515
13863 13864
13854 13855
90 978
5956 5957
505 9678
3510 3926
12459 13302
5304 5309
1817 3755
2197 7596
5259 5261
10213 10215
1824 4052
2405 2406
765 12256
10213 10214
1196 1746
1270 2829
1961 1963
6773 8665
479 2099
3510 3929
13863 13865
5825 5826
698 10007
2772 3848
8484 8975
10208 10210
251 1425
10661 10662
1045 13390
159 6113
9650 10766
2556 10027
2048 2051
2632 10819
479 5304
1805 6273
807 9677
7087 10006
12376 12580
159 5867
7781 8814
7935 7936
4003 4005
13823 13824
8666 10718
479 5312
578 874
3188 13837
2788 12893
12555 12556
5310 5311
5379 5381
7276 8946
5134 5135
1998 2000
5683 9770
975 2099
721 10006
5190 5193
159 422
545 548
480 484
5304 5305
6505 6506
691 1319
2804 2805
635 637
3044 5393
9510 9511
1618 9444
12245 12246
2628 2629
532 533
874 3571
4680 7737
799 13739
3188 4480
13802 13803
410 1567
7276 9444
480 3743
159 426
2334 2904
8645 8647
5394 10703
404 405
4915 7935
395 3250
2098 2099
479 5311
8809 8810
6894 6896
13853 13855
4680 9499
1618 2067
868 5795
13878 13879
1881 10107
10773 11607
505 938
4426 4428
4048 4049
5268 7416
591 4095
7320 13851
12376 12380
422 577
1128 1173
2025 4354
4680 10893
12268 12893
5306 5307
842 4815
7315 12212
2062 2625
412 4345
544 545
481 1949
1213 3738
1811 1812
1093 8651
4322 5804
6066 8479
1045 12903
4915 7915
7764 11112
12471 13811
829 12321
8044 8647
506 578
4160 5135
3228 10639
975 8855
3926 3929
7737 7738
269 729
2230 6740
4810 6781
394 2055
3569 6062
455 2907
862 1057
13829 13830
159 12682
2636 9049
1968 4218
263 9418
9963 9965
1034 11605
3044 4680
842 11815
13459 13460
151 2396
530 533
13849 13851
2223 7010
4584 4586
1827 3576
207 1075
4107 9287
636 7179
2283 2488
2709 5654
3188 9182
10374 10375
279 404
8381 8382
6894 6897
938 1707
546 547
5192 5193
81 5004
2049 2052
2225 5270
1098 6307
1491 7781
975 10663
3653 3654
7785 9114
13754 13755
54 1617
394 2056
2567 11866
10208 10215
1616 1618
1648 6403
5405 8647
635 636
4093 7754
3465 3466
90 6386
