125 967
1980 1981
869 1540
185 188
638 3848
6214 6636
1464 9934
991 992
769 1468
6052 10131
696 1684
7179 7180
4568 4569
10232 10246
229 2011
10238 10245
5617 7579
12772 13935
929 1444
182 184
6023 6024
10245 10249
12845 14273
10737 10738
1854 9720
2772 4570
2543 6214
145 146
350 4570
8187 8188
375 378
14396 14398
2245 14324
655 1043
6613 8099
924 13746
465 2158
10746 10747
13292 14283
13786 13788
79 10741
2454 13921
375 376
7151 14404
1928 1929
9940 9942
8278 8280
635 636
1308 2823
2275 3714
1978 1979
1927 1931
3360 6551
719 14402
2017 2484
10237 10251
10483 10484
328 331
3134 14318
1051 14365
2454 5498
7975 11480
7679 7680
14456 14457
7211 7214
946 2908
9066 9070
2872 5408
5300 10612
636 1668
6810 8702
121 12026
1098 10271
1743 14403
689 7483
636 7178
9939 9940
916 919
10735 10737
9064 9066
2670 2672
12024 12025
1027 14461
10228 10247
10982 10983
626 2907
11524 11525
159 5081
715 10130
715 10138
4969 4970
2210 14305
10234 10239
2046 3360
10240 10248
11822 11823
3150 6517
10897 10899
1507 1510
52 1711
10231 10242
933 4529
8046 8048
10346 10353
10611 10613
1516 5411
10611 10612
511 2735
9405 9406
3134 14320
8913 8914
127 10136
14350 14352
3935 4502
510 511
8046 8047
180 187
13243 14341
127 4530
591 2385
1371 1893
14339 14340
10235 10249
10739 10740
6035 6036
10230 10246
11447 11448
9876 9877
636 3845
1928 1932
10736 10746
489 2079
6066 6067
7188 8279
388 390
3846 9671
2614 6406
10188 10189
715 10135
1475 1476
869 1710
8280 8282
10345 10351
1186 1831
10235 10246
14271 14274
2434 7151
1892 6797
260 6299
133 11823
6052 6053
4895 4896
10242 10245
121 1259
14365 14366
745 14388
7811 14331
7187 7192
745 5587
14271 14272
14264 14266
2670 9837
313 10741
10245 10248
9671 11095
1041 1423
14349 14352
5924 5926
13775 14036
6635 6637
2381 2384
2670 7250
3173 3175
1054 1057
638 1669
10734 10741
6123 6124
127 10133
5982 10374
10352 10353
12846 14272
412 8427
2047 2051
10243 10247
1475 1477
2729 2730
10245 10247
4938 6636
305 9877
5756 5758
1097 1098
1611 3607
715 13301
10234 10247
9380 9381
388 389
511 11010
10250 10251
573 2697
2910 2913
2311 14037
1599 6683
1669 1996
2872 5409
142 2397
2060 2061
14316 14317
6852 6853
4721 4725
599 1186
1743 1747
5950 6447
655 3264
10236 10239
450 14400
5636 5638
2733 2735
4086 4087
765 7314
1669 3846
9546 9548
1668 6035
329 333
9065 9070
9064 9068
636 7035
10233 10250
655 14282
12748 12751
123 240
9545 9548
10904 10905
3103 11640
121 12024
1109 14364
399 3551
1929 1932
10228 10236
37 14279
14451 14452
801 5280
990 14291
512 5588
123 11743
636 4572
10737 10742
4661 4662
699 703
578 14398
10233 10244
350 4571
10346 10352
312 7778
38 14279
992 8176
557 3289
9339 9340
80 557
3426 3427
6634 6635
9547 11206
127 10138
13 983
557 14393
1669 1747
137 138
507 14036
5377 5378
1043 1423
12044 12046
10243 10246
10244 10247
6416 6417
159 7204
312 10745
11893 11896
8530 8531
14336 14337
7778 10747
10231 10239
306 9877
10187 10188
2077 2080
557 2907
2853 4024
8529 8531
14395 14397
1042 1423
8692 9934
1505 1511
14322 14323
491 494
10605 10608
1504 1507
698 700
2911 2912
439 12183
6594 6595
557 626
557 946
3625 10742
11198 11199
450 874
10743 10744
14294 14295
2843 8099
123 1667
125 127
10234 10242
918 920
293 294
10230 10231
327 333
1226 2614
313 10744
5756 5757
10734 10745
147 3185
10745 10747
3848 3849
14418 14434
9555 10194
769 4306
1876 2386
578 14397
1464 8420
10245 10251
829 2879
1996 1999
142 11116
14329 14330
2941 2942
4706 4708
10738 10741
326 330
650 2206
10351 10354
2016 3934
7947 7948
1216 1860
39 995
14446 14448
1858 1859
10129 10138
7221 7223
1475 2209
14320 14321
626 12711
7212 7215
1474 13378
208 3078
11695 11697
10735 10742
1711 3618
7192 7193
3762 3763
699 701
3625 10738
2728 8286
5928 5930
3475 3476
2017 10982
3103 14385
14414 14415
279 489
1222 2736
3918 3919
466 1196
5616 5617
140 141
5279 5280
10642 10643
10133 10137
8379 8380
10240 10241
14329 14332
462 464
1851 7905
5929 12374
3904 3905
636 1252
1784 1786
1649 11447
3845 3847
874 14401
771 8789
655 5916
13775 14453
2386 2905
769 8870
1504 1508
14398 14400
1543 2275
1003 2457
3224 9342
10883 10905
326 328
555 13960
10344 10345
142 2398
5722 5723
2079 8773
14447 14448
10345 10349
10739 10747
10740 10743
323 557
3846 11095
991 2518
7905 7907
410 9650
5976 11553
2732 2735
6621 6623
10246 10247
1304 12392
14397 14400
10734 10746
917 919
181 190
1276 1277
2999 8790
5115 11207
331 333
3492 6468
9423 9426
303 1935
10344 10354
815 1313
12183 12185
2483 3934
626 1317
801 9488
350 636
922 14293
626 818
19 2162
10744 10746
1051 14405
10347 10353
468 10128
1785 3214
1978 1982
1684 1685
226 4391
9063 9067
4938 6637
10738 10747
7211 7213
699 705
10241 10248
511 2733
650 2839
4508 4511
3444 4919
694 697
3476 5105
2159 2160
373 1683
1996 2772
636 11093
2210 5240
2014 9321
5136 5137
10245 10250
4012 4044
10232 10243
9650 9651
14315 14316
10351 10353
182 186
5584 5586
1545 2275
125 1892
5948 5949
10903 10904
3846 11093
10128 10136
19 10312
2292 3731
125 10134
10078 14324
1925 1932
14334 14464
6416 11010
10130 10135
4962 10899
10353 10354
9082 12392
3476 5104
9069 9070
10238 10242
3625 7778
5843 5845
3134 14321
8427 8428
2158 2160
479 480
946 2906
7190 7193
118 14337
3009 3010
10484 10486
14446 14447
1211 12024
3103 11639
10644 10646
1996 7891
10228 10251
8278 8279
7778 10740
181 187
6628 14373
450 14396
5931 8374
9877 9878
1998 1999
14328 14331
3905 5023
6600 7950
1477 14458
10765 10766
2429 4620
2017 3934
14343 14344
5843 5844
5949 5950
6214 6637
715 10137
2841 2843
511 1125
5149 8096
123 1666
12845 14272
7730 8773
8286 8340
14442 14443
9934 11028
10131 10138
10129 10133
14418 14419
5300 10610
270 4086
1514 1516
328 329
10248 10249
10128 10135
7211 7215
14330 14332
5871 5996
373 375
10129 10137
1042 1043
10343 10348
745 2911
260 2209
3438 3440
2771 2772
636 14314
745 13746
9263 9265
9545 9547
1510 1512
10233 10247
7178 7179
1370 7613
10642 10644
10345 10354
2210 5239
10733 10738
10231 10251
636 1999
1360 12960
1067 6417
7464 7465
515 1276
636 839
6306 6308
373 769
1067 9256
10644 10645
5102 5105
869 6518
5949 6448
10237 10239
636 4571
11001 11002
10229 10239
14305 14307
8227 8229
4510 4512
2041 8948
9063 9064
12372 14306
10314 10316
10232 10251
1684 1686
7778 10744
9082 14442
2939 2941
12044 12045
3733 14379
9453 9454
2018 2484
10235 10239
934 4529
694 695
4152 11497
10228 10242
9452 9453
373 378
10237 10245
10131 10133
1747 12392
1469 3264
10913 14371
7613 7614
801 9636
7811 14332
6306 6307
6659 6660
10395 10396
1444 9873
626 817
300 14426
9546 9547
37 1304
698 704
12644 12680
2453 2454
7778 10733
771 2999
636 11094
5139 5929
302 304
4838 6634
1009 5499
14271 14273
946 14419
7613 10583
11552 11554
7188 8282
946 3973
1136 2735
2735 2736
8135 14428
8050 8051
10231 10236
10743 10747
5933 8374
79 10738
4838 6214
7193 8281
432 3492
7219 10528
1927 1928
2772 11094
4024 4025
5949 6447
479 5821
373 1468
6628 14349
1216 1859
2157 2158
1929 1930
10606 10608
4365 14430
10134 10138
745 4152
10604 10607
9064 9070
9548 11206
5039 5040
4517 4518
3426 12375
154 1935
10999 11002
7811 14333
1893 2196
4962 10897
638 3846
3156 5588
3551 3552
388 392
10230 10235
1892 7613
5928 5929
10232 10235
14262 14267
4508 4509
2311 14036
10744 10745
8528 8530
14415 14417
10239 10241
10134 10137
180 184
4512 8059
112 8725
839 6037
73 2879
3289 6364
10346 10351
2048 2049
1475 7259
634 3289
4253 10395
466 10903
172 2367
10228 10230
10733 10739
3156 9928
10346 10350
208 3841
955 2953
585 2035
2017 2018
874 14396
2733 6023
2908 14418
1475 3399
1599 7711
3156 5584
439 7730
14395 14401
1211 10610
8046 8051
2733 2736
481 14307
11892 11895
1506 1512
10735 10744
3135 14317
3730 3731
1925 1927
2385 2386
2734 2736
5498 5500
507 14452
9635 9637
3930 4265
10235 10237
10134 10135
1043 2630
816 817
62 9934
11094 11095
125 10128
3582 9256
6643 8483
14342 14345
5617 7578
9521 9523
1070 1071
59 14328
180 5660
1836 1837
1668 3848
2079 5871
1009 5501
1508 1510
11480 11482
1601 14461
3477 3980
463 464
699 702
4506 4512
5023 5024
10235 10242
3475 5105
3625 10747
1999 2772
2772 11095
651 2839
5924 5925
1611 10506
2636 13767
1540 6517
1098 6308
3797 8176
2157 2159
6642 6643
1211 12026
636 7181
10233 10248
6811 14475
1468 12845
1506 1511
10736 10742
10343 10352
12219 14363
298 1711
112 8420
373 3135
7193 8282
2728 2730
9934 10913
5112 5113
848 14366
11447 11536
2079 12179
11394 11396
6137 13292
10228 10241
10743 10745
1611 10507
2017 2483
11267 11268
10235 10236
7651 7652
9650 10766
3224 3225
1996 4572
2841 2842
1423 1688
636 3846
511 1136
10238 10250
3438 3439
14297 14298
10229 10249
6660 6661
511 2736
1599 7713
512 2464
715 4510
7190 7192
10131 10134
254 255
2121 9547
3133 14319
702 704
700 701
1008 5498
14297 14299
331 332
14319 14321
10245 10246
1173 6993
14372 14373
1252 3849
7778 10739
1464 9636
2209 2210
9425 9426
1892 7090
4506 4509
219 6518
3618 14478
967 13188
5637 5639
6810 6811
1926 1929
638 3845
1611 1892
1186 3188
3400 7250
219 6517
701 704
10343 10351
1506 1508
305 11377
704 11209
6062 7315
5498 13960
2671 2673
1504 1506
5024 5025
14406 14407
2670 2671
14438 14439
10230 10239
1543 2001
306 9878
3520 3522
1456 9354
8427 8429
862 1056
866 1141
695 1686
578 14400
10239 10251
3796 3797
39 9865
3904 5023
10242 10247
4023 4024
3625 10733
5149 8099
1891 1893
10235 10240
279 2079
967 12401
2082 8648
922 990
1747 3846
10737 10745
3848 10374
5755 5756
492 494
2209 5241
3134 14315
5948 7817
79 10733
112 2397
5585 5588
10247 10250
10237 10244
7947 12024
1311 1312
5279 5282
9063 9066
1109 14410
450 14397
700 702
5585 5586
127 3400
10591 10592
10733 10741
2670 9838
3554 3555
466 1359
11892 11893
10243 10249
14273 14274
636 7177
3729 3731
491 496
801 5279
184 190
12006 12007
10133 10134
848 14365
11209 14404
122 123
636 7891
1647 12782
1304 14279
801 5282
418 8685
1040 1043
7219 7220
703 705
6417 7015
5923 5924
108 11911
303 304
10344 10349
2728 2729
3150 6518
4501 5038
481 14151
715 1360
10736 10743
1711 3619
7582 7584
13567 14304
4920 4921
3905 5024
512 5586
1222 2733
10246 10251
80 1623
13038 14367
10346 10349
377 378
10242 10248
655 2630
329 330
4893 4895
468 709
10128 10134
10132 10137
10236 10249
10962 10964
80 515
3760 3761
10233 10251
6628 14372
910 912
10350 10352
332 333
774 14294
10231 10247
7188 7189
515 1277
5187 5188
2014 9320
2516 3183
10230 10232
1770 14312
715 4506
5929 14251
5377 14373
10347 10352
14258 14259
4568 7179
9062 9064
432 435
4152 4156
2999 8789
14331 14332
910 911
4619 7471
280 11267
10130 10137
1508 1509
8345 8346
3181 14307
10604 10605
1211 6644
7077 7078
2635 2636
374 375
410 10765
916 917
493 1313
14404 14448
5000 5002
127 4528
2244 2245
12392 14443
934 4528
10315 10316
468 4530
3829 7950
3190 3191
14036 14451
990 14292
9650 10765
173 490
5754 5758
1925 1930
4705 4706
1939 1940
5499 5500
909 910
10941 10942
14328 14329
7189 7190
4838 6636
435 1049
5689 5690
3848 5982
12038 12039
260 5621
125 126
3301 3304
1926 1932
14399 14400
2732 2736
10883 10903
38 14403
745 2910
3078 3313
10606 10607
112 14383
1371 2656
3225 9342
112 512
626 3733
1263 14358
2236 12082
125 10137
3185 3186
636 1996
304 3107
2048 2052
4620 5767
3181 12372
1669 2000
10997 11000
992 8177
959 2248
3829 4969
9062 9063
745 5588
3440 3441
1469 2630
188 5660
205 2079
378 1113
1979 1981
10738 10740
2047 2049
839 6036
2161 10312
11030 11031
5396 8947
2519 8420
5410 5411
127 933
636 1997
10231 10234
3007 3010
127 10130
1076 3186
4968 4970
1669 3847
1394 1540
439 12184
3301 12257
12023 12026
125 12401
4620 7472
8226 9854
745 2913
1876 2385
1504 1509
14292 14293
578 14396
7778 10743
8701 8702
181 185
10983 10984
1711 3617
10605 10607
8048 8049
6065 6067
10232 10234
11696 11698
12750 12751
3729 3730
745 5585
2050 2052
1666 1667
10228 10229
36 1743
1476 1477
801 9635
373 12844
1747 14442
3156 11142
12247 12753
3904 5001
992 2519
4999 5002
2733 6024
555 13921
3935 5040
2342 2343
1186 1939
626 946
300 1456
3476 5102
6066 14430
12749 12751
10741 10744
62 10609
184 189
1116 1893
10641 10645
3549 3551
1003 3300
896 12064
1310 1311
10739 10743
2121 9546
625 818
4505 4510
397 4020
1669 1997
466 10883
1269 4226
4509 4511
10346 10348
1185 1188
3904 5002
127 4529
917 920
2047 2050
9424 9425
373 376
313 10737
3250 7034
14308 14376
7906 7907
1002 2457
38 12392
4049 9139
73 818
295 4422
14456 14458
10136 10138
313 10735
10348 10354
709 6797
14452 14453
188 189
1215 1216
2770 2772
1291 7711
59 14332
2161 3101
745 14437
10733 10742
1291 1599
79 10734
1621 3212
468 934
12184 12185
10233 10245
10997 11002
10997 11003
2954 2955
184 2113
1114 14322
4222 4223
14315 14317
10241 10247
10244 10251
4619 4620
312 10733
638 1252
466 7713
2457 3300
1747 14403
1469 5916
2210 5241
1711 3190
1505 1508
10234 10238
10230 10248
10229 10238
14328 14332
397 4021
10233 10235
10643 10646
180 186
62 4837
308 2267
79 10735
5300 10614
112 11028
4505 4506
79 10744
10232 10248
1505 1512
11910 11911
493 814
450 14401
10743 10746
111 14271
2942 8702
769 1853
11446 11447
10641 10643
10239 10250
10244 10248
7192 8280
1853 1854
2236 12084
298 4087
869 6516
7247 7248
297 730
373 3133
636 10375
298 4086
510 8229
12751 14289
466 7710
2025 9009
10613 10614
10734 10740
10228 10234
125 13423
3400 9837
10228 10239
350 4569
8096 8098
10231 10235
270 298
19 6334
1211 7947
1003 11137
10345 10348
2017 9321
184 186
7192 8279
7611 9311
1835 1837
512 745
3848 9671
139 142
6810 6812
144 4662
12082 12750
3846 3847
7975 11481
12845 14271
11892 11894
1259 7947
11480 11481
1276 1278
7222 7223
3699 6299
7191 7193
9520 9523
466 10905
1925 1929
2049 2051
10244 10245
180 181
123 14362
5754 5757
4759 4760
412 8429
10228 10233
10238 10243
468 933
2072 10768
1509 1512
636 3848
12082 12749
313 10746
5023 5025
10736 10737
397 6899
7212 7213
10733 10734
80 208
10350 10354
513 1136
5616 7578
706 757
4809 6993
10241 10245
10248 10251
14289 14290
8227 8228
694 1684
7448 7449
279 3426
1504 1505
689 9009
2248 3103
3522 6742
1508 1511
11000 11003
186 188
1924 1931
718 9960
10194 10195
7862 7863
1414 7204
10228 10240
2016 2483
8098 8099
14397 14398
8097 8099
6433 6434
308 2269
3134 12844
10610 10612
764 766
4753 4754
636 1998
39 8428
2843 5149
5584 5587
10344 10351
3399 7249
14362 14363
1507 1512
4193 14380
10346 10354
39 10639
3301 12436
12082 12748
3882 3883
317 12751
829 2878
4020 4021
5927 5929
4506 4510
510 8230
992 2012
10228 10248
808 10606
1114 9096
3846 10374
1370 7090
10229 10251
481 14306
1851 7906
636 7176
10962 10963
699 14404
2429 4619
4568 7891
326 327
182 185
4619 5767
10248 10250
6613 8098
14272 14273
510 6416
182 187
1050 1052
5616 7579
1468 14273
11393 11394
5849 7428
1510 1511
10604 10606
898 12774
5280 5281
5187 5189
5724 14415
374 377
495 496
923 924
302 303
510 3228
701 703
7905 7906
2236 12083
6052 10940
12844 12845
3625 10739
10483 10486
1996 1998
3475 5103
208 3313
12644 14154
305 308
52 272
10237 10248
2034 2035
201 203
6273 6274
10733 10747
946 2914
468 10137
480 5821
4481 6621
5001 5733
10234 10249
10228 10235
7188 7192
1413 11028
10232 10242
4529 4530
10246 10250
297 698
991 1740
10610 10613
12748 14289
9065 9066
326 333
412 8428
1649 8914
1394 3150
10350 10351
312 10736
7471 7472
5931 8373
62 5300
10232 10245
3847 3848
5001 5023
6621 6622
9158 9277
10734 10738
62 10613
10131 14381
125 10136
1067 7907
301 3108
1252 3846
108 1289
10236 10248
2047 2052
2770 2771
2670 2673
811 14240
6036 6037
1374 14294
10188 10190
2041 10593
636 7179
696 697
874 14399
490 2869
10236 10242
1892 10507
146 4116
1999 2771
292 293
45 3829
14397 14401
10736 10738
125 3400
4837 9934
260 2041
2209 9531
10348 10351
5505 5506
7578 7579
5929 5930
7710 7712
625 817
2196 7614
4754 4756
655 656
463 2077
627 4070
1474 7260
10129 10134
10741 10746
473 2431
9049 13767
955 2954
450 14398
10604 10608
13746 14470
125 468
8773 12180
54 4481
79 313
2077 2078
5754 5756
5923 5926
511 3582
694 696
1858 1860
6628 14351
1644 1645
2196 10581
2940 6812
10132 10135
2434 14446
79 10746
59 14333
3761 3762
313 10747
512 14383
812 7248
450 14399
10231 10241
183 189
2878 2879
1784 3214
5105 6371
10733 10737
14348 14351
10439 10440
14330 14331
3550 3551
10592 10593
14396 14397
7811 14329
1277 1278
9545 11206
80 471
10242 10250
697 1684
14342 14344
5982 11094
512 513
10998 11000
4571 4572
869 3150
3846 5982
3399 3400
10344 10353
2952 2953
10235 10247
10741 10743
10246 10249
10962 10965
54 6621
2463 2464
10742 10746
848 14405
468 10129
2210 14306
10189 10190
1771 6684
54 898
127 967
3700 3701
124 10129
2772 3846
3159 7222
7211 7216
697 1686
1474 2210
4506 4507
1251 1252
8948 10591
1996 2000
5927 10383
1711 3191
10232 10250
2912 2913
2953 2954
14349 14351
14404 14446
10739 10744
7517 14268
10242 10243
7483 9009
466 1520
1747 9082
4620 7471
323 2907
10343 10350
5277 5819
297 323
3780 10142
124 10137
599 3188
636 5982
1810 1811
10237 10246
390 392
8789 8790
1003 3299
3550 3552
829 4461
8447 8448
1042 2061
219 6516
186 190
2908 3289
885 2368
511 6417
260 3699
312 10735
1252 3848
7462 7464
801 1464
306 308
634 946
2041 10592
10228 10245
3733 14275
8047 8049
205 2914
917 921
73 829
1775 1776
511 8227
5044 5045
14328 14330
125 709
605 1394
10241 10243
317 12748
1097 6306
205 8357
11446 11449
5280 5282
10240 10242
4507 4511
636 638
189 190
468 10135
10240 10243
745 5586
5871 8357
111 1468
184 185
1861 6214
2236 3762
4969 6600
2733 2734
920 921
7176 9671
1325 2088
7190 7191
9651 10767
6307 6308
512 3156
5791 10374
635 637
922 14291
439 12185
12045 12046
7178 7181
10883 10904
10231 10244
1892 3262
1464 2519
3156 11143
457 8891
5976 12127
4705 4707
8505 10078
1050 3473
79 312
704 14404
1394 6517
399 3550
4505 4509
10438 10440
8047 8051
1211 10609
3141 9339
5112 14338
2196 10583
5149 8098
10739 10746
2843 8097
6811 14474
1771 14312
729 6551
10739 10741
10940 14325
7168 7170
12064 12065
3553 3555
1304 2001
7178 7180
10232 10240
1511 1512
9320 9321
1355 14472
14459 14460
11553 11554
172 1057
13 323
10233 10246
4509 4510
1892 10583
10232 10239
4938 6635
7678 7681
1599 7712
10239 10242
14316 14319
1196 1291
3438 3441
1468 12844
12401 13423
492 1313
2940 8700
5396 10592
1892 10506
3399 7250
13921 13960
2017 9320
378 1114
306 11377
7811 14328
1098 6307
73 1543
10230 10238
2382 2384
8049 8050
124 10136
9591 9592
5300 10611
39 10640
11894 11896
465 2157
7213 7214
839 6035
764 765
10742 10744
11695 11696
6810 8701
1291 3184
10605 10606
708 3553
19 2161
8338 8339
1360 13301
2411 12782
689 9008
10234 10235
1002 3300
123 2903
323 983
13413 14298
10734 10735
373 1730
2015 2016
10247 10248
1505 1509
3075 3078
11894 11895
515 2745
7628 7629
8529 8530
3135 14315
3761 3763
183 185
127 10128
4012 4013
715 4505
5949 5951
4044 4045
9671 11093
14071 14072
636 7180
10135 10138
205 5871
7219 8426
1709 1711
4012 4046
313 4379
8505 14324
992 3797
9547 9548
2772 4568
874 14398
9068 9070
1924 1930
10383 10384
1284 1285
494 496
127 468
14316 14320
995 6164
10229 10230
181 186
7189 7193
3935 5038
4265 6044
4962 10898
1892 10582
410 10766
3301 3303
7219 7408
1743 12760
1543 1545
1097 6307
5523 8469
12459 13045
5757 5758
2842 2843
1109 1111
183 186
2503 5044
10940 10941
14317 14318
801 5281
7213 7215
10607 10608
708 757
208 3075
1811 1812
10313 10316
1003 10322
1925 1926
7179 7181
10242 10246
1211 1259
1354 8448
2937 2939
9590 9591
172 1360
2014 3934
2671 2672
1568 1569
8225 8226
10231 10245
10235 10250
14439 14440
80 4364
39 8429
507 13775
9067 9068
2018 10983
219 1540
3934 9321
1469 4305
7711 7713
698 703
10230 10233
2018 2483
10236 10246
312 3625
5498 14281
922 14292
172 1054
919 921
10999 11001
120 14298
946 14434
10343 10345
181 189
10741 10742
7862 9960
808 10605
10128 10131
14360 14361
2210 9531
313 10738
1050 1051
14263 14265
10612 10613
8281 8282
874 14395
188 190
1003 2430
11553 11555
3582 6417
374 378
1051 1052
11000 11002
3904 5000
2940 6811
308 2268
9064 9069
8227 8230
3225 4620
119 121
10230 10249
3549 3550
1136 1222
10611 10614
1252 3845
73 4461
910 2870
1939 2341
10645 10646
1215 14287
432 1049
11891 11893
4753 4756
2268 2269
1709 3617
481 975
312 10738
591 1876
4507 4508
3475 5102
59 14466
916 920
4516 4518
8286 8338
325 332
8047 8050
1540 6518
2022 6171
2245 6139
10129 10136
4724 4725
1568 1570
10229 10245
4528 4530
4152 7611
11136 11137
2311 13775
1861 8038
350 4568
6307 10271
1812 1813
10344 10350
3553 3554
292 294
3141 9340
14332 14333
468 10133
1475 7260
395 13786
330 332
10229 10237
12043 12045
10238 10240
3134 14317
5904 8445
1474 7259
918 919
5927 10384
10132 10136
6516 6517
1136 2732
6405 6406
1370 1611
3477 5103
7778 10736
10132 10133
5929 12375
2732 2734
10735 10746
511 512
4570 4571
219 1394
159 212
3134 14319
10128 10132
111 6062
10233 10240
455 557
466 7711
294 295
1999 2770
10237 10243
2267 2269
52 3190
1774 1775
1996 3848
3475 5104
313 10745
14315 14318
5102 6371
5377 14372
7679 7681
462 3426
1394 9875
11001 11003
9013 9014
9263 9264
52 3191
12105 12106
5723 5724
3625 10734
12042 12044
14346 14347
1505 1507
869 6517
12750 14290
512 5587
885 1184
6810 8700
2367 3733
3618 3619
1067 7905
10739 10742
3304 10472
706 758
4509 4512
2079 3427
7730 12180
59 14329
120 14300
1413 11030
12844 14273
312 4844
585 4391
1114 9097
946 2495
1310 1312
479 729
14330 14466
5176 5177
10348 10349
10745 10746
10582 10583
1009 9793
11395 11396
10396 10397
10233 10243
2311 14451
3846 11094
325 328
634 2908
291 293
745 5584
10130 10131
313 10740
3582 6416
700 703
7137 7138
2210 12372
14316 14318
13787 13788
5982 11093
7151 14447
1122 8038
7187 7190
14 12960
11093 11095
946 2907
327 332
1291 1359
373 3700
12595 14283
5378 7951
291 295
323 626
125 10135
8059 8060
626 816
3516 3519
11028 11030
1009 2316
10136 10137
1370 2196
10737 10744
10232 10241
182 190
636 11095
10232 10249
8947 8948
120 14297
1136 2733
2292 3729
306 2269
1002 2430
180 182
5104 6371
7114 7115
4462 4463
328 332
10347 10354
4769 14358
303 2080
12257 12436
2940 8702
1819 2955
373 3701
7059 14260
127 715
159 745
1116 1853
2015 2017
59 14330
702 705
1206 4464
3625 10737
5498 5501
959 3103
1186 1188
208 473
817 818
10963 10965
10237 10240
695 4951
12023 12024
1477 14457
12057 12058
3517 3519
11891 11894
1924 1929
14391 14393
1540 3150
3520 3521
1097 1853
2079 2914
9379 9380
122 12219
955 1819
1854 14428
5950 6448
183 188
10733 10735
5396 10591
9941 9942
127 10132
1747 3848
4506 4511
3302 3303
4721 4724
655 8021
1507 1508
3009 3011
184 5660
4838 6635
3905 5025
44 108
2911 2913
655 1423
1924 1926
12595 13292
479 1319
127 10129
11893 11895
2157 2160
1569 1570
133 1190
1468 14274
636 1251
9555 10195
395 13787
10735 10743
7517 14240
1647 2411
2906 2908
765 766
1375 14295
10229 10246
10234 10250
9062 9068
10239 10245
10736 10747
1196 3184
5932 5933
10737 10740
111 14274
14306 14307
14263 14266
455 2907
1423 1687
10738 10743
2015 2484
635 638
10237 10250
2454 2455
1819 2953
1002 3299
6628 14350
14398 14401
481 14305
2143 2144
127 10131
1042 2060
5239 5241
12082 14290
1190 11823
4760 4761
1252 1668
715 4509
10238 10249
123 11546
699 704
3400 7249
10241 10242
10238 10244
1116 1370
4156 14388
3746 3747
12844 14271
1600 1601
11393 11396
1052 1053
492 814
2772 4569
6659 6661
182 183
946 2079
801 6406
9636 9637
5616 5618
7212 7214
5102 5103
14265 14266
910 2871
305 2267
10395 10397
62 10612
10233 10242
10343 10354
2018 9321
1507 1509
3173 3174
4894 4896
947 983
373 14316
511 8229
10236 10243
5585 5587
2651 2652
395 13788
511 1067
10766 10767
769 1116
466 10904
5038 5039
10314 10315
6636 6637
2937 2942
11891 11896
121 7947
3135 14318
10229 10236
869 1861
7259 7260
317 12082
10344 10352
2209 5240
12846 14271
555 556
7221 7222
10231 10238
2906 2907
1940 12688
10238 10239
2937 2938
700 705
10997 11001
1112 1114
305 2268
1507 1511
4243 6585
8228 8229
11002 11003
303 2077
1505 1510
2079 3426
3930 6044
59 7811
11028 14371
5280 5283
1185 2677
10229 10244
11523 11525
10733 10736
959 2658
10230 10244
2434 14448
1022 13243
10740 10747
124 10134
185 190
1003 13746
4721 4722
6898 6899
10238 10251
14396 14400
929 9873
2014 2017
1376 6044
10233 10241
9520 9522
4894 4895
8097 8098
2236 3760
124 13188
5723 5725
10128 10138
10234 10236
14330 14333
2658 3104
464 3426
4252 10397
5618 7578
492 495
10739 10745
11449 11536
2853 4025
312 10737
10738 10744
10737 10741
12436 12688
862 1055
9520 9521
1925 1931
183 187
111 14272
2341 2342
3905 5001
769 1469
706 708
1009 2454
10233 10238
1514 5411
8344 8345
715 4511
7678 7679
3133 14316
10241 10251
2299 2300
6035 6037
10233 10234
1669 1998
1618 8946
10237 10238
511 2734
10130 10133
4013 4014
1861 9875
184 188
3629 7601
4753 4755
38 1743
13000 13243
6634 6637
12844 14318
489 3426
1468 1469
14404 14447
1464 11028
5030 5031
1505 1506
2817 2818
1980 1982
39 9866
718 14402
14415 14416
1474 1477
144 4660
8046 8049
2382 2383
14291 14292
36 14403
557 983
7416 7993
14414 14417
862 1057
14419 14434
14313 14314
1892 2196
294 4422
3629 7526
4660 4662
6644 8483
10240 10249
125 10131
3156 5585
313 10734
465 2160
10999 11003
8176 8177
121 12023
466 7712
1190 11822
1468 14272
4507 4510
695 697
418 1613
13812 14072
638 1747
10231 10240
4569 4572
9651 10765
7215 7216
1649 11446
848 849
14309 14376
10232 10237
10605 14462
1599 1600
5755 5757
1109 14460
39 412
8176 12186
2381 2383
9487 9488
1413 11031
1040 1041
9065 9067
326 329
10733 10746
1244 2162
557 14391
9521 9522
4722 4723
186 189
38 12760
122 14362
1997 1998
10233 10237
707 708
7276 8946
4226 4227
1998 2000
10241 10246
1211 12023
1997 7176
127 10135
10313 10315
719 9960
1911 2824
1618 7276
10639 10640
5638 5639
9139 9140
8869 9010
10438 10439
1215 1858
1611 6797
4769 14359
327 329
492 496
8048 8050
12042 12046
481 2210
10940 10942
934 4530
4706 4707
557 14419
1394 1710
187 188
2454 5499
463 2078
1109 1110
8692 14441
3473 3474
9062 9067
2429 7601
10229 10247
1926 1930
1668 6036
715 4512
12748 12749
1468 14271
260 1376
330 331
636 5739
3476 5103
373 14321
112 6594
9068 9069
5500 5501
4919 4920
4023 4025
4722 4724
1599 6684
10241 10250
9865 9866
10233 10236
3797 8177
10231 10243
1892 2656
11142 11143
12082 12084
1206 10513
10243 10244
79 10742
2519 11028
9065 9069
298 3190
4012 5837
1710 1861
5930 10383
699 11209
39 8427
5240 5241
1859 1860
655 2087
507 2311
3181 14305
45 47
3552 9590
8528 8529
14275 14276
12082 14289
1503 1511
2672 3400
10236 10245
1503 1505
127 10134
909 912
715 10133
14329 14333
2772 9671
5279 5283
2210 3181
73 2878
5925 5926
2630 5916
5932 8373
10231 10246
125 1611
479 6551
5188 5189
373 14319
2366 2367
90 676
11448 11449
10238 10241
1469 4306
10132 10138
5282 5283
133 573
327 328
10349 10353
3303 3304
389 392
10605 14463
14344 14345
5923 5925
874 14397
5739 10079
373 14317
325 333
10734 10744
699 700
1325 6128
12773 12774
159 1414
2907 14391
3262 9648
2014 10984
10345 10347
2041 5396
8228 8230
14438 14440
7778 10745
4461 4463
10239 10248
1543 3714
4769 5867
2734 2735
9650 10767
8700 8701
10230 10247
3133 3135
4086 4154
2311 14452
11694 11695
2210 14307
2429 3225
1211 6642
36 12760
141 142
4505 4512
12960 13301
10609 10614
5636 5639
715 10134
260 9531
14395 14400
801 5283
44 515
911 912
762 5704
1186 2342
1853 8870
10347 10351
7710 7713
1504 1511
14308 14309
1474 2209
765 1186
10347 10349
636 10374
1136 2736
7193 8280
14272 14274
12043 12046
10230 10251
2079 5996
1215 1859
2020 6171
479 2046
8420 11028
6308 10271
4252 10395
7220 8426
5950 5951
3848 11093
555 14281
10239 10246
636 6037
1771 6683
144 4661
6315 11887
10349 10352
745 12967
2454 5500
37 159
4505 4508
6634 6636
10643 10644
124 127
511 2732
2397 11028
946 8357
3250 4938
9066 9069
9062 9070
1649 11449
3225 4619
1644 1646
10239 10247
4759 4761
5637 5638
58 59
5905 8445
10735 10741
10734 10736
124 10130
10229 10231
2032 2033
1002 14470
11553 12127
7151 14446
1892 7614
4253 10396
11394 11395
814 1313
557 14392
919 920
655 7586
6065 6066
391 392
4568 4572
466 1599
435 3492
313 10733
909 2870
801 9487
1002 11136
3552 9592
1186 2343
54 6623
591 2905
185 187
10239 10243
118 14336
3904 5025
10453 14304
1003 10323
5103 5104
10322 10323
1244 2161
373 14315
10244 10246
14348 14350
13774 13775
701 702
1097 6308
7730 12162
2236 3751
7711 7712
774 1375
466 3184
325 327
1669 1999
1928 1931
5617 5618
11552 11555
4938 7034
7680 7681
10241 10244
10236 10240
208 12175
7188 8280
6628 14348
5929 10383
2245 8505
557 14418
5377 7951
1996 4568
985 5194
11447 11449
10235 10243
2066 10858
2519 9934
10343 10346
329 332
9671 11094
2772 7176
4893 4896
1854 8135
12005 12006
7730 12185
12845 14274
54 6622
7613 10581
515 1278
510 6417
2518 2519
1216 9839
54 12774
52 1712
226 585
512 6583
5996 8357
12257 12688
2853 4023
7730 12183
638 839
10641 10646
10343 10353
9063 9070
3133 14320
812 7247
468 10132
10232 10247
4012 5860
2121 3228
1747 3849
10230 10236
10231 10250
306 9876
79 3625
636 1747
2431 3313
14395 14396
7678 7680
4049 9140
14240 14268
636 6036
14414 14416
578 874
1186 2677
511 9256
2940 2942
913 6214
10734 10743
992 1740
125 10129
9876 9878
3302 3304
62 12035
493 495
1456 14426
326 331
2940 6810
1981 1982
1709 3619
260 3930
14472 14473
9651 10766
509 2635
10130 10132
10734 10742
8047 8048
6593 6595
1113 1114
511 7015
1526 2144
10241 10249
1978 1980
2670 7249
2014 10983
108 515
154 303
11000 11001
1970 8825
3885 7618
7778 10737
173 489
2942 5722
180 183
125 10130
172 1056
142 1526
922 924
13775 14452
5767 7471
10609 10613
11686 11688
6457 6458
10736 10741
5377 6628
5586 5588
10913 11028
4501 5039
126 127
10348 10350
1504 1510
591 2386
715 12960
124 715
73 625
180 189
1050 1053
489 2869
493 496
8096 8099
3008 3010
638 3849
909 911
5281 5282
1931 1932
1456 7813
10234 10243
9062 9066
1259 12024
12005 12007
1354 1355
510 512
10742 10747
7187 7188
4893 4894
698 705
10741 10745
7583 7584
7778 10741
10232 10238
5939 5940
11686 11687
886 983
313 7778
3521 3522
124 10133
2079 7730
6137 14283
2046 6551
2158 2159
1543 4461
3760 3763
10610 10611
5103 6371
5081 5082
10229 10242
2672 2673
373 374
6642 6644
185 186
955 956
5929 10384
3845 3846
8420 11030
5149 8097
14 1360
1503 1512
7035 7180
10345 10352
3301 12688
450 14395
10346 10347
2854 3739
10236 10238
9934 14441
3625 10746
112 3156
3444 4920
6516 6518
127 10137
636 5791
774 14295
260 2210
481 3212
1076 3185
13775 14037
909 2871
10129 10131
6594 9934
1711 1712
14464 14465
5241 9531
1370 1893
1263 5867
2939 2940
1477 14456
2939 5724
10240 10244
694 4951
291 294
10236 10250
1054 1056
10733 10740
80 89
14416 14417
9522 9523
4938 6634
124 125
181 184
3007 3009
187 190
2016 2017
350 2772
5038 5040
14474 14475
1252 1747
1067 3582
1893 2656
10131 10136
10236 10251
697 1685
896 12065
17 573
14291 14293
1819 2952
2047 2048
6742 6743
1370 1892
7730 12184
9064 9067
11694 11697
1370 10506
1599 8104
5724 6620
1252 1669
205 5996
7946 7948
2020 6170
4507 4512
435 6468
515 1418
2908 14434
6635 6636
1370 10582
8993 8994
689 2025
2843 8096
14319 14320
293 295
152 153
10229 10241
10230 10242
955 2955
2143 2220
123 9138
6613 8096
10735 10739
7192 8282
373 3134
125 10138
4014 4045
2939 5722
1222 2735
5042 5043
468 10138
159 5082
3133 14321
510 3582
10128 10130
5636 5637
7951 7952
306 2267
655 7585
1376 4265
323 886
10243 10250
7187 7191
112 9934
1109 14459
10483 10485
1211 10613
260 6044
5396 8948
1740 2518
3516 3518
3625 10740
8225 8531
8373 8374
730 2368
8058 8060
2939 2942
11891 11892
1978 1981
1469 1853
1040 1042
12372 14305
325 331
10869 10870
298 3191
638 1668
6052 14325
375 377
6628 6629
4696 6458
14410 14460
1056 1057
4508 4510
874 14400
2041 6299
468 10130
5754 5755
10234 10248
10238 10246
2582 2583
2051 2052
1002 11137
2022 6170
9934 14371
2454 5501
1291 7712
715 10136
703 704
1027 1599
47 4969
14299 14300
2483 2484
14036 14453
9008 9009
695 1684
9066 9068
4305 4306
12751 14290
180 2113
812 2343
1911 2825
219 869
12082 12083
389 391
12083 12084
507 14451
1098 6306
2942 6810
1503 1508
2079 8357
13960 14281
4722 4725
2902 2903
494 495
1464 9635
121 12025
808 10607
12025 12026
305 9876
120 14299
1112 1113
7187 7189
10581 10582
715 4507
2020 2022
12372 14307
1188 2677
2907 14393
1354 8447
11696 11697
4696 6457
10235 10245
1215 1860
1667 2903
301 302
350 4572
5396 10593
4721 4723
9940 9941
2025 4354
1216 1858
512 5585
10734 10737
14396 14399
6272 6274
10737 10746
10236 10241
226 4519
9837 9838
14334 14465
111 14273
1173 4809
2772 3848
2040 2041
922 923
730 885
14298 14300
2383 2384
2343 7247
10234 10246
6613 8097
1684 4951
11892 11896
450 578
12844 14317
3510 3929
1110 1111
122 14363
10343 10347
4014 4044
181 183
10641 10642
2014 2484
140 142
4253 10397
14036 14037
376 377
12183 12184
8419 8420
378 14322
2159 5127
2209 5239
12392 14279
5584 5585
1216 10720
2164 2165
9354 9355
7463 7464
1116 2196
9067 9069
10903 10905
3845 3849
5103 5105
301 303
10374 11095
3935 4501
769 4305
568 2636
1924 1925
313 10742
304 3108
2017 10983
10247 10251
3426 12374
1599 1601
10133 10138
10240 10251
1503 1509
1098 1853
73 817
1979 1980
1668 1669
2824 2825
14391 14392
8226 8531
9590 9592
10348 10352
279 3427
946 3289
10374 11094
14264 14265
704 705
7059 14259
1508 1512
14348 14352
296 730
124 468
201 202
12844 14316
12374 12375
10234 10241
5930 10384
10242 10244
2341 2343
11554 11555
4506 4508
312 10743
1370 10507
186 187
1526 2143
2196 10582
862 1054
3848 7176
2018 3934
327 331
5634 5635
9082 14443
6271 6272
4568 4571
1216 6853
650 651
4569 4571
7188 8281
604 8064
8947 10592
1067 7015
14287 14288
3847 3849
10349 10351
7947 12023
7176 7177
8058 8059
4512 8058
14430 14431
1540 6516
14259 14260
578 14401
8428 8429
4755 4756
2914 5871
5931 5933
10228 10243
1263 4769
10344 10347
7220 10528
1876 2905
10609 10612
489 490
4461 4462
1526 1527
8864 9406
2236 3763
9960 14402
636 4569
9063 9068
1304 2344
745 1771
1370 3607
945 3472
3884 3885
10234 10240
14331 14333
14353 14354
626 3973
557 947
7214 7215
11481 11482
10236 10244
1599 7710
173 2869
10643 10645
3625 10743
10135 10137
1925 1928
1456 9355
123 2902
2015 2018
79 10739
466 1291
5586 5587
745 2912
511 8228
9934 12035
10240 10245
14036 14452
1055 1057
698 702
305 2269
1892 9648
312 10740
2772 5982
512 2732
1927 1929
10735 10736
2614 6405
4014 4046
990 992
3848 11095
1810 1812
1819 2954
325 329
479 3360
13786 13787
9065 9068
10235 10248
3007 3011
6137 12595
8225 9854
187 189
1930 1931
1599 1771
2016 2484
7730 12179
4723 4725
11891 11895
3733 14303
8286 8339
7249 9837
139 141
7214 7216
11393 11395
491 492
2942 5724
5755 5758
10740 10745
6052 14381
6272 6273
1785 1786
3517 3518
219 1861
4619 7472
124 10128
479 12459
1927 1930
4754 4755
7059 14258
7483 9008
8531 10505
10733 10743
1370 10581
698 14404
7811 14330
2398 11116
3150 6516
1413 8420
1996 1997
7516 7517
14350 14351
5087 11912
8048 8051
5767 7472
557 2495
185 189
745 924
14346 14387
481 12372
468 715
172 2366
1929 1931
8339 8340
296 297
3439 3441
3845 3848
79 10745
3625 10744
9612 14420
3400 9838
5722 5724
5239 5240
933 4528
2942 8701
13000 14341
992 2518
1601 8104
10237 10242
2457 3299
39 3183
14351 14352
512 5584
10228 10238
1376 3930
701 705
3188 4480
1051 14366
2741 3085
5932 8374
7189 7191
10229 10248
11639 11640
2732 2733
9064 9065
933 934
4099 8670
1116 8870
1252 3847
108 11910
695 1685
3477 5105
9423 9425
11697 11698
10234 10237
1853 12740
2397 8420
10129 10132
124 10138
1116 3607
127 13188
715 10128
1222 2734
636 637
3439 3440
462 463
329 331
1740 2519
573 3353
13921 14281
10229 10232
373 1469
10374 10375
312 10734
990 991
202 203
350 1996
1999 2000
4501 5040
1892 1893
10232 10236
3625 10735
3477 5102
655 1040
37 12392
6593 6594
12082 12751
9452 9454
6447 6448
10744 10747
5948 5950
1114 14323
2397 6594
293 4422
11523 11524
310 311
2429 3629
312 10739
626 3734
410 9651
3010 3011
1226 2615
808 8419
10231 10233
2938 2941
4252 10396
3549 3552
312 313
312 10747
2938 2939
38 1747
6052 13925
3760 3762
557 14434
2041 3699
5104 5105
9939 9942
10940 13925
12846 14274
695 696
120 121
313 10739
7462 7463
1211 10612
8226 10505
10130 10138
10581 10583
946 5871
79 10737
1861 2543
6628 14352
2938 2942
2434 14404
14395 14398
1979 1982
816 1317
585 2034
2025 9008
7035 7181
10134 10136
14343 14345
2453 2455
7712 7713
2914 8357
745 3156
4528 4529
816 818
2087 3264
4481 6622
4969 7950
14366 14405
1355 14473
3727 7448
468 4528
208 2431
696 4951
1747 3847
10344 10346
745 14267
975 14151
172 13301
10735 10747
296 886
10235 10238
10453 13567
44 1414
9545 9546
3733 3734
12392 14442
1211 10611
511 6416
10128 10129
770 771
272 1711
2614 9487
7585 7586
578 14399
9067 9070
