3364 3365
4487 4945
11723 11724
6507 11087
2891 2898
2335 10803
11982 11983
7857 7858
12143 12146
10695 10696
6296 7859
2889 2894
11024 11025
1514 1516
1097 13666
11730 11731
10806 10807
3768 3770
12144 12145
7391 10936
6226 7342
7444 7446
5769 8989
6526 7424
6855 6857
11058 11061
3468 3471
4486 4487
3678 3682
2889 2896
11961 11962
8328 8331
3391 3395
715 4452
8075 8077
5369 5370
2433 11758
3408 3409
9703 9705
6938 11139
4450 4451
7401 7403
2007 7707
2092 2093
1112 11080
2897 2898
3678 3683
6980 11049
233 6296
6054 10461
3393 3394
2758 3018
3981 3985
2895 2897
5034 5036
4448 4449
13662 13664
6507 11083
6507 11899
6275 10807
2757 3018
10257 10259
1211 8505
715 11445
9217 9218
7391 11092
112 2413
163 164
2894 2895
2037 2039
2092 2095
1514 5411
11054 12172
169 2413
1098 13665
2007 7709
1862 11983
2543 2544
11311 11312
8760 8761
6878 10461
233 8375
715 11444
9465 9467
6296 8761
3176 3177
6502 6503
11736 11737
11006 11007
4487 4488
11052 11054
13644 13645
10878 11310
5265 5266
10463 10464
11290 11294
10722 11933
6509 6510
3454 9691
11019 11020
6836 6839
9372 9373
3642 3644
1402 1403
3695 5209
10722 11934
6135 9011
11728 11729
2458 2460
5218 5938
8130 8132
7798 7799
3028 3031
10461 10783
10972 10973
1235 1246
3468 3469
10464 11088
2890 2892
13658 13659
11138 11141
2888 2890
2895 2899
10937 11025
10461 10838
11830 11831
10695 10697
2461 2462
11050 11051
4488 4491
11292 11294
8579 8582
11876 11877
2458 2459
2892 2896
5033 5036
13658 13660
9465 9466
3643 3644
3643 3645
2891 2895
7379 7380
10800 10801
2889 2898
6319 6320
2460 2462
6788 11725
13656 13657
1862 11981
5629 5630
13659 13660
10392 10394
7305 7759
6507 6509
3454 11445
1560 4153
10462 11088
6835 6837
550 11020
7391 10939
3378 8893
2412 2413
3726 3728
2887 2895
8579 8580
7833 7834
2890 2891
7166 7167
11140 11141
2914 2915
10936 11084
2153 2155
12143 12145
10846 10847
10722 10784
5482 7376
7902 11080
6147 11087
397 10803
8760 8762
6508 6510
6205 8594
2898 2900
3983 3985
4486 4491
11729 11730
6854 6855
10191 10192
10855 10856
13670 13671
1731 13657
12121 12200
11159 11160
11006 11009
11057 11058
3251 3252
6294 6295
9478 9480
233 8760
1578 2074
3405 3406
11273 11274
2335 12012
2890 2896
11832 11833
1227 6135
1062 1063
11160 11161
8972 8973
10258 10260
10461 10782
8131 8133
7858 7859
3457 3458
6147 10936
3984 3985
1402 2414
3682 10192
3682 3694
10465 10937
11059 11061
6507 6508
11060 11061
9218 9220
3390 3393
11104 11105
8726 8727
7401 7402
1560 4152
2890 2900
5033 5034
9496 9498
3458 4248
3681 10192
4489 4490
10461 10836
8971 8973
10783 10785
6296 8762
7445 7446
6296 6526
6427 6428
2412 2414
11981 11983
4489 4491
1599 10066
10801 10802
6507 11092
5032 5036
3680 3695
3391 3394
2458 2462
6835 6838
169 2412
2458 2461
7391 7401
6878 10464
10392 10393
3681 10191
4729 4730
233 8762
112 2414
11289 11294
1599 10064
3680 3681
3177 3178
11072 11074
6507 11049
5170 5173
5514 5515
3679 3683
8579 8581
5768 8988
7797 7798
6526 6527
5263 5266
9480 9482
144 2433
1851 11999
5063 5064
408 7335
2038 2039
6856 6857
11053 12181
7306 7307
11025 12012
12143 12144
751 752
6296 7858
6508 6509
3176 3178
10845 10846
7443 7444
2889 2900
1862 3250
6318 6319
10461 11933
10462 10464
6147 11899
10192 10193
4487 4490
2887 2894
9217 9219
11052 11053
8971 8972
11057 11061
8075 8076
7133 7134
2433 4066
6980 11092
11083 11087
8692 11062
5032 5034
233 7424
6704 6707
4151 4153
1514 5410
8773 11877
3390 3395
10939 11083
6296 8760
8616 8617
10257 10260
2892 2897
9477 9482
105 7479
11980 11983
9657 9658
3458 4247
3983 3984
3681 3693
3467 3468
3362 3363
3363 3364
10722 11932
6507 8594
10461 10463
3361 3362
11592 11593
3680 3694
11374 11376
3622 3623
11924 11927
5033 5035
5060 5062
2153 2154
9477 9481
6147 7401
9480 9481
6294 7419
8170 8172
11289 11290
6979 8302
3176 3179
1851 11998
5989 5991
550 11019
6147 7391
11924 11925
5172 5173
2006 7707
6296 7419
7442 7444
11139 11141
11033 11035
7625 13664
2413 2414
2890 2899
7625 13662
3981 3982
6509 8580
1112 11081
1572 11708
801 1560
3642 3645
4616 7707
10461 10837
8132 8133
4491 4945
3390 3394
10696 10697
11007 11009
7708 7709
4448 4450
7625 13663
6054 6878
9465 9468
6147 11084
6837 6839
2887 2899
10466 12012
6204 6205
3250 11980
11046 11047
6878 10465
2894 2898
6148 11051
3372 3373
6836 6838
6526 8760
6878 10462
3678 3680
11830 11832
3679 3682
4066 11758
11037 11038
2887 2896
10939 11084
2891 2900
550 11018
10461 11932
507 11998
3406 3407
3468 3470
7400 7403
2887 2892
6147 6507
10461 11088
2891 2896
11058 11060
4151 4152
3680 3693
10878 11311
11059 11060
2890 2898
10880 10882
2888 2893
10291 10292
5062 5064
11008 11009
2072 2074
11007 11008
10466 10803
5263 5265
5264 5266
507 11758
3682 3683
2462 2543
11831 11833
10973 10974
721 1411
4513 4514
10782 10783
11159 11161
13269 13670
2889 2899
6507 7391
3407 3408
3178 3179
1402 2412
2892 2893
8603 8604
1515 1516
550 2280
334 336
13663 13664
12012 12013
3028 3030
10837 10838
9479 9481
7399 7401
6827 8617
8590 8593
6134 6136
2896 2898
1061 1063
3361 3363
10938 10939
4486 4489
3982 3983
10463 10465
11034 11035
10466 11025
10461 10465
2765 2766
6554 6555
11830 11833
9466 9468
2887 2889
4490 4491
3982 3984
9372 9374
7401 10936
334 335
10257 10258
2280 11019
938 13900
112 1403
397 2335
2896 2900
6855 6856
4152 4153
6826 6827
2899 2900
2893 2899
11981 11982
8142 8143
9477 9480
938 13899
3714 8171
5768 8989
3469 3470
3681 5209
10946 10947
6054 10462
10259 10260
8170 8171
3981 3983
10836 10838
2280 11020
507 2433
11924 11926
7797 7799
2894 2897
1227 6134
6827 8616
3467 3471
591 7338
10799 10802
1572 10584
7375 7376
6980 8302
8141 8142
9479 9482
2221 2222
11158 11159
2887 2893
6509 8582
4486 4490
10393 10394
9513 10986
10881 10882
10936 10939
7401 11083
3680 3683
1630 1631
3250 11983
7759 7760
6071 6072
1599 10065
5768 5769
3406 3408
7902 11079
1862 11982
6837 6838
2889 2890
6878 10463
6979 6980
10784 11932
5062 5063
2895 2898
2459 2462
6054 10464
8131 8132
10936 10938
2007 7708
8130 8133
6704 6705
1862 11980
1630 1632
6841 6842
3694 5209
10461 11934
10946 10948
408 7332
6050 6051
8331 8332
6938 11138
11057 11060
7391 11083
3250 11982
11018 11019
5171 5172
11123 11125
2335 11025
3405 3407
8692 11063
6509 8579
7305 7307
9714 9716
112 1402
169 2414
3714 8170
6296 8375
