12459 13302
3750 7416
279 404
5268 7416
8150 12315
807 2625
4378 9610
975 2230
455 557
6589 6590
10765 10766
7276 10819
2707 5644
2283 5405
4373 8296
543 3604
382 7010
317 2438
8665 8667
5309 5312
765 12257
842 13886
2772 3848
422 506
840 13095
8570 8571
479 5312
6375 6386
8044 8646
3605 3606
2225 3605
9696 9698
5310 5315
3783 6505
269 12318
5304 5310
2311 6590
697 1684
9339 9340
862 1054
8697 8698
411 8808
11203 11204
3927 3928
10212 10215
2311 6589
112 593
480 485
10209 10210
1617 7276
466 4626
13852 13855
636 2770
716 9287
12236 12240
3443 3444
13853 13854
479 5313
8697 8699
434 3446
4096 6786
1108 1712
6374 6375
11606 11608
2047 2052
539 1992
799 1874
13411 13873
1439 7159
1876 1961
6066 8479
9651 10766
241 1624
4680 5393
718 8572
269 5004
901 3348
5311 5313
544 545
10213 10214
6126 7914
533 534
6895 6897
4093 7753
5305 5306
83 9179
12224 12226
5307 5315
456 5191
698 5982
3783 3784
3044 4680
2283 2487
2062 2625
2062 9677
4766 4767
985 8464
10206 10207
3510 8368
432 12240
696 4951
2754 3750
4930 8354
11865 11866
975 7277
24 5268
197 198
207 7507
4286 4287
8570 8574
1157 12192
10662 10663
9650 9651
13852 13854
5306 5308
83 10773
54 166
1616 1617
4585 4586
4429 4432
157 8446
7320 13851
10808 10809
5191 5192
592 1962
4815 11814
12224 12225
5315 5316
6386 7695
3558 7801
83 8155
592 1963
10212 10213
484 3743
7508 7509
2498 10943
6 1618
4019 11920
2405 2406
480 691
938 2062
7949 12903
7020 7509
1263 3250
9444 9446
10211 10215
12229 12230
4094 6525
5108 5109
1034 10773
731 733
2433 12259
54 1616
1108 9586
6327 6328
5304 5311
1584 3100
1986 1987
13818 13819
5133 5134
2576 2577
12212 13803
2829 4322
154 13134
199 4382
2944 2947
7738 12136
1918 1919
90 6374
544 11864
3014 5966
37 48
344 7935
2465 2468
718 2829
9309 9310
9499 9500
1436 6772
12892 13203
695 1684
6156 7606
3169 3466
153 8231
2049 2050
577 3250
90 2202
569 570
10773 11608
1186 3188
1750 1984
2632 10818
1953 3654
1055 1056
3509 3510
20 5971
718 975
1168 3383
207 252
5313 5314
1953 3652
3926 3929
3384 3385
13827 13828
83 207
2944 2945
6 54
12238 12239
10207 10211
5259 5260
54 1617
39 3228
4429 6515
2708 5644
694 4951
263 9417
636 9671
1986 1988
1168 3381
2120 2577
2046 5304
6771 6772
2055 6896
799 3878
1987 1988
83 9180
5305 5314
1617 2632
412 9699
279 405
5683 9771
3371 11793
10212 10214
2046 5311
1599 2731
1054 1055
146 4116
588 10359
1008 1223
2085 8572
3848 7176
1616 10662
11564 12253
591 592
83 7011
8462 8463
12214 12216
3358 4483
197 199
591 1967
9050 9051
7781 8983
2270 2617
2465 2467
1746 13117
1045 3632
24 25
9016 9018
2636 13767
1098 6307
3927 3929
874 1291
5394 9499
11564 12251
9444 10818
82 83
7531 7532
1824 4052
733 949
7020 11342
583 591
7510 7511
8807 8809
6884 6885
2808 13842
3946 4483
2334 2904
10208 10214
10153 10154
153 2396
479 480
48 252
591 4093
10214 10215
506 1414
4680 10703
12223 12225
8819 8820
931 14432
19 159
868 5796
8429 10156
7768 7769
2283 8645
8667 10718
1618 8946
464 12471
1669 1997
4680 7768
862 1057
3114 11606
2311 5092
83 252
269 7009
10210 10215
6615 6616
547 548
8645 8647
764 2558
12238 12240
12237 12240
1034 2502
4681 4682
205 206
6052 10131
2062 2063
12236 12238
6268 8173
2120 2567
157 2613
505 807
4626 12264
545 547
3188 7081
198 4216
1881 11607
6772 7159
3350 8697
2575 2578
4018 4019
7829 9052
5313 5315
3558 7800
10453 13814
1987 13809
975 6274
210 13825
12251 12252
4431 6515
890 891
12271 12272
8605 8666
269 1949
2085 2086
270 5268
4095 7226
8484 8975
591 1848
112 591
6307 10271
450 874
5504 13867
615 1963
13824 13825
2788 12893
505 2063
212 6113
505 2625
73 829
269 7010
7020 7510
636 1998
2283 2488
9963 9964
4680 10893
975 9444
1617 10661
7508 11341
269 1309
1750 10677
2427 6978
2574 2576
5394 10703
5047 13700
1881 1882
3510 3929
11416 11420
592 11744
480 1034
12251 12253
226 4089
6564 8562
791 794
1108 3129
122 123
1751 6616
862 1056
123 552
10107 11604
7455 7456
4680 7737
6 166
718 4159
2099 13892
2490 11407
1001 2213
159 212
10027 10028
7009 7010
5306 5310
412 9017
7828 9052
19 412
1983 1984
96 881
8572 8574
5305 5316
1764 1765
80 208
2072 2076
3358 4484
1639 1640
11591 11793
1098 1344
394 506
13859 13861
3381 3385
2555 10027
8571 8572
9696 9697
199 200
4681 8833
71 1378
4107 9287
6138 6139
404 2043
8043 10702
2467 6582
975 10662
10773 11605
3188 9205
152 153
6772 9505
3053 5547
636 1251
4034 4036
9362 9363
505 507
774 1374
5379 5382
588 10360
9560 9561
5190 5193
4328 4330
37 252
2357 2359
11709 11710
207 7010
12575 12576
5955 5956
1962 1963
323 557
578 874
2577 11865
1157 5468
3100 3101
151 8231
4094 6786
8020 11428
2946 2947
696 697
11604 11606
4160 5133
10210 10214
588 5271
9964 9965
7276 8946
3750 9308
12140 12142
1414 3129
1211 7757
7826 7829
6563 8561
7276 9444
4093 9659
3188 4480
137 138
2099 13302
2465 2466
4095 4096
5405 8647
4161 4162
2945 2946
1750 7312
636 1252
385 412
112 3084
3382 3384
83 1034
479 1319
4004 4005
1034 11605
10211 10212
1696 2827
901 1407
210 2099
505 938
4250 4576
6157 7606
2230 7520
166 8314
798 1875
4712 4714
2074 2076
975 8855
123 12219
13864 13865
5404 8044
9814 9815
37 745
1814 12376
3044 5395
2806 7737
382 1425
6057 6058
938 9677
12316 12317
691 1319
3380 3384
5312 5313
1195 7960
4683 5971
83 11604
721 7087
5320 5321
1213 2595
721 10007
3278 4915
4915 7915
24 9308
2829 5804
6 1616
3278 7931
10207 10209
829 1129
1150 1949
731 732
2498 10944
4158 8792
1055 1057
957 982
1961 1962
252 382
9697 9699
12892 12893
208 3336
635 638
842 11842
5393 9499
7826 7827
479 5315
4429 4430
159 12613
4431 8097
4160 4163
636 1997
426 1414
840 13094
5306 5316
166 7276
591 1968
410 9651
718 8573
412 4345
159 12682
11416 11417
12223 13885
636 10375
9610 9611
96 12903
5306 5311
1196 7960
2567 2577
382 2707
13853 13855
2046 5315
196 200
1618 9446
2085 8574
1618 2067
1328 1581
1881 3114
7081 9182
7311 7781
484 9050
83 269
464 13811
196 198
241 1750
434 3445
1616 10663
975 10819
1617 10662
3114 11605
12212 13806
543 3606
3510 3928
2046 5312
266 1050
2334 7346
1811 1812
11822 11823
10210 10213
10453 13815
13822 13825
718 5914
982 2048
252 7009
172 862
829 12321
6234 9555
4680 10892
3114 11607
807 938
4250 4577
6563 8562
1848 11745
1168 3385
6308 10271
5310 5311
3630 3631
6156 6157
3530 3531
1098 10271
842 2042
2311 12270
54 975
12412 12515
8666 8667
8819 8821
312 4844
6 1617
2047 2049
3510 4002
590 591
13650 13651
949 6567
3278 7915
13863 13864
5380 5381
241 11864
199 949
13822 13824
2283 8463
733 5374
543 5270
592 9659
13848 13849
978 2202
210 2098
3380 3383
10208 10211
4680 12136
4378 9611
9697 9698
422 507
12236 12237
83 4403
11180 11182
10774 10775
3443 3446
480 1606
2625 9678
615 1876
1439 9505
684 9814
2121 13869
14369 14370
12268 12893
12232 12234
8572 8573
1045 12903
13847 13851
9770 9771
88 96
270 7416
2120 11866
1618 7276
13822 13823
252 2709
10107 10773
765 12256
637 638
151 8232
7021 7023
479 5306
3509 6625
10209 10215
5654 7507
3510 9214
24 270
166 3311
1939 2806
718 5106
4814 4815
3926 3927
592 1961
1810 1811
698 10007
7827 7828
2067 7276
546 548
718 5107
3653 3654
7320 13849
62 8150
622 623
7751 7754
1922 12471
3510 4004
1999 2000
269 2223
152 351
2635 13767
209 231
83 2223
754 1044
13852 13853
5308 5311
467 2048
2427 8140
8664 8666
453 6728
83 11607
6773 8667
166 1616
13190 13871
166 269
382 2223
1827 3576
3285 3604
12209 12210
10207 10214
3052 3053
464 1922
1054 1057
1881 11606
1805 6274
7520 7521
88 1045
412 9698
1203 4089
2197 7423
7023 7025
6771 7159
9444 10819
6332 7644
12140 12141
2082 5221
8275 8277
1707 2062
671 2575
5192 5193
5309 5314
7751 7752
10773 11607
313 4379
7320 13848
9179 9180
6894 6897
5309 5315
71 315
7606 7607
6307 6308
9823 9824
7022 7024
766 2340
1669 1998
2917 9244
891 1444
1045 7949
5072 9287
5107 5108
3848 4568
5504 13866
13459 13460
8854 8855
2636 9049
806 1410
591 6525
344 7915
874 901
434 3444
12242 12243
7752 7753
159 6113
432 12237
4584 4586
1624 1983
1044 1045
1128 6125
2315 13270
3371 11591
2046 5307
8664 8667
10209 10212
13094 13095
3285 3606
8337 8422
479 975
2867 3182
1439 6771
975 8314
6646 6647
2709 5644
48 1425
5130 7458
5308 5310
881 1045
83 1882
975 8856
152 2396
73 1080
150 13402
5268 9308
207 7009
2502 11837
2311 12272
1996 2000
2048 2049
6374 6386
3114 7782
209 11768
975 2099
530 532
219 6268
83 8156
2632 10819
1750 1751
3188 13837
112 590
410 10765
505 506
269 382
410 1497
718 7521
10209 10214
385 9016
5309 5310
4685 5381
10791 10792
3044 5394
1721 1724
695 4951
543 3605
591 4095
252 3615
199 5812
3576 9836
412 9016
12245 12246
12214 12215
4006 4007
2579 4052
1034 11604
13707 13708
48 382
6896 6897
13850 13851
479 5309
197 200
7020 11341
3783 6506
1817 3356
151 2396
1967 9511
684 2437
1939 2804
13859 13862
1812 1813
7828 7829
146 12250
5312 5314
5416 5417
12210 12211
4681 7768
546 547
12270 12272
8231 8232
5313 5316
4680 4682
11841 11842
313 4844
6265 6266
2575 2577
10818 10819
323 455
588 10361
12556 12557
352 353
270 2754
6869 6870
2635 2636
2049 2052
173 490
4350 5270
2555 10028
20 4683
10208 10213
591 13874
938 1707
975 3311
7827 7829
1045 3633
774 12979
3848 9671
2427 8139
1618 2632
931 14433
4251 4577
1923 13866
3581 9244
4680 7738
1269 13827
2772 3846
252 269
83 10107
5304 5316
718 6740
7509 7510
12217 12218
411 9361
8853 8855
3604 3605
592 615
1378 3999
3632 3633
1763 12258
3946 4484
696 1684
410 1496
12223 12224
718 2230
479 1606
975 10661
2632 9444
479 804
10211 10213
4095 9659
1939 2805
505 577
506 12612
133 1190
4702 4704
2197 2199
12229 12231
159 422
4379 4844
589 590
1491 8814
1045 13390
172 3381
3114 10107
2555 2556
8044 8645
1997 1999
8155 8157
4585 8020
422 3250
6359 6858
938 9678
4093 5826
9295 9297
8561 8562
1034 1319
544 7312
7800 7801
3510 6239
799 3877
5914 9948
6052 14381
3350 8699
2556 10028
286 698
1319 1606
1824 2579
489 490
131 5261
5107 5109
808 2731
12249 12250
2574 2578
13 2907
10893 11382
7508 7510
11604 11605
96 754
7764 11113
591 1963
1498 1499
3846 7176
410 9650
159 412
10208 10216
4680 9499
1746 7960
4766 5915
2945 2947
591 5825
5021 6535
6894 6895
10207 10215
4990 4991
2311 12271
13849 13851
543 4350
4251 4576
3278 7936
481 8821
8570 8573
2074 6137
10214 10216
1128 1173
82 1882
8665 10718
1108 1414
7276 10663
8605 8665
1833 2538
5314 5315
874 3348
207 2223
1750 1985
1826 4052
3928 8368
1624 1750
323 2907
4158 8791
446 3558
636 10374
3383 3385
11605 11606
9650 10766
397 4915
1997 2000
3382 3385
1722 1723
96 1316
7509 7511
1922 13811
6156 7607
8155 8156
9813 9815
2804 2806
9213 9214
12236 12239
8020 11427
6 397
6564 8561
4681 5395
6137 6138
8857 8858
636 1996
208 209
3311 8314
6773 8605
404 12953
13830 13841
545 548
6781 9298
10773 11606
159 506
982 8421
12376 12580
1751 6615
9813 9814
481 8819
12376 12381
9361 9362
505 9678
83 4402
5260 5261
5616 7578
207 209
5393 7768
543 2225
507 2063
3062 11842
5306 5309
13848 13851
5307 5316
7737 7738
9297 12098
5791 10375
4094 4095
1824 1826
5305 5311
975 9446
7737 12136
1945 8562
506 12682
13875 13876
411 8809
481 1150
269 479
1007 1223
530 535
421 480
8421 12497
9499 9501
6614 6615
5308 5314
4402 4403
1186 3323
9308 9310
8605 10718
3188 13836
2223 7009
5394 7768
975 7276
428 7782
591 4094
4158 4322
172 1168
5309 5311
12237 12238
1034 11607
4680 9500
4163 4164
3381 3383
2772 7176
1315 1316
3743 9051
12252 12253
1222 1223
831 3515
96 978
2223 7011
71 3999
12221 12222
159 4125
7673 9824
978 12903
2999 3000
900 1712
37 1425
3576 9835
4815 4816
7310 7311
924 1223
4707 4708
10107 11607
13871 13872
2709 5654
2762 2763
5306 5315
2708 2709
96 1315
2270 2616
1026 1027
5405 8044
7672 7673
544 546
1616 8314
3057 7058
1996 1997
13802 13803
4157 4158
5683 9772
2099 7592
83 11608
112 589
3205 3206
2085 8573
481 1949
7276 9446
479 5310
902 2577
3877 3878
3569 6062
11591 13891
2225 3604
3846 3848
5405 8645
1195 13117
447 3515
1684 4951
615 1961
269 4689
1195 1746
172 3382
10773 11604
874 1407
975 10818
2731 7243
590 593
10206 10208
1599 7243
479 5305
3646 12190
5106 5109
3383 3384
3062 11841
382 7011
5305 5310
421 729
12212 12213
2632 10820
6563 6564
12555 12557
11814 11815
426 4125
3926 8368
312 4379
1624 1984
7024 7025
10156 10157
1618 10819
2197 7596
14432 14433
10208 10210
4093 7752
279 2043
90 6386
718 8571
4431 4432
591 1961
530 531
10661 10662
2309 4118
1196 1746
975 7521
599 3188
1213 1537
8167 8168
636 3846
10213 10216
10206 10214
7276 10818
5381 5382
5311 5312
12232 12235
1315 13390
671 902
241 3420
48 3615
4286 4288
6234 9556
4680 11382
698 10006
718 1270
4002 4005
507 938
572 4158
2072 2073
2098 13822
6782 9298
622 5914
3044 5393
718 8791
2199 7423
12220 12221
2230 6740
5307 5308
260 4629
599 1186
1000 2213
37 730
732 733
456 5192
9696 9699
13190 13872
446 6781
13700 13755
10359 10360
479 13302
5314 5316
5308 5315
718 8792
2576 2578
4814 4816
11418 11420
5309 5316
8856 8857
1439 6772
11605 11608
151 153
412 9697
4160 4164
693 13404
1077 8651
39 10639
2567 11865
313 8935
11417 11418
3510 4003
317 592
90 7695
12237 12239
1978 5417
6486 8342
198 199
10206 10209
1150 8819
207 2709
96 7949
3927 8368
1617 3311
10107 11608
382 2708
4767 5915
716 4107
4250 4251
421 479
9677 9678
3445 3446
4099 11425
798 1873
479 5311
2048 2051
589 593
13878 13879
13836 13837
532 533
6125 7914
1978 5416
172 3385
5310 5313
1156 1157
9822 9823
3929 8368
975 1617
3444 3445
2423 4007
3652 3653
7497 7498
1617 8314
8808 8809
808 13846
6894 6896
4712 4713
10207 10212
8571 8574
363 8860
1251 1252
12317 12318
4429 4431
4093 6525
718 5108
10791 10793
3141 9340
12212 13802
7753 7754
1967 1968
2709 7507
10208 10212
241 13820
695 696
286 5982
4160 4162
1168 3382
13848 13850
1968 4218
799 13739
4034 4035
172 3383
83 11606
11417 11420
10656 11581
592 4095
12471 13811
506 1291
975 7520
166 975
12232 12233
13847 13848
2055 2056
1213 2750
481 8820
2223 8296
2575 2576
1881 11608
8646 8647
4329 4330
83 8157
5308 5309
11390 11391
450 1291
6 4915
2230 7521
592 1848
2595 3738
210 13824
6 7936
592 593
3228 10639
4915 7931
10765 10767
484 485
4679 4682
13866 13867
10210 10211
1077 1093
975 8853
1617 7277
2707 2709
798 799
591 1962
698 721
453 6638
534 535
2806 4680
6 975
12575 13881
7276 10662
4047 4049
12190 12191
10792 10793
12233 12235
589 592
13700 13704
567 568
5304 5313
10107 11606
412 9696
1669 1996
7020 7023
2055 6895
1723 1724
312 313
5955 5957
73 1129
12893 13818
2049 2051
24 7498
10207 10210
1436 7159
270 3750
1054 1056
1098 6308
575 576
90 676
1213 3788
8421 8422
2085 8570
636 4568
978 7949
9555 9556
159 7204
902 2574
4161 4164
7087 10007
1996 7891
210 4109
3510 7805
2056 6897
842 11841
44 515
505 2062
1947 1948
10215 10216
2048 2050
2056 6896
11744 11745
1537 3788
4484 4485
2098 13823
7276 10661
698 7087
8807 8810
211 4018
8715 8716
6773 8666
10209 10213
10208 10215
1751 6614
88 1044
842 6327
7022 7023
199 5876
695 697
5305 5307
166 1618
1827 9835
90 6375
13700 13754
7276 7277
890 1444
24 3750
313 13857
1168 3380
949 5374
3510 3927
211 4019
24 7416
1150 8821
219 8173
1173 2027
210 4018
6359 6360
2099 2566
615 1962
7242 7243
3478 3480
5092 6589
4713 4714
2466 2467
13847 13850
7020 7025
172 1056
1128 7914
1814 1833
718 5109
2225 3606
798 1874
1056 1057
13269 13271
2632 9446
2357 3296
37 3615
269 12317
5683 9770
862 1055
8097 13888
88 754
251 3615
2754 7416
9510 9511
10210 10216
1983 1985
5304 5307
636 7176
1008 1222
1945 6563
5393 9501
13823 13824
83 11605
10206 10212
252 7010
2025 4354
671 2576
44 4930
24 2821
729 5004
269 7011
479 12459
10766 10767
263 9418
4042 4043
4568 7891
2944 2946
1618 10820
479 5304
2133 2134
1190 11822
1108 4683
2625 9677
231 467
635 636
984 985
4035 4036
591 1876
9446 10819
7312 11864
394 505
269 4345
718 8570
4162 4163
975 8858
13861 13862
6125 6126
2467 2468
10360 10361
4703 4704
627 7165
382 5654
479 5307
397 7935
8808 8810
394 6894
4287 4288
204 205
263 9416
591 5826
1771 13868
2610 6869
1195 1196
3350 8698
592 13874
207 1075
2806 7738
8856 8858
3510 6238
13809 13810
12209 12211
7458 8800
172 3380
533 535
3509 9214
544 548
5812 5876
8645 8646
13804 13805
2047 2050
985 11741
9650 10767
6360 6858
7508 11342
4685 5382
10131 14381
479 2099
5393 5395
382 7009
1811 1813
5311 5316
636 2772
10359 10361
8665 8666
3465 3466
13834 13835
7935 7936
949 5808
3285 3605
1721 1722
718 4157
1639 1641
363 8859
1425 3615
231 1581
6157 7607
3846 9671
7020 7508
671 2578
1618 7277
2357 2358
456 5193
20 1108
12245 13845
8571 8573
252 7011
12555 13535
1617 10663
5616 5617
5304 5309
8337 8421
7087 10006
1007 1009
6374 7695
4431 6411
572 718
8807 8808
4096 6525
975 1616
83 3114
492 985
112 913
4681 7769
4094 4096
6486 8341
5133 5135
2628 2629
10209 10216
5307 5310
5312 5315
5092 6590
7960 13117
5617 7579
13859 13860
394 2055
479 5308
11605 11607
7023 7024
506 874
13270 13271
410 1495
4705 4708
7781 8814
467 572
123 12254
5379 5381
4002 4004
4160 5134
96 13390
7508 7511
532 535
207 5654
1190 11823
112 592
5306 5313
2046 5305
800 801
973 3387
252 7507
5380 5382
578 3571
81 5004
159 745
636 5791
1987 13810
159 5867
5404 8645
269 412
153 8232
583 592
10656 11582
1782 2406
799 1873
2979 2980
592 4093
10206 10216
2772 9671
1250 2464
270 9308
2056 6895
159 4744
1616 7276
2707 2708
4685 5380
5190 5191
8275 8276
480 804
718 7520
3946 4485
410 1567
2097 2099
397 3278
169 5489
718 5804
4162 4164
11417 11419
48 251
10206 10210
592 11745
5405 8646
9963 9965
7020 7024
10772 10773
37 382
1270 2230
842 11815
209 1075
146 12249
9446 10818
397 5867
3848 7891
842 11814
636 1999
3646 12191
199 4216
13831 13833
1945 6564
279 12953
344 3278
4682 11391
5683 9769
1213 3738
530 534
2283 8382
5547 5548
1034 3114
8605 8667
480 3743
11180 11181
4430 4432
172 1055
765 1763
1948 1949
2917 3581
6773 8665
7931 7936
2864 2865
397 7936
3380 3382
6 7935
507 2062
1996 1998
12239 12240
730 745
1008 1009
938 2625
1168 3384
4706 4707
12557 13535
1696 3827
7949 8296
10943 10944
592 7785
252 2223
13703 13704
2610 6870
2876 2877
2099 12459
48 260
4218 9511
8189 10719
108 8354
196 199
2283 8044
6895 6896
11564 12252
412 13283
1499 1500
7021 7022
252 5654
432 12236
975 2632
636 637
635 637
7578 7579
467 12288
4002 4003
975 6273
1213 2751
7946 8045
948 6310
12612 12613
6781 6782
10207 10216
210 4311
2632 7277
207 11768
10006 10007
6312 6313
37 251
5379 5380
5304 5305
44 108
4161 4163
1770 13868
592 6525
226 1203
4158 4159
4034 13884
1967 9510
592 4096
2082 8648
1998 2000
12255 12256
545 546
2358 2359
7458 8799
10208 10209
9698 9699
3702 12259
263 767
5307 5311
8381 8382
924 1222
4922 4923
12376 12380
2577 2578
7058 7059
5956 5957
4576 4577
5311 5314
2315 13271
716 5072
4585 11428
5394 9500
2048 2052
3358 4485
6773 10718
694 1684
7315 13806
10819 10820
1322 5422
394 6896
12223 12226
7785 9114
96 1044
10212 10216
9361 9363
8853 8854
5191 5193
5308 5312
394 6897
718 4322
432 12239
5310 5316
241 544
480 484
4099 11939
4429 6411
1034 11606
4483 4485
4160 4161
718 2311
6 344
13882 13883
1848 11744
455 2907
382 3615
1436 6771
7310 8814
530 533
172 1054
515 4930
10206 10213
422 505
2072 2074
1616 3311
1876 1963
54 1618
10772 10774
313 12244
251 297
172 3384
10661 10663
480 9050
317 590
2283 8647
394 6895
4093 4094
166 10663
11181 11182
83 7010
344 7936
404 405
842 3062
90 978
7276 10820
5047 13703
868 5795
1918 8743
5404 8647
210 211
344 7931
9651 10767
131 5259
4810 6782
173 489
7020 7022
80 515
2632 7276
1491 7781
591 11744
269 1948
11416 11418
532 534
4702 4703
622 9948
199 5808
636 3848
1624 1985
466 1520
7416 9308
6505 6506
715 973
3114 11608
432 12238
5305 5313
11604 11608
1572 8975
480 9051
694 695
6310 8100
207 269
6978 8140
13269 13270
1721 1723
4706 4708
1722 1724
298 9559
385 9017
6411 6515
231 1328
4568 7179
3479 3480
4328 4329
166 10661
12893 13819
411 9363
2223 4373
4810 6781
3510 9213
82 1881
251 382
7315 12212
5309 5313
157 8043
1873 1874
3380 3381
269 729
210 13823
1491 7311
8820 8821
2283 8462
5307 5309
9500 9501
3509 9213
2804 2805
205 946
199 6567
6273 6274
1998 1999
12270 12271
12215 12216
11427 11428
4093 6786
123 13889
385 9018
382 7507
411 10153
2225 4350
453 454
8666 10718
4680 7769
4093 5825
198 200
7673 9822
2073 2076
543 3285
7454 7456
5047 13704
7826 7828
1374 12979
13814 13815
12555 12556
9822 9824
2556 10027
1770 1771
12380 12381
5311 5315
12247 12248
210 13822
1007 1222
2567 11866
9835 9836
13417 13479
3382 3383
590 592
2098 13824
4048 4049
2046 5316
506 578
1495 1496
151 152
729 1309
684 9813
5404 5405
1045 1316
5106 5107
9017 9018
13863 13865
9444 10820
4003 4005
4428 7796
1150 8820
2046 5313
7673 9823
5194 11741
2315 13269
2806 12136
10156 10158
10374 10375
1328 1573
428 3114
159 1108
8570 8572
5307 5314
4680 5394
5306 5314
131 5260
1961 1963
8698 8699
11419 11420
479 5316
5106 5108
1616 10661
6066 8480
13847 13849
924 1008
1817 3755
2788 13819
506 507
505 3250
13754 13755
1751 1985
