46 407
11565 11571
1986 1987
642 644
1785 3214
7651 7652
2770 2771
37 2815
8253 8256
2367 3733
636 3848
14048 14049
890 3159
2048 2049
6479 6483
142 7160
12765 12767
2330 2332
851 854
9974 9975
4368 4370
6772 7159
2319 2320
2604 2608
511 513
11748 11750
54 218
7273 7275
11354 11356
6259 6264
748 3634
910 912
7827 7828
745 4227
1521 9327
1997 7177
5685 5686
132 1842
1784 1785
8956 8958
14057 14060
2014 2018
2335 13939
1998 1999
19 2161
636 2000
130 131
1997 1999
2843 8096
6479 6481
2083 2084
3422 3423
8950 8956
466 1291
359 361
689 4024
466 7711
11563 11570
12767 12768
4715 4716
397 2017
2408 13520
3926 3928
5448 5450
11571 11573
481 7943
1531 2329
636 5982
356 362
1302 7504
1531 5044
10842 13315
14107 14111
511 1067
1211 6215
808 6018
4773 7136
4478 9686
1098 7561
4650 4651
4478 10601
8238 8956
479 482
9685 10147
10884 10885
8199 8202
3733 3734
2907 2908
2049 6211
39 2347
7561 9668
1876 3567
1122 2543
2327 2331
2432 10986
453 454
1097 1853
11093 11094
12765 12766
14001 14002
14056 14060
153 8232
643 645
14240 14241
2717 3910
218 1088
5978 5979
3763 4479
2632 7277
1370 7090
973 3387
1617 7276
251 252
11749 11750
785 787
6260 6263
96 1315
6771 7159
10885 10886
5977 5978
479 2046
5924 8114
2147 14110
3287 3288
1 3
2022 4338
466 7713
172 395
13628 13629
1948 2116
5498 13921
6771 6772
11564 11572
7656 7657
2502 11837
434 3446
7311 8814
511 9256
808 6021
80 3336
1086 1087
2604 2607
359 363
148 3637
3848 7176
2432 2433
10485 10486
591 4094
466 1599
8952 8958
2922 7004
7660 7661
1370 10583
2717 3911
2018 9320
2014 10983
1087 1088
5396 5398
1654 2297
1360 4375
7319 7320
359 362
1374 1375
8200 8202
2441 8545
132 7818
412 8427
7827 7829
1334 2022
4478 9685
8238 8952
11350 11352
6258 6264
2147 14111
1339 1367
13232 13233
8427 8428
8951 8952
3976 6278
2772 5982
1970 9041
13896 13903
1867 7352
7826 7828
474 3481
4772 4774
6687 6689
2014 10982
9894 9896
1805 5401
13911 13912
1045 1315
608 2815
3637 4297
357 359
1901 12767
693 1034
1878 1880
7277 9447
122 123
323 983
5976 5979
3636 3637
8348 8350
636 4571
7276 10818
3720 8067
750 7288
11747 11748
462 3426
1996 1999
2066 10858
2146 2147
1374 1465
220 221
636 4569
14107 14110
172 450
1819 2955
3070 3181
3763 3766
481 1949
797 3366
363 4317
10582 10583
13249 13250
2196 7614
1688 7311
294 295
1831 14104
975 14151
446 14251
6698 6700
885 1184
3038 3039
3927 3928
3122 3123
4202 7310
636 7179
709 4774
3551 5399
1375 1465
11350 11351
4365 4367
479 497
8177 13898
1067 9256
4366 4368
6771 9505
5055 6606
481 1948
3935 5040
429 430
1360 12960
153 168
2632 9446
631 5753
9324 9327
9323 9324
1711 4589
6308 10271
291 292
636 11095
11503 11505
2516 3183
2408 13942
1499 10888
142 1456
12785 12787
5398 5399
1098 9668
481 729
9438 9439
6480 6481
5240 5241
432 12647
591 4093
975 7277
2226 12550
2326 2329
4093 4096
6256 6259
1649 8795
7221 7222
1914 1915
13153 13155
10842 14160
5555 5557
9893 9896
1611 6797
1329 3334
1996 3848
1996 1997
12767 12769
9184 9185
1237 1238
4774 7482
4203 4204
52 1711
1784 3214
1549 1914
218 4031
209 7352
555 13921
12557 13535
8950 8955
9325 9327
3445 3446
6052 10131
2684 5898
209 6781
2326 2331
382 13198
2606 2608
1876 3551
251 382
13250 13251
10374 11095
9833 10886
8097 8099
12768 12769
9438 9440
10982 10983
2326 2327
4570 4572
11350 11353
3055 3056
12556 12557
715 12960
1097 1098
909 2870
851 852
252 3615
12631 13911
1901 12765
1601 11763
2100 2103
1689 4651
2022 2965
750 5523
2772 11094
636 637
506 874
910 2870
9540 9542
1669 1997
1034 2561
2772 4568
2567 2568
1669 1998
263 265
2367 6212
2717 3909
1375 9734
2940 6811
1315 1316
298 4087
4874 13931
2954 2955
13153 13156
5149 8097
434 3443
3497 3499
152 168
8253 8254
1543 3714
450 578
259 9185
636 9671
1374 14294
8078 8079
2843 8098
913 3911
3722 4444
11747 11749
2236 3762
636 1996
4774 7136
1367 3039
1998 2000
8255 8256
269 2057
437 438
1709 3618
511 3582
13630 13631
5249 5250
1912 1914
2328 2330
637 638
257 2318
9444 9446
5641 5643
480 481
11570 11572
139 142
218 1090
2503 5045
8097 8098
2367 6215
1360 13301
4243 8114
39 11110
481 3444
551 6674
373 12844
9541 9542
2013 13251
36 1747
481 975
7481 7482
11395 11396
2004 12670
5167 12767
2843 6613
12570 12571
2209 5239
7309 7311
256 10447
37 608
3567 3569
44 4930
1953 8423
3360 6551
8391 8392
10487 10489
1203 1204
6260 6264
5556 11775
6259 6263
2236 3763
785 786
128 131
11565 11568
8951 8954
1842 3367
39 10639
1618 2632
3095 3097
4369 4370
123 240
4788 4790
346 4617
2952 2954
874 14153
2329 2332
6214 6216
2965 5055
786 790
251 3615
4645 4646
396 1034
4367 4370
1196 3184
132 1020
789 790
6256 6260
151 153
152 153
14046 14049
909 2871
5816 13574
555 13960
2922 11564
6407 6408
450 14160
1877 1879
358 362
8370 8371
1173 6993
132 1019
6630 6631
9863 9864
1 4
1901 12768
11563 11571
14481 14482
5149 6613
14365 14366
9323 9328
5555 11776
814 1313
1436 1439
47 208
2841 3739
1688 7309
148 7288
6480 6484
11351 11354
148 10293
4901 8958
4901 8950
7826 7827
3935 4501
11394 11395
2328 2329
1521 9325
635 1854
2015 2483
13154 13155
129 131
294 4422
3762 3763
148 3636
785 788
4650 4652
604 8113
1876 5399
11393 11395
975 9444
2226 4837
1946 1947
2326 2332
11203 11204
2321 2322
479 3360
2236 3772
1599 7713
5386 5389
2328 2331
784 786
1339 14001
1751 2275
339 2964
350 4572
6256 6263
6255 6260
1947 1949
515 4930
5961 5962
397 3786
2017 9320
8951 8955
8952 8955
357 361
90 12715
5748 5750
6998 9441
14056 14059
1996 4570
730 886
5498 13960
1861 2543
3848 4568
358 361
1618 7276
6435 14335
9326 9328
172 13301
11093 11095
5167 12768
6642 6643
1425 3615
14109 14110
407 7504
2319 2322
1842 3366
852 854
10819 10820
3760 3761
1892 10581
357 363
3846 3848
13315 14160
12769 12770
14057 14058
209 1867
1114 9097
2169 2170
1287 1288
4978 5245
1863 7352
2196 10583
2367 6213
1122 6214
804 7943
2 4
642 645
1211 6216
2432 2434
148 750
1948 2114
9435 9438
2209 5240
7561 7563
3976 3977
12765 12769
2102 2103
5449 5451
4061 6261
642 643
2454 13921
7656 7660
1709 1711
4086 4087
615 1714
4563 4564
6613 8099
13628 13630
784 790
356 359
8879 8880
8956 8957
1339 3453
6580 6581
5274 5275
6613 11703
1439 6771
4318 4319
2048 2052
12353 12354
3763 11533
3909 3910
7563 13943
11353 11354
356 358
9445 9447
2326 2328
2561 10877
1996 4568
172 874
479 6551
12555 13535
13962 13963
2210 5239
798 1874
9685 9686
660 2110
1814 5401
1568 1570
3270 3271
39 4567
5640 5642
11568 11573
14085 14086
6261 6264
421 729
172 14153
13417 13629
3829 6266
37 251
450 874
454 6728
7562 9668
1548 1915
13775 14037
3934 9320
5149 8098
1997 7176
2326 2330
1374 14295
2147 14109
2567 9278
14249 14250
729 11533
5144 5145
5387 5388
11763 11764
241 9175
9437 9440
3498 3499
2329 2330
7310 7781
2067 2632
636 1251
260 479
1854 12740
1617 2067
1688 4202
10761 10762
1370 10506
709 7482
2906 2907
1601 11762
209 6782
1547 1548
4061 6257
7653 7660
8200 8201
9447 9448
1204 1205
913 3910
1876 5398
2922 11572
3544 3545
2841 2854
6088 6606
1375 14295
1356 5003
2022 5055
599 1186
120 8767
1948 1949
7658 7661
6213 6216
2018 10982
2014 9320
39 11111
1785 2669
2922 11563
11570 11573
2442 5641
14108 14111
2441 5641
37 1425
279 3427
80 4364
10574 10576
1714 13137
10581 10582
295 4422
36 1196
5982 11095
493 814
1751 1985
1997 2000
1308 2725
1863 1865
4094 4095
13938 13939
435 12646
6699 6700
373 1683
13629 13630
2210 5241
636 11094
6255 6256
7004 7006
3793 5204
1865 7352
5038 5040
132 3367
1211 12500
17 4583
1912 1913
2922 11567
450 13315
1150 9359
2318 2321
3928 10574
373 1730
636 3846
6613 11754
260 1116
10313 10314
10374 11093
8796 8797
338 3907
125 1892
3509 6834
1019 1842
2475 2477
11479 12060
2318 14231
2147 14106
5523 8795
9327 9328
799 1697
270 5245
418 3809
1892 7613
36 38
492 493
913 2568
481 1150
5450 5452
748 3637
2311 14037
7710 7713
1531 2327
2022 6606
913 2432
715 973
492 1313
2198 2199
17 5387
2017 10982
2147 14108
141 142
1696 1697
5143 5144
1356 3568
929 3677
1899 1901
3367 7818
578 874
6997 6998
108 4930
3443 3445
889 7313
7657 7661
7659 7660
2437 14327
1913 1915
7234 7235
3209 6738
1949 2116
151 8272
2275 3714
5929 14251
7563 9668
7287 7288
1098 10271
484 485
2772 4572
975 9446
2013 14020
2335 13938
2922 11570
4375 4376
9324 9325
10698 11042
10488 11535
1370 7613
157 2613
1901 12769
6781 6782
1370 1892
1173 2027
11352 11354
6257 14106
11564 11571
8955 8956
2367 6216
2922 11568
128 129
1953 5348
13844 14467
8316 8317
2236 3777
2335 13936
445 446
2416 2417
11352 11353
1161 5753
7659 7661
7711 7713
8952 8954
8238 8953
5167 12770
99 7675
11563 11564
5977 5979
47 3829
2475 2476
8371 8372
3453 13977
4296 4297
436 437
7003 7005
2236 3760
784 788
1611 10507
483 485
3767 3772
1870 3424
3848 11093
1491 7310
787 789
5450 5451
1399 2801
10760 10763
153 8272
1649 5523
2922 7003
1211 2367
750 1649
350 4568
748 3635
252 1425
6019 6022
2049 2050
407 543
2604 2606
8880 8882
172 2639
3510 3929
3934 9321
148 3634
1996 1998
2417 3083
54 572
148 7287
1034 11837
11567 11572
2319 2321
3760 3771
3923 3924
2350 10447
1611 11032
2166 2169
8951 8958
11747 11750
7712 7713
2632 7276
3975 3976
473 492
2922 7006
2350 10448
47 207
1491 8814
6138 11505
17 5389
6260 6262
815 1313
6481 6483
3635 3637
1356 1876
1436 6772
4070 4071
5249 5251
5641 5642
19 6334
11352 11355
5640 5643
6255 6263
1211 6644
4568 4570
7003 7006
3510 10574
10983 10984
578 10842
2631 5353
10842 14153
13627 13629
975 2067
260 497
3366 7818
3846 9671
2733 6023
1892 10507
4479 7943
4583 5388
6482 6484
13961 13962
1360 3779
10760 10761
2016 3934
2320 2322
2017 2018
2441 5643
1086 1090
4114 5753
1819 2954
450 14153
421 480
492 496
4901 8955
4392 4394
1810 1812
395 578
395 2561
573 14335
1999 2000
481 1947
4250 4251
7309 7310
2607 2608
2016 2483
12005 12007
729 7943
1211 6214
1689 4652
14057 14059
729 6551
129 130
39 40
2733 6024
2327 2328
5449 5452
172 14160
1531 13520
2476 2477
12555 12556
6212 6213
3928 3929
360 363
2167 2169
13936 13939
4029 4030
13230 13231
1034 2502
9323 9325
13154 13156
4569 4572
12765 12770
2166 2168
9686 10147
3722 4445
1368 6408
2952 2955
2683 5899
804 3763
1339 14000
652 8316
8952 8953
7674 7675
208 3336
11562 11572
1892 7614
218 502
5 14119
477 3692
2048 2050
7943 11533
2168 2170
1669 1996
3443 3444
7500 7586
2229 8834
1150 9358
1211 6212
6165 6167
1746 1747
4367 4368
11565 11572
5244 5245
6257 6262
5720 5721
1097 7561
3547 3548
2483 3934
2048 2051
270 4154
5387 5389
3096 3097
2347 4567
7276 10820
2013 13250
356 357
1892 10506
3776 3777
1842 7818
39 412
4061 6259
3763 7943
13520 13942
14059 14060
3509 3510
578 13315
13897 13898
6480 6482
1617 7277
2022 7113
591 592
1291 1599
2952 2953
3343 3345
5250 5251
5038 5039
80 557
407 479
10940 13924
8796 10876
2236 3766
2725 7113
975 7276
750 7287
421 479
2605 2607
350 2772
1203 9502
4874 13930
6018 6019
4094 4096
2197 2199
11563 11565
2780 2781
1831 14105
10408 10409
4810 6782
1947 2116
123 2653
866 4472
6021 6022
13627 13631
660 2500
9895 9896
412 1034
1873 1874
153 8231
7262 7263
40 2516
4250 4252
1329 3336
7176 7177
5167 12769
1521 9326
271 10886
1291 7710
5196 11129
615 2110
11562 11569
5044 5045
3443 3446
1356 3567
10314 10315
4248 8767
8953 8956
11562 11565
13937 13939
467 1382
1356 3569
750 3637
929 7313
257 2321
1370 10581
1067 7015
13155 13156
46 543
7828 7829
1161 4114
2109 2110
14046 14048
2940 6812
11352 11356
11565 11566
464 3426
3544 3548
2168 2169
10698 10699
555 5498
1743 1746
636 7891
6257 6263
1211 6213
11762 11764
4901 8238
480 729
615 13137
446 3558
492 814
152 2396
7499 7500
913 9278
2906 2908
4095 4096
11570 11571
4028 4029
8238 8957
7653 7655
4114 10913
1196 1291
46 7504
1439 6772
48 1425
716 9502
636 2772
1876 5396
2503 5044
1711 3618
8177 13897
8370 8372
4093 4095
489 2079
11409 11410
279 2079
3761 3762
2605 2608
395 1861
3767 3771
853 854
7500 10274
8953 8955
2922 11566
220 2172
627 4071
4786 4787
8880 8881
788 789
1811 1813
12766 12771
5555 11777
1611 3607
10487 11535
750 8795
1949 2115
2367 4468
481 484
6138 11504
9434 9439
218 572
229 230
8880 8883
2335 13937
481 9359
12765 12771
1475 13378
395 2639
3890 4024
2965 6088
2236 3767
2953 2954
3761 3763
1611 10506
2015 2016
3546 3548
14106 14111
1329 3333
435 12648
220 4031
3544 3546
2014 2017
4569 4570
635 636
6212 6215
592 4095
5448 5449
3721 8067
9289 9290
1618 10818
12767 12771
2015 3934
1034 1861
9446 10818
291 293
636 4570
9325 9328
8864 8865
3095 3099
1531 2408
6213 6215
4750 4751
5194 11741
6215 6216
774 14294
4575 10488
38 1743
1568 1569
7654 7656
481 14151
4061 6256
9227 9229
7710 7711
3096 3099
7656 7661
4568 4569
2442 5640
432 12648
7428 14377
3721 4444
14163 14164
3333 3335
7655 7656
14146 14147
279 489
10313 10315
3453 3454
2330 2331
1805 1814
1098 6307
6479 6482
636 1252
14482 14483
11408 11409
39 10640
9227 9228
172 12960
5555 5556
11353 11356
132 5700
1901 12770
37 252
5640 5641
2265 13574
2057 2437
8317 8319
3928 10575
3779 4377
2318 2319
3335 3336
473 815
1970 9040
13913 13914
205 5871
14056 14057
975 2632
3746 3747
1711 3619
3333 3336
11562 11563
1491 7781
6578 6580
6019 6020
397 713
148 5523
975 1617
123 11546
9323 9327
6480 6483
3910 3911
3167 6719
6019 6021
1879 1880
14046 14047
2014 10984
4202 7311
946 2906
1599 7712
7000 9441
39 8427
11753 11754
4243 5924
1876 3568
2543 6214
412 1290
140 141
2309 4118
1987 1988
1863 1867
13230 13232
889 10408
39 2516
1760 1761
2236 3776
7280 11479
4366 4370
709 7136
7499 7501
7815 7816
1367 3038
13843 14467
13936 13938
218 2172
446 12535
11775 11776
492 815
709 4773
5115 11207
4568 7891
279 3426
6611 6613
6481 6482
7654 7659
2147 14107
6258 6263
12960 13301
1286 1287
2922 7005
11351 11356
885 2368
120 4248
357 360
3509 6833
96 1045
3848 10374
6999 7000
14107 14109
9436 9438
12550 12551
1098 13943
2209 2210
502 2172
6165 6166
787 790
718 8834
2017 2483
6833 6834
2051 2052
4061 6264
885 886
10483 10485
1531 2332
955 1819
10818 10819
8113 8114
2311 14036
47 6600
218 221
4093 4094
361 362
2032 2033
360 362
6023 6024
8201 8202
17 4495
7800 7801
909 911
7653 7654
2226 12551
6891 6893
6479 6484
4575 10487
108 515
1814 7839
786 787
578 2639
477 478
4479 11533
1087 1090
1865 1867
6257 6260
2146 2148
4839 5995
12769 12771
1954 5353
5523 8469
9291 9292
1547 1915
286 1538
1899 1902
12535 12536
3935 5038
14109 14111
48 252
120 8766
11408 11410
3558 7801
12647 12648
7277 9444
798 2333
6613 8097
716 1203
9443 9445
1034 1290
1000 12354
913 10986
4583 5389
718 2229
730 885
5124 6064
132 1017
2354 2356
423 2669
1521 9323
6687 6688
2017 10983
8096 8097
9539 9541
3618 3619
3097 3098
356 361
9289 9291
1344 8864
9437 9438
269 14327
874 10842
11351 11353
9358 9359
360 361
1996 4572
10940 14325
1034 1289
13991 13993
2843 5149
5396 5399
11350 11355
636 4568
1439 7159
2236 3775
555 13959
8177 13896
636 7035
1599 7711
9894 9895
11562 11573
1912 1915
13230 13233
9893 9894
8953 8954
3286 3287
6483 6484
218 1089
38 476
4444 4445
11565 11569
2145 2147
2329 2331
2432 2567
4978 5244
8318 8319
6255 6258
3343 3344
2724 5051
12644 14154
8851 8852
7653 7658
3095 3096
3779 4375
636 2770
1034 6061
6052 13925
382 1425
3975 6278
9686 10601
481 485
1114 9096
929 7314
54 220
1368 6407
9671 11095
2015 2018
3848 11094
9434 9435
11562 11566
446 12536
9436 9437
7310 8814
11569 11570
7273 7274
13961 13963
3766 3767
2046 3360
123 3491
3926 3929
11749 11751
434 3444
2772 3846
2670 13911
1370 1611
11562 11571
636 4572
6698 6699
