1477 14458
2940 2942
4461 13646
7278 7280
2016 2483
343 344
100 348
1784 3260
2025 5727
2013 13249
5924 5926
14429 14435
1785 3214
148 7287
11353 11354
12123 12125
75 77
8534 8535
14408 14410
14423 14425
3120 3121
2495 2496
2495 9798
1784 3214
14457 14458
9324 9328
8113 8114
100 1994
604 606
11749 11750
350 1994
9434 9437
11746 11751
11351 11352
12043 12045
100 349
9435 9436
6413 6415
5927 5928
2166 2168
5928 5930
99 7674
1784 3259
9323 9324
14421 14422
2014 2484
3733 4964
5927 5930
3259 3261
644 645
627 4070
636 839
9434 9440
1394 2775
11748 11749
366 368
13647 13649
4114 10913
4461 4462
348 349
2014 2483
992 3119
12557 12709
6412 6413
2937 2942
1954 2631
74 78
374 427
1251 1252
9934 14371
2477 7674
7280 12060
3762 3763
2519 3121
12044 12045
2683 2684
219 2775
5929 5930
3441 8919
2683 5899
6276 14074
8993 8994
76 77
1211 2519
78 79
12875 12878
11746 11750
2015 2484
8391 8392
9326 9327
4461 13648
8932 8935
1237 1238
13249 13250
348 350
11352 11356
3760 3763
9435 9437
342 343
5924 8113
2168 2169
6412 6415
1854 3687
9325 9328
2441 8879
8933 8934
1854 3688
1668 3848
2684 5898
3733 14303
1521 9323
3748 3749
7278 7279
8534 8537
142 219
8919 8920
2941 2942
13353 13354
636 1252
7279 7280
13250 13251
74 76
12042 12043
2013 13250
14422 14429
10913 14371
1375 1465
9438 9440
3733 14379
365 367
8535 8536
8534 8536
636 1251
3286 3288
2236 3762
11994 11995
9324 9327
636 638
12864 12865
3760 3761
12044 12046
2475 2477
2938 2941
750 3637
2494 2495
2937 2939
12042 12046
11350 11356
7168 7170
1531 3932
2522 2523
796 12841
2167 2170
11675 11676
14456 14458
4243 8113
367 369
2236 3763
202 203
9436 9437
3733 14429
9435 9440
2483 2484
12875 12877
11355 11356
5923 5925
5927 5929
8879 13062
1211 3119
3287 3288
3873 3876
147 3925
11993 11995
99 2477
2494 2496
1531 3931
839 1668
1784 1785
427 14375
3874 3875
5924 8114
148 7288
10399 10400
11746 11747
3760 3762
1374 4670
4773 4774
604 8113
342 3331
7439 7440
992 2519
3118 3120
3761 3763
2015 2483
992 3120
709 7136
8934 8935
75 78
11354 11355
750 7288
5925 5926
3441 8920
10545 10546
604 8114
1954 5353
5688 7440
1239 6163
992 1211
2100 12126
11350 11351
3874 3876
9323 9328
9685 10147
12276 13037
750 7287
364 365
3733 14421
11350 11354
14408 14454
4478 9686
5250 5251
555 968
364 366
6013 6014
1785 12865
14408 14455
1238 6163
1477 14457
2631 5353
2014 2018
8992 8994
75 79
14408 14409
2938 2940
253 254
642 645
219 1394
2236 3760
366 369
9325 9326
6687 6689
642 643
253 255
9934 10913
2937 2938
1477 14456
11351 11355
9324 9325
1375 9734
12043 12044
11674 11675
8932 8934
240 3608
3733 14435
3637 7287
5923 5926
2939 2940
11674 11676
2463 2464
99 1070
1211 3120
9438 9439
349 350
11748 11750
991 3118
6011 6012
13647 13648
8536 8537
2523 2524
600 601
7168 7169
9434 9439
77 78
2017 2018
1521 9324
6412 6414
3637 7288
9434 9435
2016 2484
13648 13649
1375 4670
4462 4463
991 2519
11352 11354
148 750
12876 12877
795 12841
9434 9436
11992 11993
350 1993
1785 12864
74 77
2683 5898
8533 8536
100 350
709 4773
512 2464
4461 13649
12875 12876
5898 5899
12709 12710
11992 11995
2014 2016
4070 4071
77 79
12123 12124
480 2475
1238 1239
643 645
11747 11751
10398 10400
991 3119
3733 3734
8933 8935
4461 4463
642 644
14423 14424
14454 14455
10398 10399
480 2477
365 369
3873 3875
14422 14435
9437 9438
11991 11995
11748 11751
12060 12061
2018 2484
2100 12124
11353 11355
142 1394
39 995
2100 12123
2519 3120
2938 2942
11354 11356
14421 14429
6011 6013
14303 14379
11991 11993
3118 3121
3259 3260
2236 3761
3286 3287
12042 12045
11479 12060
604 605
4568 10079
3873 3874
14409 14410
796 3290
6012 6014
12123 12126
11351 11353
9324 9326
11992 11994
839 1252
11350 11352
4478 10147
4243 5924
9436 9440
9685 9686
1211 3118
13834 13835
2939 2941
14410 14455
1374 9734
992 3118
2937 2940
8535 8537
2015 2018
638 1252
2166 2167
3875 3876
365 368
5923 5924
9686 10147
9437 9440
2475 2476
74 79
4461 13647
7169 7170
148 3925
9435 9439
3931 3932
5249 5251
7280 12061
636 3848
74 75
991 1211
14410 14454
4243 8114
4773 7136
4478 9685
12557 12710
2100 12125
76 78
8917 8918
3290 12841
366 367
2684 5899
11991 11994
2169 2170
1844 14357
11747 11748
8992 8993
1521 9328
2441 13062
5739 10079
3761 3762
8932 8933
1521 9325
10546 10547
2519 3118
76 79
2025 5726
12125 12126
8064 8113
1521 9327
9323 9326
12877 12878
2015 2017
643 644
12124 12125
241 9175
2519 3119
11747 11749
604 4243
9327 9328
1374 1465
11746 11749
13834 14296
1822 1823
11750 11751
5924 5925
342 3330
12276 13036
5928 5929
604 5924
3748 14382
9436 9438
2017 2483
9434 9438
14409 14455
8918 8920
480 2476
342 344
2168 2170
5688 7439
364 369
11747 11750
3687 3688
2017 2484
1521 9326
9323 9325
1784 3261
2016 2018
11991 11992
604 8064
991 992
14409 14454
2940 2941
2025 2026
240 241
5726 5727
2166 2169
709 4774
638 3848
6414 6415
11749 11751
991 3121
795 3290
