7697 7698
5608 5609
9631 9633
5634 5635
2252 2254
10252 10253
4829 7152
2286 9136
144 2077
1599 7726
11788 11789
591 9282
3205 3511
3866 4638
1029 11871
984 4255
2127 2130
10199 10205
7612 9031
3194 3429
9615 9616
9945 10009
3684 3685
4284 9044
3905 4066
1 8355
3717 3718
9632 9634
1571 1649
6224 6225
4284 9045
10198 10200
1275 4195
5657 5658
2120 3978
877 879
8305 8669
5024 5025
4581 8378
5141 5142
2128 2131
2786 6762
5564 5565
9918 9920
3866 4254
4829 11834
1002 1003
3589 3591
2128 2129
6597 8086
4828 4831
4870 4871
6222 6224
112 8735
3248 3249
9900 9901
10196 10197
10180 10182
10199 10201
413 4832
2285 5269
9380 9381
5063 5064
2105 2107
5391 12059
396 397
8735 8736
3449 3451
12030 12033
1027 11519
716 5072
5301 7016
4152 6007
11451 11452
9633 9634
2131 6814
5494 5496
8874 8875
5090 5091
2424 8644
1027 2367
2335 3059
10585 10588
689 2025
6317 9003
5300 7699
6879 7609
2430 9054
2106 2107
6222 6225
4178 8145
9931 9933
9945 9946
2287 7286
9715 9716
6879 6881
408 9282
4284 4285
10196 10198
10197 10203
1002 5710
1307 10522
13772 13773
4326 4327
5784 5786
1571 3349
3020 3021
9947 10040
10254 10255
7876 9315
7151 11473
4914 8547
7886 7888
3378 11684
8803 8804
10862 10863
6664 7740
112 3379
5931 8441
2286 3736
393 4134
6576 9892
7450 7451
10424 10425
5060 5062
3205 3996
4178 4829
9946 9947
10196 10203
61 1067
6664 11701
689 7483
5752 9259
3894 3895
7598 7599
2217 7286
2043 10709
6576 9890
8219 8304
10923 10924
2043 10708
3410 3412
7690 9396
1772 6350
10139 10141
7781 7981
3194 3584
4136 9315
2217 2218
12031 12032
9379 9380
8343 11829
1571 9383
6760 6761
9638 9640
4950 4954
8802 8813
1794 6763
6881 8930
8706 8708
1553 1554
7384 7385
3206 10023
12159 13686
5060 5063
1717 7599
1794 7690
7973 7974
4823 5615
3387 5801
4344 8929
2025 9008
1029 2395
4799 5560
4800 5560
8457 8458
9945 11790
1410 2232
5693 5694
217 11082
1274 8546
1953 5348
9076 9079
4136 11340
586 3965
4152 6596
424 5591
3950 8285
5259 5518
394 7597
3584 3894
4152 7611
3378 7384
10200 10201
159 1414
6761 6762
5370 10435
4177 5506
4483 4485
2334 8623
586 3020
127 424
9639 9640
4765 7886
4178 11473
4830 4831
3235 3238
4111 4914
41 11526
4868 4869
8458 8460
1028 1029
1274 8547
3205 8999
507 8644
6881 6882
3358 10024
3947 3948
4190 4191
11755 11756
3904 4066
10082 10083
4580 4764
10199 10203
3377 3379
9315 9868
1794 9396
633 3978
11097 11099
11868 11869
276 278
3854 4719
5370 10433
4630 4631
1275 2287
2904 3736
4765 7888
1307 10524
12157 12158
2453 4886
7095 10370
635 3866
9935 9936
3966 10078
4954 4956
4953 4954
5072 9287
11022 11023
9379 9381
1258 3994
8455 8460
9890 9891
3866 5646
6879 8930
10204 10205
6009 6010
2659 2660
1411 4837
10262 10263
10180 11260
2249 9759
8707 8709
61 633
507 11340
5370 10436
4177 5505
8456 8458
4178 10660
3411 3412
1266 1268
5608 10716
2334 3151
4175 4178
7725 7728
2119 13769
5694 5695
2334 3194
6829 6832
4110 9931
10530 10531
2287 3358
10823 10825
6161 6162
8802 8811
4549 4551
4177 8145
4764 4765
2423 2424
414 4798
8547 11147
7725 7726
3866 3867
3411 8343
5560 11869
7280 11701
4177 9031
1861 5875
5752 9527
1701 1702
9931 9932
8706 8709
5517 5518
10201 10203
41 3478
11185 11813
3411 3413
7151 11462
5391 5392
7736 10959
551 11774
3349 3817
4854 4855
8713 8714
4152 9311
7553 7781
10253 10255
670 5752
4837 7819
10203 10204
605 8495
6644 8483
5061 6777
10139 10140
5317 5319
5775 5776
4870 4872
9714 9715
8456 8457
4136 10757
4792 4793
3147 3149
8801 8802
1274 1306
11642 11644
3205 8998
878 880
9240 9242
10198 10199
4951 4954
10196 10201
4951 4956
3206 3996
10369 10370
1258 1571
10864 10865
2453 4885
4580 8378
2131 6813
8847 8848
1258 3992
3965 3966
1619 1620
8366 8367
3854 4718
7698 11411
13779 13781
5931 9053
9947 10039
7726 7728
394 396
5005 5007
5558 7384
4050 4334
7055 7056
8778 8779
1751 8543
9612 9615
3379 5558
8458 8459
5391 8411
2206 4233
5330 7546
4823 4824
9857 9858
3205 4812
6054 6055
10850 10851
13792 13794
3205 3206
4736 9095
4954 4955
8707 8708
3057 3058
2074 3143
10200 10203
1211 2659
5352 6658
2334 3735
2267 4485
10410 11384
2334 7554
5505 5507
9945 11789
11318 11319
2367 11518
2904 10529
394 3867
4687 6521
7544 7545
7857 10867
9631 9634
1275 3511
10569 10570
9612 9616
2304 2819
2845 2846
5491 7740
3148 3149
9021 9023
7483 9009
10318 10320
1491 7981
586 3966
8498 11457
3817 12153
6763 10183
8502 8504
3412 3414
4107 5072
4107 9287
6880 7611
4135 4137
1029 8636
4177 10660
9859 9861
10586 10588
1870 4817
9008 9009
4825 5615
4133 12030
2025 7483
2714 2715
4178 6645
2267 2334
7735 7736
6429 6430
9407 11969
13776 13778
874 1638
8929 8930
10200 10204
2267 6807
6576 9889
1411 6586
4254 7281
10197 10204
1638 6686
9042 9043
3411 11829
111 3133
5360 11337
5301 9784
7736 10957
6762 9089
1274 1307
13797 13798
11860 11861
9144 12153
2334 6225
4175 8145
8162 8163
10420 10421
9144 9382
10196 10199
1003 10323
3194 7843
9672 9675
2267 13753
7902 10665
2216 7698
4194 4195
3765 12008
2343 8355
4178 6879
5740 7016
1789 13784
11936 11937
11642 11643
8728 8729
8364 8366
5607 5609
2828 5317
3897 3898
2904 7346
1861 6487
4177 9033
3904 3905
8708 8709
9868 11340
7280 11699
9383 9384
10914 10915
7699 8208
159 5081
6223 6224
3588 3591
2217 6317
6017 11551
5694 5698
5608 10717
11185 11186
7298 7300
2861 11979
9932 9933
3905 5025
4106 10666
413 4177
3732 5215
3249 3250
4142 4736
7087 10660
5150 6162
9078 9079
7698 7699
10202 10205
413 6404
8498 8499
4537 4538
219 3206
2216 3628
7054 7056
3584 3585
13757 13758
395 12201
11888 11889
9859 9860
11526 11527
6586 7152
4177 10659
11978 11979
9315 11340
5330 7544
1306 3389
6350 6351
6663 6664
3194 3585
3948 3949
2216 2217
8455 8457
9638 9639
4110 10570
10860 10861
4178 9766
5061 5063
8546 8547
2285 9136
5001 5025
1881 4549
468 5591
3735 3736
2874 2875
2216 7697
2714 2716
2844 2845
3044 3045
6686 9396
144 9259
5931 5933
3236 3238
3717 3719
3817 9144
2861 3854
4332 4334
10197 10202
4950 4953
5300 7698
7857 10868
5300 7016
11098 11671
1265 1268
2287 3946
4631 6890
8872 8875
6658 11454
605 5944
6617 8129
1648 2659
10436 10437
4884 7002
1003 2430
2588 5565
6686 6751
5520 5521
12032 12033
12008 12009
7554 7555
5300 5301
41 11528
3206 9015
5391 10615
5062 5064
4869 4871
8802 8907
2217 3997
3378 5734
10522 10524
3416 3417
880 998
6016 6017
877 878
9241 9242
7697 7699
2590 5565
5360 10980
1275 3450
3109 3110
3150 4485
6664 6665
4178 7087
3377 3378
4829 11473
2105 2106
1599 7727
1029 2828
4332 4333
4718 4719
4799 7722
9021 9022
3912 3913
4868 4872
3782 5300
10202 10204
3206 9043
2286 2287
996 998
2217 2287
9009 11739
2305 6010
6725 6726
4178 11462
10957 10959
1275 3358
7537 7538
413 414
5944 8495
1794 9397
3398 4718
7054 7055
3358 4484
11259 11260
6487 6488
5526 5527
9614 9615
3205 10429
3171 3172
1144 4866
5005 5006
4866 9042
1275 2217
8614 8615
1265 1266
5005 5008
2334 4485
1793 1794
4580 9490
276 277
997 6726
6831 9900
3866 5527
8777 8779
8778 8780
3247 3250
9031 9032
2077 9259
3732 11249
6879 6880
4177 4178
3627 3628
8061 8063
924 1491
4828 4830
4791 4792
6657 6658
9758 9759
5658 9407
4952 4956
5062 5063
8127 8128
7857 7858
4936 13749
2303 2819
5351 12193
8706 8707
5181 5183
2840 3782
8777 8778
6663 6665
5081 5082
6225 8728
7094 7096
2859 2861
1552 1554
6609 6610
5693 5695
2303 2305
2117 2118
10709 10710
4951 4955
3948 6120
1275 4867
5141 5693
7725 7727
7047 7048
924 13799
3529 3895
2904 6225
3450 3451
8304 8305
1278 6354
808 8923
10252 10255
3151 11248
2127 2129
1793 1795
4798 4800
1491 7781
5060 5064
2043 2232
7095 7096
10077 10078
715 8471
7286 8551
1275 4193
1274 9767
6350 7736
6617 6774
4133 4134
3764 8714
1275 3205
924 13746
4831 4833
1275 4483
3410 3413
6830 6831
5800 5801
2217 2334
2335 3058
13754 13755
3057 3059
5516 5518
3817 3818
1572 13763
5089 5090
10318 10319
5520 5522
2127 2131
4575 8749
10181 10182
4829 6586
4483 5770
6181 11321
10860 10862
5330 7545
4106 10665
4868 4871
3528 7573
9945 11551
1275 5770
2423 2425
3088 3089
395 397
144 5752
3378 8734
10523 10524
3905 5023
1275 3449
4828 4833
9950 9951
9759 9760
6888 6890
3866 5526
4177 4832
1275 10410
4178 9033
4684 11969
4901 4903
879 880
591 7332
5352 10385
2430 9055
13792 13793
4178 8930
2715 2716
4580 4581
2590 5564
6879 7608
7533 7536
394 6488
6828 6829
1003 10322
394 395
1789 13783
4175 4176
973 974
1881 4550
10632 10633
10140 10141
3374 5236
1265 1267
1028 5738
10861 10863
5392 10403
9898 9899
3374 5738
4348 6354
3450 5088
413 1306
4765 11978
1490 10140
4950 4952
5089 5091
6828 6830
5705 7377
2249 9760
6760 6762
5181 5182
11384 11385
393 2217
5352 6657
5182 5183
1728 3782
3293 3295
2299 2300
10425 10427
11692 11693
9240 9241
6521 11544
4190 4192
2285 2286
277 278
3587 3591
3205 9042
1571 3992
8812 8813
5560 11868
2844 2846
144 670
3501 3503
3905 3906
4953 4956
1273 1274
11699 11700
11921 11922
9021 9024
2589 2590
5259 5516
7544 7547
5334 9053
5692 5694
9242 9243
9945 10039
4549 4550
10198 10203
1571 2830
6880 6881
1794 7689
8613 8615
9022 9023
3205 11692
9612 9613
9076 9078
1490 1491
8080 8081
3947 6120
2253 2254
8455 8456
10529 10530
1772 6351
7285 8551
8606 8607
2285 3736
6643 8483
5494 5495
3058 3059
5259 5517
3905 4065
10445 10446
9945 11788
3450 5089
5692 5693
7055 7057
3889 12099
7280 11700
1027 2718
2664 4962
1571 3994
8811 8812
4684 5658
3206 3452
2425 4832
3478 11528
4324 4325
10803 10804
2129 2130
3297 3298
4952 4955
10665 10666
4110 9933
2304 2305
13793 13794
3205 9043
11977 11979
8710 8711
4178 4817
4136 4137
924 2295
1599 7725
1702 1703
424 468
6763 7007
10919 10920
4149 4150
2335 3057
1490 10141
11700 11701
10434 10435
395 6429
10716 10717
8078 8079
984 3059
5692 5696
7535 7536
8145 8146
878 879
8802 8803
4324 4327
7611 9033
408 7332
4830 4833
3946 4483
4168 8504
4024 10279
6160 6162
8455 8458
3529 3894
2334 7553
2588 2590
3196 4379
3901 3902
4178 10659
3205 3452
1638 9396
3294 3295
6879 7611
2216 7699
808 7876
8710 8712
10570 10981
9023 9024
3450 5090
9396 9397
1410 1411
7611 9031
10434 10436
7857 7859
670 2077
4951 4952
1571 8250
13685 13686
8706 9054
413 1307
9867 9868
5668 5669
4344 8930
1307 10523
10585 10587
7697 11411
9075 9078
2861 4765
4824 4825
144 9527
4684 5657
9408 11969
11328 11329
1067 11551
4254 7239
7056 7057
3279 3281
6657 9004
8998 8999
7299 7300
5412 5413
4324 4326
394 6487
8440 8441
4884 4886
2425 4817
1578 1579
1028 2395
7553 7554
6664 11700
2104 2107
9673 9675
996 997
7598 7600
4110 10569
10586 10587
4765 11977
3588 3589
7698 10283
4831 4832
6813 6814
1274 9315
6657 9005
3378 3379
4832 6879
5774 5775
2663 2664
4950 4955
9000 9002
6643 6644
4837 6587
998 9669
10433 10436
9889 9892
9867 9869
11935 11936
5061 5064
3905 5001
2334 2904
2216 3627
9000 9001
7610 7611
1701 1703
10435 10436
2840 5272
8364 8365
507 2424
9945 9947
5370 10434
4729 4730
3358 4483
1067 2120
7286 9003
2664 4963
7612 9032
8161 8163
5693 5697
10197 10200
9889 9891
4832 11835
4832 6586
13700 13755
4133 12033
7385 11685
10199 10202
6617 8128
10426 10427
11331 11332
6223 6225
4168 8502
4550 4551
507 9315
9714 9716
9076 9077
4684 9407
5506 8999
5505 5506
3293 3294
7476 7477
3388 3389
9261 9262
3902 3903
2232 4837
3684 3686
7611 9311
4175 4177
8502 8503
5692 5698
8873 8874
4955 4956
7054 7057
4135 4136
8711 8712
3205 4866
3904 4065
4483 4484
6160 6161
10708 10709
5558 8736
4866 4867
5696 5697
4143 4736
9919 9920
3247 3248
3205 4465
1552 1553
3195 4379
4254 7282
2692 2694
2217 10410
3248 3250
5141 5696
3147 6155
1027 2717
4817 4832
8218 8219
8543 8544
3966 10077
10631 10850
5001 5023
880 997
1275 3416
11169 11171
5141 5692
6761 6763
1274 7876
6645 9766
159 5082
4299 4300
3589 3590
3206 4812
6888 6889
394 397
8365 8366
8906 8907
3782 7699
7689 7690
5932 5933
8872 8873
4955 6293
10410 11385
2305 2819
7611 9032
551 7740
3378 5558
3900 3901
5695 5698
2286 5269
9614 9616
404 2043
5060 5061
3904 5023
7886 7887
13758 13759
4176 4178
394 1571
3388 8327
3992 3993
2588 2589
6316 6317
4000 4001
5738 7573
3398 4719
10861 10862
4484 10024
3866 9950
689 9009
3194 5299
10660 11462
10434 10437
5627 6143
6763 7690
3378 8735
3854 3855
7184 7185
3817 9382
1307 7781
9860 9861
9001 9002
7611 7612
4829 4831
3900 3902
3151 5945
3947 3950
7546 7547
3410 3414
8706 9055
11935 11937
7534 7536
7298 11878
1881 4551
9819 9820
3948 6121
8503 8504
9022 9024
4950 4956
6368 6369
3195 3196
3782 7698
1571 5527
6813 6815
414 6404
4799 4800
3946 4485
11383 11385
7972 7974
10659 10660
2904 10531
8127 8129
1258 3993
8741 8742
9612 9614
1728 5272
984 3058
111 4949
395 396
2861 11978
7858 10866
6120 6121
4191 4192
6760 6763
689 3890
507 9869
5658 9408
1571 9384
4871 4872
3782 7697
974 2493
4107 9654
8802 8812
7483 9008
4347 7767
9489 9490
4177 5507
3195 3242
7533 7534
7385 11684
13783 13784
3206 5438
7087 11462
2267 12104
37 1638
8613 8614
633 1067
5352 9005
5351 10385
3206 4465
10522 10523
2217 9003
3358 4485
3797 4819
7553 7555
9613 9616
4177 7612
5088 5089
4176 4177
5692 5695
6831 9901
1275 1306
7094 7095
7608 7609
4962 4963
3950 6121
8161 8162
61 3978
10433 10437
11097 11098
4829 4833
3450 5091
3818 3819
2453 2454
7858 10867
2716 9515
3194 5298
9869 11340
2287 9106
7095 10369
3866 4255
3247 3249
9672 9673
877 880
8070 8072
984 3057
3528 5738
637 11852
2588 7398
10529 10531
2131 6815
4254 6187
4955 5944
10757 10758
4832 7151
2424 2425
3451 4483
2860 2861
1717 7598
4133 12032
4465 6472
10201 10204
3387 5800
4178 9032
8219 8305
7698 8208
5300 5740
9259 9527
1275 3451
2303 2304
4837 6586
2286 2334
8070 8071
3901 3903
551 4580
6829 6830
4178 7151
6007 6597
4050 4332
4177 7611
8244 8245
4178 10009
11328 11330
4580 9489
2859 2860
10252 10254
10118 10119
5300 6814
4884 4885
10922 10924
13700 13754
10196 10200
3398 3854
4728 4729
3205 9015
5967 5968
9631 9632
5558 8735
5521 5522
3150 3151
393 5565
2828 5318
3502 3503
4189 4191
6350 7735
7902 10666
4325 4327
1572 13762
4765 7887
9945 10040
4485 9021
4728 4730
1751 8544
1410 12201
5492 9819
1861 6488
5023 5024
11169 11170
3900 3903
6429 12201
6368 6370
6225 8729
10198 10201
5495 5496
5023 5025
5150 6160
1275 1307
112 3378
10958 10959
3236 3237
974 11735
5215 11249
3088 3194
10322 10323
4829 6879
4072 4074
8071 8072
408 591
9890 9892
1490 10139
4024 5505
6889 6890
4830 4832
1002 8607
2588 5564
2305 2306
7185 7186
4962 9216
1648 2660
4757 4758
5692 5697
3929 6422
6880 6882
5693 5698
4072 4073
3905 5024
10866 10868
1953 3206
5006 5008
5301 6814
11789 11790
6814 6815
4791 4793
1028 2828
9044 9045
6691 6692
1717 7600
9054 9055
11170 11171
4901 4902
3478 11526
5144 5145
2127 2128
9315 9869
2043 4837
1571 3867
6007 6596
1638 6751
8365 8367
1067 11550
5298 5299
6829 6831
3950 6120
11527 11528
3196 3242
7151 7152
2343 8356
4110 4111
2304 2306
11337 11338
11329 11330
10867 10868
9674 9675
3992 3994
1002 8606
414 4799
6658 11453
2305 6009
808 12041
11794 11795
6369 6370
1794 1795
4484 4485
2025 3205
3379 7384
9613 9614
5143 5145
4687 11544
8355 8356
3413 3414
3501 3502
10433 10434
670 9259
9946 10008
5150 6161
3411 3414
2217 9106
4902 4903
7699 10283
3206 5348
984 3866
6879 6882
7532 11649
4832 4833
41 11527
127 5591
3764 8742
4348 10048
11788 11790
10202 10203
5301 5740
2861 5969
7972 7973
2117 13769
283 284
3012 3013
11441 11442
6830 6832
4952 4954
874 9396
5300 10914
2334 7555
1411 6587
2287 7285
5694 5696
4177 9032
8779 8780
3817 3819
8519 11318
880 996
9075 9077
4110 10981
10860 10863
11699 11701
3242 4379
5333 5334
1571 3866
10823 10824
10039 10040
5694 5697
7858 7859
5370 10437
10201 10202
6774 6775
4631 6888
3205 4867
11550 11551
8811 8813
8458 8461
8459 8460
5784 5785
7095 10852
3904 3906
9945 11550
5007 5008
6831 6832
127 468
633 2120
3205 11921
1067 6017
10199 10200
8245 8987
3904 5024
3205 5438
3764 3765
3206 4866
5391 10403
3588 3590
4177 6404
9032 9033
11099 11671
11383 11384
5143 5144
6222 6223
11518 11519
4853 4855
1571 5526
1275 4194
3379 8736
10180 10181
13757 13759
5352 9004
393 1002
3147 3148
4580 4582
10433 10435
1411 11923
11871 11872
10410 11383
1410 6429
7610 7612
4832 7152
1410 4837
10424 10427
5944 6293
6596 6597
5710 5711
5301 8435
2249 9758
507 9868
8457 8460
5785 5786
2025 11692
7612 9033
1275 3417
11098 11099
