5404 5405
480 3743
6238 6239
24 270
4160 5135
96 12903
10773 11607
269 5004
9650 10765
7508 11342
8381 8382
4680 10892
2575 2578
4915 7931
695 1684
985 11741
4160 4163
1439 6772
2423 4006
862 1055
10774 10775
5404 8646
4814 4816
210 211
159 12613
1618 2067
1425 3615
1168 3380
1617 7277
1996 3848
123 13841
2806 4680
842 6327
447 3515
718 2230
231 1328
13831 13833
842 4815
1751 6615
543 3285
5616 7578
718 5107
975 6273
718 4158
10818 10820
1128 2027
975 10819
19 159
7081 9182
1196 1746
4158 4322
4680 7738
3384 3385
671 2578
1054 1056
975 10818
1045 13390
13850 13851
6896 6897
591 1963
2097 4109
10210 10211
8665 8666
4373 8296
3381 3383
12238 12239
199 4382
7826 7827
412 9696
3510 4002
1000 2213
721 10007
7826 7828
8167 8168
11418 11420
6126 7914
10027 10028
3928 3929
8570 8571
2025 4354
4681 4682
3444 3446
1190 11823
1045 1315
151 153
4814 4815
1034 1319
450 506
5405 8645
13823 13824
978 7949
12140 12141
1810 1812
6327 6328
269 4345
83 269
1436 1439
12237 12239
7320 13851
11341 11342
96 978
5307 5310
1947 1948
2067 7276
2636 13767
13875 13876
975 10663
11606 11608
4680 10703
210 4018
260 4629
2707 5644
267 1050
533 534
9651 10765
3510 6239
3350 8697
3946 4485
4250 4251
5393 7768
10209 10211
975 2067
7960 13117
10212 10215
9446 10818
891 1444
1034 11837
1751 1985
5379 5381
1939 2806
3358 4485
1617 10661
9835 9836
3380 3385
4093 7226
6782 9298
450 1291
2309 4118
207 2709
592 13874
2270 2617
4429 4432
13847 13848
9823 9824
1922 13811
13847 13849
890 1444
13814 13815
159 745
480 729
2867 3182
172 1056
8429 10158
2048 2052
479 2099
506 12613
207 269
4162 4163
10209 10215
2067 2632
412 9698
7312 11864
9555 9556
1128 1173
716 9287
7315 12212
4003 4005
3278 4915
4019 11920
7022 7025
151 152
3114 11608
3848 9671
270 9308
1939 2805
3046 3047
1007 1222
4035 4036
4810 9298
4681 5394
2788 13819
208 209
5808 6567
8853 8855
8664 8665
11591 11793
479 729
9213 9214
412 13283
1814 2538
1618 8946
1213 3738
219 6268
3278 7936
39 10640
123 13830
11604 11608
6125 7914
2946 2947
1616 8314
4915 7935
592 1876
37 251
1996 1997
4093 6525
3646 12191
8605 8667
2072 2074
159 5082
1616 1617
4158 8791
5312 5313
545 547
1093 8651
48 251
7020 7511
978 1045
589 590
269 1949
6 1618
1948 1949
2806 12136
412 9699
207 382
2750 2751
83 7010
1746 13117
4484 4485
1947 1949
4430 4431
1782 2405
7673 9823
592 4096
13650 13651
982 13894
2575 2576
4094 6525
2049 2050
12237 12238
48 382
1881 11604
12251 12252
592 1961
1414 7204
7320 13849
4329 4330
5308 5310
4160 4161
5394 9499
432 12239
718 8573
269 7011
1669 1996
12233 12235
172 3384
12224 12225
4429 6411
4584 4585
957 982
13 557
4107 9287
12412 12515
2004 12266
492 985
207 7011
6 166
2225 3604
6312 6313
492 8464
4006 4007
226 4089
637 638
3443 3444
7737 12136
479 5309
1712 9586
315 3999
1881 3114
4922 4923
24 5268
6386 7695
6156 7607
7931 7936
37 382
1827 9836
2099 13302
10211 10216
5795 5796
4034 13884
9295 9297
12376 12580
868 5795
269 481
5393 7769
137 138
3380 3383
5313 5315
5313 5314
636 7176
5504 13867
12224 12226
5306 5314
7276 10820
9769 9772
592 4093
1618 7276
10819 10820
6125 6126
198 200
671 2574
1876 1963
13859 13860
2635 2636
1881 10107
4094 6786
1190 11822
1407 3348
1584 3100
7310 8814
159 6113
2197 7423
7276 9444
2055 2056
466 1520
1939 2804
5405 8647
1186 3323
159 422
589 593
485 9050
12215 12216
83 1034
5305 5314
2709 5654
56 57
765 12257
71 1378
14369 14370
718 6740
159 12682
172 3381
7829 9052
718 975
1696 2827
8807 8809
4626 12264
123 12219
2829 5914
10206 10207
4685 5382
7672 7673
949 5374
10214 10217
1168 3385
10209 10212
1770 1771
2223 7010
636 1669
7022 7023
252 1425
8664 8666
764 2340
1034 2502
96 754
5308 5312
4161 4164
696 697
636 9671
4093 5826
210 2099
5106 5109
1648 6403
2465 2467
1263 3250
5305 5312
6884 6885
636 3846
4705 4706
479 13302
279 405
13270 13271
9769 9770
6332 7644
949 5808
3381 3382
12255 12256
4680 7769
975 8857
588 5271
199 5876
312 313
5308 5311
12212 13802
3576 9835
5305 5315
4680 5395
4304 4388
1669 1998
7949 8296
13836 13837
975 8856
3014 5966
5106 5108
902 2576
5311 5312
1983 1985
7087 10006
10208 10216
2490 11407
2283 8646
13866 13867
8570 8573
13852 13854
567 568
3443 3445
5310 5313
799 3877
8665 10718
411 9363
2466 2467
2073 2074
479 2046
82 1881
10773 11604
530 535
3946 4484
10107 11604
2283 2487
636 1251
1128 7914
6052 14381
533 535
90 6386
3169 3465
12214 12215
13700 13704
173 490
11417 11419
11112 11113
10207 10215
2315 13271
5304 5313
1923 5504
2610 6870
12376 12381
6359 6858
263 9416
24 9308
2358 2359
2099 13892
13700 13754
3510 7805
269 7009
1918 8743
90 7695
975 7521
1996 2000
397 7935
479 5311
592 593
7010 7011
829 1080
1211 7757
13830 13841
3443 3446
1128 6125
10892 10893
426 1414
1195 7960
1156 1157
481 1947
3848 7176
1107 1818
5791 10374
5312 5314
6156 6157
806 1410
479 1606
269 4689
2046 5305
2772 9671
7946 8045
5190 5191
718 2311
385 412
394 6894
6 344
12221 12222
37 3615
807 2625
10207 10214
1763 1764
1322 5422
9964 9965
530 532
10206 10214
583 591
20 1108
532 534
5309 5312
10766 10767
9651 10767
6375 7695
8341 8342
382 1425
479 5305
13849 13850
2567 11865
515 4930
344 7936
6771 7159
3114 11604
3382 3383
591 1968
6894 6896
3630 3631
39 10639
1986 1988
721 11336
4681 5393
2616 2617
11416 11419
505 506
152 153
7673 9822
172 1168
1996 4568
10207 10209
718 2829
1499 1500
13853 13855
269 7010
48 4629
3278 7915
1572 8484
3846 9671
2311 12271
1318 5004
774 1375
24 25
1953 3654
2795 2796
4004 4005
154 13134
71 3999
5021 6535
1617 8314
3510 9214
1328 1573
1696 3827
24 3750
5310 5315
83 11608
4379 4844
7510 7511
543 4350
5191 5193
636 3848
696 1684
10107 11606
13853 13854
3358 3946
434 3443
4160 5133
591 11745
2046 5312
9361 9362
591 1876
198 4216
4681 7769
312 4379
12316 12318
484 485
2056 6895
8698 8699
7020 11341
1953 3652
1537 3738
2311 6589
8155 8156
1001 2213
2230 6740
8044 8645
3285 3604
2046 5307
694 1684
37 252
83 8157
7021 7023
2625 9677
754 1045
636 1997
397 3278
10210 10216
615 1963
11390 11391
157 8043
3652 3653
411 10154
2062 9678
205 5871
131 5259
4373 7949
24 7416
5416 5417
765 12256
2223 7949
480 9051
8043 10702
591 5826
881 1045
636 7179
2804 2806
7022 7024
1764 1765
6642 7757
1270 2829
1827 3576
1098 1344
7023 7025
9813 9815
975 8853
6374 6375
718 2085
5304 5314
6360 6858
10772 10774
5654 7507
2577 2578
902 2578
1997 1998
199 200
8799 8800
591 615
3188 7081
83 8156
2805 2806
1045 3632
505 3250
10207 10208
5306 5307
11416 11420
3371 11793
10211 10215
3053 5547
874 1407
4680 9501
479 5314
2046 5316
5393 9501
9610 9611
2046 5304
5268 7416
1007 1223
3205 3206
1616 10661
684 2437
2579 4052
1618 7277
10209 10214
251 382
975 6274
196 197
4099 11939
1319 1606
7315 13806
446 12412
3581 9244
3188 9182
5107 5108
312 4844
5616 7579
636 10375
9049 13767
2999 3000
10213 10214
1881 1882
718 7521
5405 8044
8820 8821
1498 1499
4679 4682
2056 6897
2632 9444
4093 4096
3053 5548
73 1129
12223 12224
455 557
1150 1949
13831 13832
6137 6139
153 2396
12271 12272
241 467
13754 13755
96 1315
13848 13850
172 862
694 4951
13854 13858
890 891
730 745
8189 10719
3044 4680
731 732
3510 3929
1945 6563
4286 4288
7276 10818
9769 9771
636 7891
12214 12216
8570 8574
479 975
1827 9835
159 506
592 9659
13864 13865
718 1270
219 8173
1054 1057
207 209
2283 8647
4378 9610
4250 4576
1150 8821
5311 5315
8819 8820
615 1962
83 382
9813 9814
24 7498
5313 5316
10661 10663
2423 4007
37 745
1881 11607
2048 2050
96 881
9814 9815
2283 5404
975 2230
2055 6894
12237 12240
774 12979
5268 9308
3510 3928
4685 5379
636 637
1375 12979
4680 4682
12217 12218
615 1961
