4683 5971
3162 3163
3569 5003
2401 2402
62 1861
10975 10976
2371 2373
479 7943
3447 4780
5232 11557
2441 2442
730 745
3953 3954
3278 7936
1556 1557
1696 8020
152 480
13761 13800
6568 6569
4113 7686
1356 3568
4094 4096
115 117
520 521
13734 13735
1936 1937
4168 10121
4710 4711
9546 9547
8234 8235
6551 9596
152 351
2370 2373
2418 4861
4093 4095
1624 11021
7024 7025
10493 10494
2931 4986
2250 13725
4121 4122
10624 10625
837 5597
3668 11851
153 1347
798 799
2421 2422
4412 4413
110 337
1356 5003
8068 8069
3939 3942
2007 6695
2334 3194
6565 6566
4864 4865
1765 5487
1975 1976
799 1697
4196 4198
1596 1597
9545 11206
263 5012
10978 10979
3308 3309
111 1862
1876 3568
2419 3998
1389 1390
2185 13714
2930 4986
592 7785
1596 1598
395 1729
7765 7766
344 7936
4039 4040
4410 4413
594 596
2585 2586
7023 7024
8089 8091
799 13739
595 596
7686 7808
592 7784
2121 9547
5485 5487
60 61
217 218
631 634
799 8409
7021 7022
8089 10284
151 2992
2442 5640
2929 9524
592 4096
499 500
2904 3194
54 217
2372 2373
1014 13724
395 1537
14 1535
7793 7794
635 7784
73 152
632 4951
1763 5487
152 11753
2402 2403
3953 3955
110 12110
7020 7025
2418 2419
1399 1535
723 8775
7619 7621
13725 13728
159 12682
1945 6564
592 4094
4039 4041
153 2992
1345 5596
4313 5467
591 5825
13761 13796
263 3538
928 7253
287 3952
1411 1877
3146 3326
4094 4095
1937 1938
11089 11090
1788 1789
7686 7750
3937 3941
3673 3674
218 1385
152 8473
11753 12722
10977 10978
2929 4993
95 553
8234 8236
13719 13721
4093 4096
10624 10626
4412 4414
5885 6284
723 724
3955 12011
8214 8215
4915 7931
263 1918
1765 3806
2441 5640
2441 5642
4184 4185
3668 3669
4413 4415
4986 4987
11089 11091
5642 5643
8381 8382
344 7931
4047 4048
3036 5093
804 1425
4112 4313
1696 3167
73 153
7946 8045
3620 3621
3161 3163
2440 8969
38 3464
1536 1537
8216 12011
1384 1385
10977 10979
8443 8444
1876 5003
4826 4827
14 1399
3208 3500
13719 13720
2185 4121
799 3167
12289 12290
7808 10967
6551 7943
2121 9546
6563 6564
1763 5485
12001 12002
3954 3955
3538 5015
4992 5286
3706 3708
3632 3633
13760 13761
3712 3986
1763 3806
5078 5080
7946 7948
1873 1874
647 649
3936 3937
2724 5052
7619 7622
3673 3675
5078 5079
2121 3228
4093 4094
1683 4467
4112 4314
7939 7940
5012 5013
10976 10979
479 729
837 838
1820 1821
10092 10094
3308 13796
4183 4184
514 5364
9166 11089
3938 3940
591 4094
3712 3881
2507 8091
10976 10977
3672 3674
1499 8424
5093 5094
13732 13733
9361 9363
10494 10495
5014 5015
1425 9596
8321 8322
8091 10284
457 458
10092 10093
4095 4096
591 4093
1535 1729
4776 10831
1765 5485
3036 5094
159 506
7784 7785
1411 6667
151 153
3879 3880
3706 3707
37 745
344 4915
506 12682
5818 8733
591 729
7020 7022
8746 8747
5013 5014
479 1425
7794 7795
2442 5643
6562 6563
7022 7025
3308 13800
9545 9546
6568 6570
54 1385
723 725
7940 7941
591 4096
152 1175
7408 13748
4410 4411
1425 7943
457 5691
519 521
11269 11270
109 12168
61 1862
8746 14487
2814 3146
782 8424
1425 6551
5300 9821
7343 11980
3161 3162
4915 7936
263 5013
1789 13784
804 9596
3752 3754
11270 11271
7620 7621
2407 2408
6691 6692
10093 10094
2185 6382
411 9363
3757 3758
153 8473
8747 8748
647 648
12000 12001
1429 1430
591 5826
4183 4185
804 6551
1764 1765
1945 6563
804 7943
8090 8091
6473 6474
808 3963
13329 13716
5678 7475
151 152
3776 8539
1345 5597
1108 4683
4671 4672
5818 8732
553 2503
7137 7138
1212 1595
3278 4915
8442 8444
6564 8561
3938 3939
5884 6284
7619 7620
4412 4415
6474 8293
4410 4415
631 633
60 62
4411 4415
1045 3633
2724 5051
4197 4199
2121 8424
13729 13730
2441 5641
455 4976
1535 1536
4196 4197
595 6640
13696 13698
842 3062
8561 8562
9329 9330
13711 13712
7202 7203
2929 5286
9545 9547
5893 6288
5079 5080
7946 7947
1597 1598
110 13067
4113 7750
5884 5885
4313 4314
152 12722
1060 3015
1820 11114
4112 5467
7023 7025
2121 9548
4715 4716
10165 10166
8216 12010
95 2503
13728 13729
395 1535
3488 8595
10494 10496
806 10950
1789 13783
3756 3758
5013 5015
12450 13329
3708 3709
591 6551
3713 3986
648 649
837 5596
3724 3725
1456 13147
6521 6522
3951 8216
6804 6806
2334 4064
632 1535
201 3869
1356 1876
8746 8748
218 1383
3939 3940
2814 3326
3669 4122
1682 4467
1682 1683
263 5015
13697 13698
798 1874
152 153
6563 8562
2929 4992
799 1696
14 632
10975 10979
7808 9526
