2003 2004
765 12626
6848 13638
12814 12815
14252 14253
2335 13937
1316 9588
5843 12583
14253 14255
12346 12347
202 1738
795 796
12209 12210
7315 13806
1654 2296
12647 12648
2091 12656
38 202
3038 13532
577 13721
1945 12815
668 13622
1228 12760
730 745
12689 12690
2739 12949
12229 12230
2408 5044
606 12508
3056 12357
730 12760
668 13621
12292 12743
12354 12355
3170 12347
218 12466
432 12648
12644 12645
2335 13936
765 12257
730 12391
12353 12355
13937 13939
12392 12663
12210 12211
127 469
14240 14241
2408 13520
5755 5757
435 12648
985 12378
1211 14257
12220 12222
2091 12655
745 12392
8177 13898
12507 12509
695 1684
730 1747
122 123
924 13751
1531 13519
7517 12626
13624 13625
12291 12292
1441 12743
7315 12212
673 12179
12357 12358
12392 12664
1441 12292
1531 13520
8177 13903
37 12517
1706 12681
10483 12377
13623 13625
38 1747
13896 13904
5600 12822
1531 1829
866 7517
148 13461
1000 12353
12530 12805
208 209
13720 13721
13751 13752
3170 12346
12391 12517
5755 12569
241 467
132 2697
38 1228
14253 14256
12245 12267
13741 13742
10121 13752
12692 12693
10742 12655
14255 14256
2318 2788
37 1228
2496 3733
474 12420
13897 13904
202 12760
53 218
10121 13751
606 12509
13498 13500
13896 13898
2441 12508
13621 13622
5115 12314
3290 12841
1211 12498
730 12516
4626 12265
13463 13464
37 38
13832 13833
12251 12253
557 2908
12391 12516
1577 12493
1228 1743
1157 13554
37 202
12286 12643
12247 12537
553 12643
37 12760
2496 12695
435 12646
12690 12691
8177 13904
1468 12846
668 1654
1000 13506
730 1738
553 12805
730 1543
123 12219
730 12729
