4580 11757
1707 2062
424 10273
592 4092
6916 9991
3961 12089
938 10481
3813 10559
39 8030
2797 3242
10122 10127
2916 10080
8884 8887
5365 5366
6032 6034
83 9204
479 480
9150 9151
5562 10052
2797 10460
468 10273
4389 4498
7372 7373
11908 11909
6130 6131
1717 7599
1478 2439
10275 10276
10679 11663
4547 9173
2973 5428
10553 10554
62 7200
11627 11632
5330 5331
5309 5310
10682 10683
1817 8637
684 9484
7100 7101
2446 8675
6649 6650
9582 9583
719 4821
5653 5654
5881 5882
3064 9194
4524 4526
9085 9088
2925 2926
3340 3341
8156 9193
933 4678
40 48
5502 5504
1412 3580
6112 9057
11285 11987
2313 2314
6183 6184
4498 9201
958 8538
51 8156
54 9279
11599 11601
7636 7637
691 7441
270 5268
11624 11631
5311 5315
3057 4951
7575 7576
1453 5821
4905 4906
11605 11608
6248 6250
54 218
11844 11845
4455 6776
6193 6195
12067 12068
3057 6062
632 9395
5415 12029
3869 4663
144 4663
4951 5913
6951 6954
9248 9302
12121 12122
11627 11633
715 11634
9201 9204
842 12112
4261 8974
5593 7700
1001 2213
5454 5456
7087 8470
213 759
4856 6780
4123 4124
2025 6976
4573 4574
3389 4155
5795 11583
10680 11422
716 717
303 8030
9736 9737
6028 6033
1807 3802
4217 4633
6444 6446
4351 4352
4889 4892
8264 8265
5361 5363
684 1660
5454 5473
9198 9204
2632 11277
4856 6680
1034 11606
6226 9388
11506 11507
3814 3816
9550 9553
7874 7875
10728 10729
11853 11854
11537 11539
3245 3246
4106 9927
682 2727
2255 7865
6033 10872
480 1318
4165 4358
495 8806
38 476
6808 10286
3337 3338
300 2007
1410 10005
4592 6786
455 456
2446 10080
1628 3455
8885 8886
8841 10058
8507 8508
4194 10002
8487 8489
4931 4932
54 217
1851 2901
45 47
5172 5219
4984 4985
862 3860
8488 10902
1572 5482
4178 4829
900 1712
11613 11631
7790 7791
10647 10755
4339 4342
1634 2485
46 7125
7731 10573
9718 9719
6967 6968
3604 5624
6079 6081
7123 9749
9977 9980
3116 3117
10634 10636
42 72
710 7868
11617 11633
1248 2916
11065 11071
1 4641
7942 7943
96 5072
1599 7580
3285 4629
3057 11574
8156 9202
5693 5694
11614 11628
83 9203
4867 8705
938 2822
4419 4421
4554 4557
4684 8649
4591 4593
782 1067
6651 6653
3782 12121
2851 4994
1308 4579
5954 5965
10095 10096
10796 10798
3206 9043
10656 10657
159 5082
6 2120
10727 10729
12112 12113
12117 12119
479 691
10035 10036
73 829
5584 5587
866 6685
9813 9814
5558 10479
11135 11146
5805 5806
8660 8661
2004 6441
6279 6543
5867 10460
12197 12198
2507 8089
10123 10126
10419 11301
111 782
8862 10296
698 1161
4308 4310
4553 5420
1650 7353
3890 4015
3655 10596
8115 8569
416 10310
7900 7902
4764 7529
8210 8966
2485 3057
410 9650
3744 4165
3890 8037
11515 11517
1034 4675
7704 7705
11712 11713
565 716
8838 8841
5233 5234
47 665
96 6198
3017 4229
4057 4058
3205 4867
4540 4541
9203 9206
1445 8203
6751 7255
9533 9534
6034 10872
11615 11616
8823 11070
7142 7143
11286 11288
11617 11630
112 715
2229 2230
48 1426
2754 10456
112 808
869 1877
7960 10684
5791 10374
2540 2542
12176 12177
684 9813
394 5996
10324 10326
3861 3862
8437 8439
4552 8842
507 6776
6179 8511
573 10620
2660 4924
10990 10995
6711 6712
4663 6741
6789 9259
1649 8511
3987 3988
11626 11628
412 2676
6029 6032
10776 10777
317 9152
639 3799
10634 10635
10853 10854
4552 5420
3143 11200
5626 5627
11947 11948
40 1425
221 2172
1599 7243
5477 5478
691 1027
591 4092
3284 9722
5212 5214
5558 10480
207 888
153 5866
7997 7998
631 10579
3340 10491
492 2242
2045 9472
4983 4984
10168 10169
8824 11065
6589 6590
7781 8983
6093 7739
251 416
3609 6783
5300 9821
2479 3454
2206 3450
7331 7339
83 3114
6084 6085
8787 8788
8056 8057
6767 6768
8773 12121
3284 5215
839 6037
934 935
4859 9722
1911 9109
11559 11561
6034 10873
6245 6248
1181 2992
8030 9007
10730 10731
53 1385
216 3802
3206 9015
11621 11624
683 6928
9195 9200
4210 4212
5492 5493
2074 2506
1968 10302
4554 4559
716 2543
6059 6394
1196 10684
9737 12166
4890 4891
10019 11438
7548 7549
7161 8587
4663 4664
479 5314
8018 8019
8824 11070
1364 3454
2046 5306
5455 5456
7141 7143
5067 5068
5338 5339
8840 8841
4086 6877
6093 6197
4060 6348
6709 6713
7325 11752
480 9020
718 8572
636 7891
2172 7790
10988 10989
3653 11940
172 578
8306 8311
1445 5677
6439 6440
1150 2488
7949 9788
4211 8924
715 2935
8663 11621
2797 5290
807 2822
6 7936
5287 12188
2289 2579
7405 7406
2702 5302
5670 5671
419 3022
4332 5867
3856 11656
1130 10264
11630 11633
9201 9205
2265 8824
272 2057
412 4643
10889 10890
219 9513
7557 7558
578 874
3579 9203
3285 9732
10336 10338
7009 7010
1968 3069
2680 2918
5308 5313
1680 6156
1067 9082
5791 10375
6033 10873
10726 10730
11278 11279
2225 5553
6084 6087
718 8574
51 9196
7407 7408
5627 5628
5574 9802
344 4915
1711 2755
11623 11625
9121 9123
11612 11616
83 9197
7194 8156
5324 5327
48 5232
3655 10597
199 5810
370 10810
4545 4547
572 4031
2279 5004
416 3624
205 10929
1291 1361
1 11793
5191 5192
9491 12173
2577 6216
214 3802
4555 4558
571 8195
3278 7931
8015 11493
54 2074
5172 5220
4106 9926
2057 2754
52 2803
19 11132
3614 5662
796 10953
10107 11606
1241 6632
7161 11005
10992 10995
10080 10670
6595 8376
8288 8294
218 4481
745 5588
7336 7341
4811 9035
250 4644
11613 11617
45 1383
4346 10441
6934 10280
6776 11211
2223 8296
1019 4562
7957 7958
2754 10457
5796 11651
949 5808
5974 11857
6588 11691
8815 8816
2357 4988
7911 7913
507 2433
1431 2664
3836 3838
6 8053
14 10460
5287 12189
551 3797
5099 11559
7729 10895
3678 6168
591 4095
10167 10169
4699 11255
5553 5622
1264 6516
382 1425
7408 12054
4613 4622
11620 11622
4194 10001
48 3615
4605 4606
252 7010
2835 6250
1740 6459
10035 10038
5134 5135
11947 11949
4640 4641
1948 4556
11632 11634
3205 5438
6730 7018
10324 10327
1249 7880
927 11345
7142 7144
5420 8839
6710 6717
7665 7667
4983 4985
2108 2797
5509 5510
4814 4815
6847 6848
318 3484
10055 10056
800 5490
8488 8489
3114 11608
6934 8749
11620 11627
210 4019
260 481
1861 5794
2225 5624
4246 4946
7663 7664
4166 8271
5255 5256
4681 6751
3113 3114
422 577
9664 9665
976 4642
8324 8400
2214 7157
3815 3816
3115 3116
1 7317
8307 8310
6077 6078
7864 7865
5074 7146
11616 11619
8663 11612
5339 5340
3340 10492
7824 7825
11614 11620
9963 9965
6450 6451
682 9809
10455 10457
6 5290
6940 6941
7917 7920
7337 7340
887 3284
2479 5302
10325 10326
3285 5624
5311 5316
727 3380
729 4608
37 1638
3915 3917
1150 3743
7020 7510
1384 2074
434 481
4982 4984
1328 7518
506 2366
1383 6675
11615 11620
5307 5313
10670 12195
12017 12018
172 6268
3606 5623
11205 11485
2917 9244
2135 5902
636 6035
252 3802
7893 7895
8555 8556
2171 4104
573 6436
1808 4381
1264 5262
1027 3346
8884 8886
9200 9204
7140 7144
199 4216
8309 9105
2797 11237
4766 4926
1407 1848
10816 10817
9046 9047
578 8960
6437 6438
11196 11197
6973 6974
4194 8156
1141 2437
2393 5580
6229 6231
12163 12164
416 1605
1378 1380
4246 11096
728 4281
11244 11247
5536 5537
1027 3930
4355 8840
172 2063
801 10970
4498 9208
9200 9208
6928 10492
5806 6387
10752 10753
2623 7938
665 1383
344 7936
3346 9057
3606 5554
1164 6729
2062 3860
1045 4851
2076 8267
543 3341
4179 4180
9717 9718
424 9910
6452 6453
1150 5562
8310 8311
632 6309
5591 10273
207 2223
4291 4292
468 9910
4498 8156
5309 5315
1671 5425
1072 7125
10988 10990
3155 8274
10381 10382
5647 5649
2172 7791
7872 7875
2632 3743
6789 12187
2789 5947
1258 6279
3285 3606
5954 7770
209 250
3023 9141
1027 4674
3655 5164
428 10290
9223 9226
5869 11623
231 6925
3483 4428
11604 11608
6279 6544
152 8473
3284 5489
5183 7889
2797 8052
7109 7111
5311 5312
42 660
9300 9302
2003 9927
4547 11071
4261 7541
9870 9872
3557 3559
684 9815
5313 5315
10987 10991
480 691
4166 7276
11617 11621
452 4320
11633 11634
505 9082
5869 11621
6149 6150
4972 9736
10456 10457
9981 10037
977 4732
7139 7141
2287 10410
2217 7286
1613 4086
2731 7120
2045 3484
7669 7670
804 1309
11663 11665
8024 8025
3058 11486
112 2935
10680 11423
1163 11145
5257 5258
2257 9147
6217 13687
4261 6491
2314 4193
217 11082
1876 9517
571 4290
5777 11469
3202 4575
1141 5232
4261 10525
718 4322
9200 9201
5551 5553
1264 9722
3804 3805
5210 5211
90 7695
480 4165
62 1850
5439 9680
3284 8169
297 886
11401 11402
96 1660
634 3202
1717 9349
2446 10169
9127 11575
4622 5867
5869 11619
1660 6648
5304 5316
6254 9666
416 914
2917 7089
4521 4522
3285 5622
7492 8942
4452 4995
4102 4103
397 7936
591 7338
1072 6491
4685 9281
10302 10304
5868 5869
506 994
172 422
4553 8841
4731 4732
12205 12207
6453 9751
3557 3560
5026 5027
7636 7639
11283 11285
5172 11166
153 1181
48 7125
11064 11066
112 6947
127 9910
10552 10554
8596 10170
1896 9148
1196 7960
9529 9530
4452 4997
3888 6729
10086 10535
11905 11906
2043 6878
9456 9458
5400 5805
10099 10683
10295 10679
7547 8489
8234 8236
6245 8660
11651 11652
1580 2613
1605 10310
6708 6715
48 3732
40 252
7097 7098
230 340
4955 4956
5346 5347
931 3483
507 5258
9492 9493
4952 4955
9846 9847
6131 6133
5257 7112
9992 9994
7334 8786
382 9533
1724 8472
2046 5315
716 3057
218 1385
3799 6063
2009 4068
6226 9387
9813 9815
9622 9624
4733 4734
7339 7340
6289 6292
5426 5427
7123 8500
4955 5256
1650 7355
6063 9030
2341 4156
2335 7968
2223 7949
520 8793
3862 3863
11799 11800
710 7865
8781 9768
5287 12187
11620 11624
6916 9986
5841 5842
874 2366
808 5110
216 1809
2020 5619
9842 9843
252 1808
7777 9349
1105 9251
1849 6402
416 7881
7123 7693
11331 11332
6246 6248
4690 4692
4262 5131
7640 7641
5182 5183
54 2748
8029 8816
2479 4169
11951 11952
1967 5160
10787 10788
1027 6739
10387 10388
7149 7749
5554 5622
3493 3494
6193 6196
11826 11828
5708 5709
96 7860
2423 4829
11112 11113
683 6491
10679 11398
11612 11632
4667 7085
3386 10901
3606 5622
578 2731
6093 11027
1 11470
6919 6923
11620 11628
6198 9143
2799 11907
3284 4859
9414 9415
1248 3226
10988 10992
7822 7823
7634 7636
11284 11285
4914 6279
10126 10127
7458 8799
252 8694
10731 10732
90 231
382 9534
3279 11284
2077 10931
11612 11633
3811 8912
5470 5471
8541 8542
7337 7341
4281 4282
5256 6104
3242 5290
720 12028
2046 6102
5795 5796
9223 9224
4219 4221
6 6429
11301 11302
96 1903
3482 4605
3482 9083
8029 8845
782 1711
10773 11606
7197 9569
1419 11096
684 11885
6085 6087
938 2625
932 934
2249 9759
4106 4355
886 5970
8549 8550
2314 3799
6516 7885
11839 11840
2217 2287
11282 11288
718 985
6916 9977
5692 5696
2918 8996
6244 6248
8412 8414
4591 4592
4553 8839
1809 4232
4804 9122
10335 10339
11613 11632
286 698
7026 8563
3917 6056
1628 5355
3533 6297
7408 12055
8023 8024
8681 8683
8770 8845
8156 9194
11617 11632
3358 3946
9978 9979
479 12003
1807 9680
10295 10680
2046 5311
217 782
3750 4307
1364 5489
6031 6032
1817 8639
11945 11948
9376 9377
1484 6146
11241 11242
506 807
12118 12119
4297 7580
2265 2266
9462 11773
11623 11634
807 4838
10326 10327
5171 5173
1027 1034
591 2609
5759 5761
3812 3813
198 4633
6450 6454
4498 9198
8990 8991
8478 8686
287 10480
9491 9493
2446 2447
2926 7453
1618 7276
507 11295
3428 9804
172 2074
6604 9386
9198 9208
3321 4859
8995 8997
9646 9845
1587 6469
7335 7341
1740 6465
434 5751
51 9208
455 7733
6007 6030
6866 6868
7845 7851
41 5669
684 729
2935 12114
6038 6040
5220 8095
1072 3340
385 412
2679 2680
3428 9808
8888 8890
54 2637
51 4498
4889 4890
6309 11119
6229 6235
1809 3802
416 7882
4621 4624
1150 9630
5439 9679
4500 5853
4428 8212
6916 9980
6960 11690
172 6240
3789 3791
11560 11561
3023 11494
1166 4346
2026 10223
11622 11630
6747 6749
1548 7017
11612 11621
10043 10044
395 698
1028 7994
9284 9286
11611 11614
1322 2680
5651 5652
10420 11149
45 6675
5190 5193
6878 7710
4166 4358
3114 7782
8674 8675
2314 3887
10991 10993
698 721
48 260
132 4562
2171 4481
1944 10895
270 7416
287 3284
4032 4033
481 4555
5462 5466
42 931
8757 8758
6873 6876
3284 11854
3455 5354
7289 7293
5668 6221
45 665
5996 5997
214 1808
11972 11974
6390 6391
9230 9232
252 3375
5820 5821
1660 1904
4687 8788
3428 7642
127 424
3156 4601
934 4678
451 10172
432 433
5888 8937
8195 8196
370 1628
5996 6191
7634 7639
6309 11120
7197 9570
5693 5697
4194 7904
1034 11608
2225 3606
7332 9282
4613 5952
2314 8655
734 4932
6756 6758
11958 11960
506 874
2652 4613
1318 3744
6216 8655
4371 4372
5406 5407
300 3340
7011 7292
8156 9205
938 10480
11014 11015
3604 3657
54 1161
5098 5099
11609 11633
9118 9124
8156 9207
105 4125
2342 8926
7123 10276
5225 5227
1072 5999
3155 8273
209 1751
3868 11840
199 4217
8017 8018
5337 5338
2708 2709
4622 4623
6002 6004
5796 11650
492 494
48 1605
6068 6069
1196 10683
866 4472
913 3084
11617 11627
3604 5270
1849 6401
456 5193
5762 10286
831 4667
1249 8241
4268 8563
370 4293
451 452
8756 8757
1717 5129
4684 8650
370 1241
220 5611
1290 7830
10989 10993
10627 10628
9990 9993
3378 8734
4278 4280
5306 5310
507 1258
3143 11201
11131 11133
2004 2918
2675 2676
4486 4488
6955 6956
5345 5346
9308 9309
745 3156
7567 7568
152 168
90 6375
7639 7640
4373 7949
4937 4938
4387 4695
11611 11622
9986 9987
1548 8904
5414 6776
9491 9492
3279 4939
682 8415
251 1605
3641 4280
1108 9586
2446 2916
8300 8301
9141 11494
8275 8277
5915 12159
6849 6850
6325 6326
6789 12189
565 2479
10160 10162
5919 6545
270 6877
592 9114
505 1291
5788 5789
1968 10303
7368 7369
6713 6714
9681 9682
5676 8204
2737 4935
3285 9733
5808 5810
4357 4358
3321 6240
511 6748
1241 10812
10460 11987
6077 6081
10680 11665
8843 8844
6498 6499
5811 9304
14 2797
395 3278
809 938
5911 11989
507 5256
2748 5599
1117 6400
9677 9678
5310 8353
1150 4558
4665 5917
1348 8996
7911 7912
11489 11490
9283 9286
4160 5134
5683 9771
4158 4159
4265 6044
4613 5954
7967 9762
199 5809
2025 10223
3206 3996
10329 10330
2223 7009
8704 8705
4146 4147
10491 10492
8800 8990
8403 8404
1911 8287
481 2108
927 11343
9990 9991
4333 10307
1751 7396
2426 4899
1425 9596
4472 4473
54 1384
3987 4492
251 3016
11118 11119
842 6328
3670 7331
5510 5512
5551 5554
432 2916
4168 11800
11507 11510
6862 11076
8102 12199
7370 7371
1213 11458
4061 11951
2918 4678
2676 4643
9979 9980
7194 7197
5420 8842
6995 6996
9111 10052
4099 4100
151 153
83 7194
2265 8823
451 1326
1077 1093
7290 7292
8435 10914
3189 4067
7218 10670
6708 6717
4229 4269
8297 8360
7949 8296
6710 6713
8353 9056
1343 4607
9121 10830
6374 6386
6460 8684
216 8694
7935 7936
3606 5624
8025 10117
4107 8840
6588 6962
4106 4107
9202 9206
10726 10731
804 7943
5310 5313
1327 3834
7009 7011
1851 7087
7764 11112
5469 5471
5420 8838
2120 3284
5676 5677
4101 6346
19 2161
716 2479
46 48
1711 9279
5335 5338
10336 10337
46 866
1358 3051
201 4613
11187 11189
382 2223
5337 5339
10411 10413
2446 10497
4230 4231
11305 11306
112 2797
6229 6232
10107 11604
8911 9232
51 9205
782 11261
5936 5937
5809 5812
6093 6095
47 7092
159 5081
11614 11616
3155 4504
4178 8930
985 3273
11578 11579
11621 11629
6987 6988
7336 7339
9663 9665
8663 11616
591 729
3805 9369
764 2340
1248 7879
4280 4282
286 3279
9284 9285
2275 4240
6754 6755
5587 5588
479 5310
5805 7233
6157 9830
3340 3512
2279 8806
573 4548
1034 11604
1712 9586
48 6475
5309 5313
1211 2540
2539 2541
1909 8035
10788 10789
3589 3591
11759 11761
1144 3206
10616 10617
5869 11611
11760 11761
7718 7720
6921 6923
7492 8022
480 804
8843 8845
6746 6750
2443 2444
2335 3482
5921 7410
1141 5621
112 11474
11297 11300
3743 9020
11943 12102
9086 9087
1857 2485
5110 11854
19 10312
62 1862
72 8663
10680 11397
887 927
4393 4394
589 591
410 9651
8027 8028
3030 8239
11958 11959
1385 3750
9429 9431
4962 9571
4607 12085
3057 3321
592 9969
4066 6198
4629 8249
78 451
4974 4975
4971 4972
10122 10126
397 4575
93 4664
3583 4461
10890 10891
9799 9800
6451 6454
4741 4742
4198 9887
5694 5698
10706 10707
9196 9201
6194 7758
11278 11280
11611 11630
2070 8041
11609 11630
397 5535
479 1606
11616 11629
6714 6717
1067 6753
6786 6787
4699 9484
90 1318
10111 10112
11624 11634
6073 6075
1067 6786
1161 2062
2242 4156
1141 9268
1807 3803
3533 9761
2918 8477
83 4194
2426 4898
3842 10648
4596 6335
3450 4847
52 9413
5777 8396
11627 11634
4389 4804
4602 8596
4339 4341
7491 7492
11256 11257
1861 11702
4211 8925
4665 5867
7916 7917
4898 4899
8663 11613
2539 3428
9149 9151
54 1478
11628 11633
11616 11617
8006 11288
2873 4321
6922 6923
5133 5134
340 8037
6776 8677
7331 7335
691 3904
4596 6619
5305 5306
11474 11475
9336 9337
2814 8028
6715 6716
8358 8359
632 2543
1364 4914
3802 9680
11610 11615
5336 5340
8030 10589
6713 6718
7599 7600
7125 8101
3601 3603
636 839
479 573
2214 4665
6745 6748
132 6288
507 11237
507 2797
1034 9137
2063 5682
107 6282
5669 10331
5805 11363
6937 6938
857 6469
8107 8178
8335 8336
480 3744
3604 3606
11064 11069
5695 5698
2275 2789
4304 4803
958 1318
172 4320
6572 6573
1161 11156
5426 5428
416 8241
842 11814
455 5789
8297 8359
6247 8209
4663 6298
9084 9085
6960 6962
304 10701
1419 1420
2161 2388
10286 10287
6543 6794
7885 8944
11587 11588
14 3454
107 11437
7040 7042
6709 6718
6673 11071
4997 4998
4717 4850
715 6895
10535 10536
1045 3632
3992 4310
340 341
54 12017
5732 10054
5097 5099
1411 7977
9981 10038
1724 6964
8680 8687
1628 5354
9462 11772
3057 7059
287 3386
9230 9231
263 3538
12018 12019
9827 11512
218 7790
3533 9763
10161 10162
5654 8123
665 1442
4193 4195
3799 3835
1717 7598
11235 11236
11400 11401
6867 6868
479 1318
5021 6535
210 4018
913 7076
218 1384
8571 8572
2004 5960
4399 4400
9082 9083
593 8265
6534 6703
2077 10932
6394 7304
2814 7218
218 2171
2335 6639
729 804
7229 7230
54 2172
782 10777
1729 10025
9231 9232
120 8767
5993 5994
5308 5311
4193 10002
7306 7437
2077 9476
4329 4330
4663 8783
3810 3812
958 11885
9201 9202
9347 9348
4217 5808
6459 6464
7702 7703
9388 9393
6290 6291
2166 7704
3538 3539
7777 9350
10016 10018
1216 6852
10670 10672
10786 10788
1967 9511
7693 8569
9804 9808
7087 10007
11626 11633
6532 6533
684 2360
428 11065
317 7076
2408 7997
3580 4974
1721 1724
2059 9279
1360 2820
11856 11858
505 938
4642 4731
1660 4763
1164 5707
6783 6784
4558 6426
2797 5867
9679 9680
6077 9269
10827 10834
78 2074
4674 4675
451 2091
7777 7855
11357 11359
3483 4425
10673 12195
5292 9215
6030 6034
3832 3833
51 9195
9827 11511
2507 10542
11626 11634
169 4297
10534 10535
10987 10993
1019 5699
4605 7407
1264 8418
494 2341
1484 5232
3146 3326
11463 11464
660 11197
2916 5419
9236 9237
3239 3240
6789 11594
10294 10296
422 5262
5099 11561
728 3835
807 2625
3340 8911
41 698
9308 9310
682 1045
938 9082
833 6641
457 6366
2314 9302
2738 4935
479 5309
4648 6996
8289 8291
807 1067
9193 9194
5536 7756
636 6036
5584 5586
2085 10781
11577 11578
6861 11076
1290 3340
7491 8025
4321 4590
11611 11623
12088 12089
934 6603
4011 4083
2004 10901
199 5811
1407 5881
6374 6375
42 3483
6916 9993
9152 10490
4515 6685
6920 6924
5414 5415
1248 7880
7324 11752
2920 3239
3651 11972
2314 8037
901 7451
3340 6489
1150 7943
6894 7710
573 10623
3231 8730
4350 5624
11343 11345
551 10044
8156 9255
5881 5883
11612 11624
10780 10781
9202 9203
931 4605
11004 11005
6038 6039
8095 11166
5806 7233
5256 7227
68 3231
7885 11213
6282 11436
480 1309
6244 6245
2857 4943
729 1967
8758 8759
8016 8018
5211 5214
5464 5466
5869 11628
9739 9740
9197 9207
3156 5585
4483 8109
38 602
2446 10081
144 4664
11366 11367
6569 6570
7878 7881
6226 11014
3226 10081
2314 3800
3460 7965
9964 9965
6462 6465
3889 3890
1350 3340
7788 7789
4555 4557
3460 7966
543 5270
480 8271
6786 9260
10675 10676
5713 5715
7373 7374
4897 4899
6491 9721
3604 5554
7291 7293
6964 8472
7923 7924
54 7102
3258 10088
11303 11344
941 2255
1229 6096
479 9506
3836 7092
10147 11626
10872 10873
201 4624
2233 11769
12019 12020
3476 5105
10380 10381
1328 4573
382 2709
198 4216
4340 4341
3837 3838
4623 5508
7429 7430
5584 5585
6934 9943
6231 6236
4847 8417
933 934
62 6524
6282 7755
9299 9304
3226 8675
11655 11656
48 7207
7877 7882
3590 3591
4107 4355
10389 10390
2660 8033
5304 5306
9513 9514
6 2367
4389 4803
8839 8841
4303 4304
1777 5099
914 1250
4125 7231
5566 5567
6279 9494
11583 11586
11609 11634
1211 1635
6001 6004
2702 4808
6685 9334
252 7507
2314 9303
112 6946
4346 5058
4904 7884
218 2577
6984 6985
10337 10338
9469 9471
72 5705
1911 9108
4267 6424
428 11066
11611 11613
4552 8901
2217 3997
11881 11883
10080 11301
5861 5862
3836 7230
172 451
3155 4503
480 4358
8029 8031
11620 11623
2210 9531
7331 7334
11616 11632
2925 3284
10727 10730
4589 6607
1315 1316
1953 11940
11614 11615
2283 8462
3811 8911
5192 5193
507 6674
507 9700
9313 9314
6453 9752
11941 11942
4498 9195
7526 7527
9300 9303
809 1211
4498 9206
6157 9831
11195 11196
6542 10707
9621 9623
8180 8181
1211 6586
716 7102
4859 9723
5181 5183
412 9016
4434 4435
9195 9197
1668 6037
7778 7780
7921 7922
11508 11510
5132 11439
9471 11585
593 6525
428 11069
9419 10995
573 844
2660 10502
512 3156
8203 8204
4541 10364
1275 2217
4553 8900
157 8043
260 5621
5305 5313
9202 9204
207 7507
1967 3069
6714 6718
2025 5751
4162 4164
4607 9080
1731 9531
2367 4421
12163 12165
4642 4732
7120 7502
3341 8911
6276 6277
144 1579
10906 10907
287 5288
5631 7437
8023 8640
4676 4677
9316 9318
7860 7861
895 4663
9650 9651
4635 4636
479 5820
1249 7879
6245 6247
3714 7850
5795 11584
1161 9678
477 478
4424 4427
2568 7587
479 5315
1692 3651
807 9678
2214 4949
10366 10368
8900 8901
782 10776
11945 11947
659 3454
4328 4329
4424 4428
6226 7342
286 3454
683 10492
4060 6349
10050 10051
172 720
4016 9028
975 4165
6078 6079
11257 11886
9427 9428
4425 8211
11624 11632
5908 11989
5419 5421
304 4174
9203 9209
8178 8181
4468 6431
4990 7837
4690 4691
809 2242
4139 11196
78 2091
913 9821
2901 10473
8510 8511
4165 7323
1933 7161
4605 12085
3017 4269
809 4838
2845 7001
2278 7505
6119 6158
8169 10101
10596 10597
6394 7303
11779 11782
6788 6789
2007 9728
4262 8974
3579 9209
2426 4897
2855 7120
1407 4906
7333 7340
199 5808
269 7312
5029 10994
7196 9255
5777 5779
670 9174
90 1933
2798 2799
220 503
914 1249
2808 3886
5840 5842
151 168
718 4158
11711 11714
7885 8945
8663 11618
10992 10993
9428 9431
591 6200
72 318
4699 11256
37 382
7123 8501
9828 9829
6564 8561
10927 10928
9015 10429
1241 10810
10649 10754
6084 6086
9200 9205
578 1168
3782 11574
5648 5862
7226 9285
1563 1606
2828 3950
2120 5290
6873 6875
9085 9087
7776 7777
8425 11638
1234 8585
297 4246
12197 12199
9197 9203
3378 5734
9201 9208
4953 4956
11614 11622
7634 7635
416 4372
10147 11632
7865 7867
3655 3656
6648 11950
11971 11973
6334 11131
11620 11629
452 5287
3450 7284
8095 10116
9758 9760
9811 9812
2314 8265
715 11117
11610 11619
4684 7577
3797 11284
4856 11742
9680 9681
9197 9204
5313 5314
220 221
144 11680
1621 4558
481 3743
51 9209
7196 7197
218 10458
605 11465
1383 6677
9977 9979
11613 11622
5095 5096
1945 8561
4301 4303
745 5587
4160 5135
8017 8019
6030 6512
2851 4996
11620 11625
3389 6707
78 2873
8759 9302
8663 10147
1067 5293
422 1027
804 7312
1150 1621
8016 8019
8663 11632
3797 6026
7086 8470
4904 4906
1322 7418
10455 10456
2447 5170
11583 11585
260 1376
7336 7340
105 9476
382 6553
975 8271
1248 10413
8653 8654
3609 12131
7547 10902
11781 11782
7129 11040
382 3615
10729 10732
11609 11614
1034 4674
4050 4051
8799 8800
6078 6080
9385 10058
3023 11493
4453 4455
6776 8679
11618 11631
1 10419
8961 9827
636 10375
7878 7879
96 7861
4056 4057
4426 4428
4814 4816
10705 10707
6282 11373
583 1642
6595 8377
10680 11664
6191 6193
7634 7641
432 481
10404 10406
8823 11065
3202 3278
1020 6288
4846 4847
10811 10812
5654 6561
7335 7340
866 1484
1161 6119
218 2637
5883 6586
1093 3326
1942 4900
9198 9199
9173 11071
4177 5505
5622 5623
889 10442
1857 3057
48 4304
7704 7706
300 9727
6757 6759
1721 1723
3505 4685
1262 10929
5868 5870
1715 1717
5461 5462
9484 9486
726 6059
869 9422
1034 11605
2020 2022
1968 10304
6463 6467
11626 11631
5132 11440
6102 8353
269 7009
9084 9087
11622 11625
6964 8056
1478 9251
7085 7087
931 3482
54 807
5453 5455
1599 5563
4217 5809
24 691
807 9396
11148 11149
3483 4426
578 2855
83 3579
9196 9197
4426 4427
7885 11130
2314 13694
11325 11326
2314 3889
6375 9855
428 10481
7892 7895
2917 2918
1903 11950
7065 7066
7338 7341
5171 5172
9695 9704
9275 9276
8941 8943
6754 7018
452 2873
3604 5553
608 2857
4856 6572
5581 5582
51 9202
10365 11414
4303 4388
6103 6104
3188 4957
9207 9209
6107 6109
592 11744
4357 9577
107 6183
1262 6735
8770 8843
7139 7143
10107 11605
41 6883
1912 4356
1150 4556
2312 9429
2242 2341
9419 10990
6275 6276
1711 2567
9841 9843
11619 11625
511 6417
1649 9288
3006 5184
9870 9871
5528 8138
4165 9577
6909 6911
929 1444
251 1425
9198 9205
481 2799
6140 6142
11682 11683
5909 5910
1484 3341
270 4086
11612 11634
6139 6789
6659 10097
7508 7511
1681 10401
727 7438
269 7011
808 1234
83 4193
660 11195
9449 9451
11610 11627
4407 5745
927 11344
1364 3917
2172 4031
7237 7238
11943 12103
3058 11487
11618 11633
4419 4420
6375 6778
2539 5126
782 6783
382 1426
7335 7336
8823 11066
4677 4678
572 2172
10050 11437
1808 1809
2675 8512
2567 9278
1881 10107
5921 7411
10680 11163
4160 5133
507 10724
1903 4410
4263 10527
5851 5853
6156 6157
3799 8037
1211 9872
66 578
716 2074
6735 6736
1587 6693
2539 2540
5414 5446
5323 5327
455 7842
9551 9552
1942 8241
93 8783
54 3189
2427 6978
978 5439
7436 7438
1150 9563
144 1234
1724 8057
4056 4058
1817 5443
520 8794
4951 4955
8025 9101
220 2172
6394 10753
958 9484
6279 6280
5305 5315
8438 8439
6920 6923
6673 11066
4392 6516
11614 11623
8686 8687
4263 8974
3859 3860
479 1563
83 11606
5952 10076
1241 4644
888 7646
1362 1731
11500 11501
4304 4388
8482 11765
9510 9511
304 12148
11177 11178
11609 11632
8015 11494
10379 10382
5834 5835
4556 4561
1967 3016
90 9251
4263 10526
726 7304
83 2836
10335 10336
7491 8026
4433 4435
11631 11633
2367 7885
578 5402
6141 6153
4531 4532
39 5854
1807 9681
9148 9149
7541 7543
9275 11484
5706 5707
1851 9512
8944 8945
54 6607
28 9420
10970 10971
6673 11067
5675 5677
909 2870
1407 2434
5806 6388
4541 10365
46 1141
6104 11130
11611 11624
1211 5126
4155 9351
12147 12148
78 4321
54 572
54 7357
4667 7086
4193 10001
11605 11606
5453 5456
9299 9301
2873 10172
6918 8057
62 506
4806 11379
6930 6931
914 4356
7987 7988
6852 6853
2918 4677
710 1898
5141 5692
6141 6150
1378 3493
1911 4119
2367 6221
6818 6820
416 7877
3604 5623
11067 11071
8156 9192
4261 6489
4547 11070
1848 2578
3961 10617
12017 12019
5869 11624
8570 8573
83 11313
1777 8695
6 10759
6908 6910
5308 5316
9198 9201
7218 10080
2341 3967
502 503
7665 7668
5354 10678
4278 4281
5794 9057
9992 9993
505 5349
8407 8408
9988 9989
1747 11718
4745 4746
5304 5315
7525 11017
3533 5917
428 11071
201 3273
11587 11590
153 260
5791 5792
4416 4417
8404 8406
715 11609
9126 9127
452 3322
304 6690
6304 6305
1045 4850
9428 9430
4496 9792
479 6102
8630 8632
5777 11470
3285 3604
4953 4955
2225 6685
2708 5644
7492 7494
5625 5626
6234 6235
7878 7880
9751 9752
2340 2558
4261 10491
10565 10566
1827 9836
5996 6195
6981 6982
319 3484
2625 9082
4596 6302
90 1548
4684 9110
9197 9198
10987 10992
5306 5315
4560 4561
2046 9506
945 7104
502 2172
479 9056
7777 7780
41 2830
1689 1690
420 1045
1903 8806
11506 11510
2225 9733
3328 7860
10987 10990
397 3278
7404 7406
11616 11626
507 8267
2274 5947
10989 10994
5654 7543
4684 6547
5653 6553
11699 11700
7322 7360
9708 9710
11257 11885
7289 7291
591 11744
45 7228
7195 9570
684 11255
7967 9763
6709 6711
300 1350
4607 7480
1996 3848
7303 8093
684 6199
8478 8687
4182 5806
10772 10774
11621 11622
11621 11625
8416 8417
7779 7780
5191 5193
169 1034
10374 10375
52 11722
1587 4229
199 6567
5959 5960
11610 11612
9471 11584
8297 8301
4648 6994
6 7931
5482 11904
6 3278
9550 9554
543 5554
5683 9770
4580 4764
1128 7914
3812 10558
6199 9143
154 8270
3428 9807
2637 4307
2479 5745
7315 7316
5654 9212
54 2057
710 2255
6673 11070
2206 7283
7984 7985
8721 8723
5902 5903
4904 7885
8288 8295
9225 9226
3115 3117
5623 5624
6943 6945
428 11070
4955 6104
3205 4465
7952 8916
9195 9198
62 5794
10411 10414
1250 4900
4079 5290
4977 4979
8816 8843
1211 9871
5028 10991
8863 10295
3242 6429
481 10070
715 11612
54 90
572 1115
218 4061
3114 4820
172 3321
4949 5867
868 5796
4767 4926
6552 6553
61 112
5694 5695
3155 5361
14 5867
551 6112
1378 3494
10988 10996
9757 10227
5141 5697
2314 4016
6282 11296
715 11627
4856 11752
7871 7873
96 4066
1399 7255
4955 5414
2674 4132
5148 5355
9254 9255
9248 9305
1 5777
2652 4837
4261 4263
5305 5316
10773 10774
6918 6964
11617 11625
1067 1407
507 4955
3799 3800
6534 6702
8663 11615
100 9645
2901 9514
1680 6697
9518 9519
11712 11714
6568 6569
10036 10038
8990 9072
11611 11617
4951 6850
2206 7284
7011 7290
2314 11458
8102 12197
9299 9300
8596 10169
729 7823
10992 10994
260 1362
593 1642
397 9944
1 10418
715 11625
5309 5312
11400 11402
5811 5812
1599 5714
8838 8839
729 1309
6149 6153
5336 5338
4635 11495
7147 7148
8006 11287
3653 12101
505 3250
11283 11286
1484 8912
726 1587
2918 6182
199 8388
11066 11069
7777 9346
11284 11287
4552 5419
1193 1196
1877 2085
6039 6040
807 8169
11577 11579
958 2225
6246 6250
95 2503
9663 10466
1034 10107
2731 4396
7335 7338
1146 10459
11303 11347
317 2289
11607 11608
1706 5902
1633 4240
9301 9305
6245 6250
4129 4130
8288 8290
6940 6942
6952 6954
3782 4951
10989 10991
1093 7218
1362 9035
10147 11624
10388 10390
7488 7489
9915 9917
9347 9350
6279 6281
718 8571
3780 9108
5586 5588
1809 4381
9551 9554
5908 5911
10680 11421
5256 5258
5028 10993
5073 5503
77 6671
639 3890
1967 1968
9583 9585
7932 7944
2926 7452
10019 11437
1240 2057
422 3346
209 1130
172 9701
11612 11630
3114 4821
4328 4330
120 8766
9806 9807
7140 7142
1358 6697
4492 4493
4132 4649
11610 11633
508 4058
10147 11622
2314 6520
492 2341
7556 7558
932 935
54 5231
5371 5372
7195 9569
6092 6093
207 7646
3250 4938
4093 7226
1807 1809
1117 6401
6976 6977
287 10481
112 5110
683 4221
1322 7417
207 382
11613 11627
11616 11625
4837 9922
6035 6037
11604 11605
4486 4490
105 4972
10773 11605
395 8197
4392 4394
9476 12154
132 1020
1411 2973
9457 10814
179 4940
4498 9196
481 2488
11616 11634
11780 11781
2388 11133
11436 11437
3389 9470
1072 8912
3284 3782
5759 6060
1343 9080
5215 5256
7918 7919
12169 12170
7717 7719
2357 2979
11487 11488
8799 8991
8781 8782
1141 2223
3242 8053
5292 5293
96 3328
4905 4907
2388 6334
7332 7341
11188 11189
107 11782
4455 8677
7492 8025
3057 4859
7884 7885
2577 7102
592 9970
6183 7788
512 5585
9835 9836
4941 6847
3658 10264
3732 7124
11613 11618
7123 8569
1146 10458
636 2770
1861 5875
4687 10184
2314 6333
632 7164
2446 8028
5100 5101
1262 2091
5752 11100
2922 11580
766 10372
5534 5536
3533 4665
287 938
317 4607
2314 13695
7547 11946
5405 5407
6063 9029
5257 6103
715 8663
2004 2922
68 172
5096 7049
1445 8576
3242 5289
7990 7991
11914 11918
5593 5595
5849 5850
2108 5561
370 1819
452 2063
5307 5315
4193 8156
9134 9915
3284 10101
8377 8378
5154 7430
300 8940
6192 6196
635 9970
11618 11622
11348 11349
3651 11971
6 8052
3610 9091
543 6685
5095 6863
6249 6250
6191 6194
5312 5313
416 7879
11623 11626
7339 7341
479 1425
5805 9688
416 1621
41 10518
3284 9576
10670 10673
90 1105
9887 9888
12101 12102
1326 9598
5288 10479
2446 10673
808 2805
7879 7881
2273 4240
11323 11326
684 2808
93 6297
11611 11626
2074 12069
4398 4401
105 3580
6464 6467
5675 5676
2660 3812
1384 1385
9621 9622
8793 8794
3346 5794
5074 5075
715 11619
6715 6717
2848 3859
303 8029
1141 1549
218 7102
7327 7329
8554 8556
6392 6393
3579 9208
480 2632
287 8596
862 1057
172 6516
2820 6801
10679 11164
11455 11456
5692 5698
3239 3241
6198 6199
7494 8024
83 9206
5731 10054
8937 8938
7917 7918
7492 8023
38 6440
862 3858
1249 1942
4174 7986
1465 11595
4278 4279
7420 10906
5336 5339
6141 6154
5568 5569
2686 5919
6916 9992
5809 5810
370 10811
3231 8731
9223 9225
6735 10930
1851 7085
11610 11623
11332 11825
2312 2313
5404 5406
5150 10481
10552 10553
1211 2542
479 591
583 2609
7543 9212
287 10170
11585 11586
4914 11373
7123 10275
3670 7336
8889 8890
7988 7989
5363 8333
7252 11372
5585 5586
455 4539
5029 10993
5152 5153
1380 3493
4994 4995
3279 10466
11612 11617
766 2340
7944 7945
6029 6034
4421 4460
4556 4560
42 7407
866 1072
1034 3904
7692 7694
481 2024
3450 7283
6375 6386
466 1359
8511 9110
1168 3284
887 4859
77 6672
4229 5761
6913 6914
7326 8396
2534 3273
1692 7395
5344 5346
1953 3653
11298 11299
2246 2247
111 808
4568 7891
11611 11616
6711 6713
945 5233
507 5257
107 11779
9125 9128
5342 5344
8095 9897
715 11618
4304 7125
716 2577
6716 6717
4279 4281
5441 5442
4965 4966
2314 2315
1660 11950
10786 10789
507 5446
8829 8830
665 7121
728 4283
144 8585
4857 6573
7332 7333
11594 11938
11629 11631
6460 6465
517 2025
6279 11378
6588 11036
7331 7338
1072 7124
3512 3811
8183 8184
1849 5946
6231 6234
304 5037
1000 1001
2901 9513
5313 5316
6709 6714
11609 11620
4556 4559
543 3604
842 12113
66 7120
5554 5623
680 1903
2314 8656
4382 4632
5714 5717
11609 11629
1649 9238
11610 11614
4387 10552
7333 7339
4972 12166
5512 5513
434 6200
2447 5172
90 6374
11619 11624
4263 5132
8006 11286
975 2632
413 2217
451 7684
6905 6906
1817 5440
5509 5512
3891 3892
2920 4845
10107 10773
3389 6069
7290 7294
9085 9086
7871 7874
2025 6975
7844 7846
1746 11718
5793 6500
3340 6928
11615 11619
4866 9042
5817 5818
1211 1599
11650 11652
434 9519
11622 11626
4082 9503
887 1211
144 5574
507 11238
179 2135
323 983
1161 2479
9963 10068
573 6435
428 7782
868 11652
2873 5322
11595 11720
11856 11857
808 5111
543 9733
866 9344
127 468
8095 10675
2255 7866
10991 10994
2918 8478
5806 11363
5509 5513
6709 6717
1484 3732
42 4605
2314 4015
6077 6080
481 3387
711 2255
4559 4561
1380 1944
1660 8806
2003 9926
452 4321
11621 11633
397 9943
4174 4249
4488 4489
1587 6217
2161 9740
1376 4265
945 7103
6788 9260
5997 9246
1359 1361
5701 5702
1385 4481
4200 4201
1711 3189
8899 8900
2314 5811
3258 6243
4428 8207
6384 6385
809 9082
5883 7895
1807 9682
4622 10460
7236 8887
938 9678
3579 9199
5327 5328
8489 8490
547 4058
9302 9303
52 272
3588 3590
2917 8996
6106 6109
7777 7779
1723 1724
1068 11154
11612 11618
2289 4521
8477 8682
11656 11919
73 4929
317 4916
4392 10115
4539 7734
9086 9088
6556 6558
2799 7942
218 502
7867 7868
10519 10520
2485 2486
5972 5973
4076 8085
8029 8815
5619 5620
10325 10327
3944 11773
434 914
1843 7763
511 6747
5882 5883
272 6877
9427 9430
4457 4459
5469 5470
112 1572
3915 10419
1419 1751
2446 10670
10504 11165
8824 9173
5654 6553
11623 11631
11587 11589
8107 8181
9679 9681
434 591
1751 4947
6975 10045
507 5255
2388 11131
7526 9492
6435 6436
2314 3835
9825 9827
6786 6789
766 2558
3961 12088
11155 11156
2161 10312
2737 2738
2439 6374
4224 8347
8297 8300
941 7868
634 11591
1072 1130
4553 8842
4951 11721
1318 4165
2367 5290
2026 5751
9419 10987
8961 9825
9735 9736
5075 7146
720 10101
8675 10411
842 11815
54 1385
3987 4494
9411 9412
2702 5745
7458 10452
6387 11363
6650 6653
4596 4597
2443 5158
7334 7341
78 172
11218 11219
3284 4089
3579 8156
9757 10222
6302 6304
6918 8472
5562 10091
5562 11855
9235 9236
9825 9826
209 4608
7757 7987
2108 9111
809 4089
807 2062
3156 5586
5224 9647
96 420
869 6282
881 1920
7324 7325
300 1230
3799 6792
8937 8939
2786 2920
9582 9585
632 7162
4209 4212
1141 4629
8323 8324
3202 10835
1213 1537
9375 9378
11623 11630
591 4094
287 10479
6459 6460
7844 7845
3888 3889
7092 7228
6551 9056
2596 2597
481 4557
9664 10466
4499 4500
2225 9732
6230 6233
715 12114
1456 7813
7717 7718
231 2439
10814 10815
7845 7847
3641 4281
4309 4310
506 578
4016 9030
2609 7952
934 3805
9550 9552
6104 7885
583 1825
782 11702
111 720
6465 6467
6356 6358
10579 10580
1606 5820
698 6279
6038 6041
711 1898
4392 5262
11619 11629
10503 10504
416 4371
6355 7217
2446 10671
11343 11347
2213 6576
5941 5942
6443 6446
5210 5213
4525 4526
3246 4959
5097 5098
1034 1881
2020 5620
2873 5682
10411 10412
506 9396
10336 10339
2570 4938
479 2046
11713 11714
5692 5694
6374 7695
7194 9254
1849 8074
4488 4490
11066 11067
4425 8207
215 4381
11609 11619
11303 11345
583 591
477 3692
11621 11623
8323 8399
684 9472
317 2579
3505 6127
4332 4665
11624 11626
2314 9304
3533 3869
1621 5150
4452 4998
7271 7272
10987 10988
5846 5848
3554 8696
718 2229
1531 10272
5869 11617
8576 8577
209 8538
172 4951
10042 10043
11942 11943
260 4265
6712 6713
48 90
868 11651
2799 8584
2171 3842
17 573
2841 2854
8333 8334
10371 12120
10413 10414
10796 10797
7943 9702
5747 9152
6226 6228
7322 7359
11616 11633
2805 11261
11615 11623
66 297
4803 10829
3483 4607
1385 10566
5692 5697
1740 6460
6710 6711
5867 11987
3380 3528
3114 4822
3782 5913
4972 6217
551 4106
1420 6914
9494 9495
8823 11068
2025 6977
11945 11949
38 11718
1150 2108
1711 6607
8937 8940
7508 7509
4452 4996
11255 11256
1264 12135
4624 5508
216 382
7636 7640
7326 7327
2659 4602
4304 4390
2540 5126
2674 2675
9377 9378
1234 2543
428 5975
37 2822
2063 4321
434 5561
450 505
47 3836
4486 4489
1168 10101
551 3930
1248 8241
24 270
9727 9728
5335 5336
5456 5473
208 1751
2085 8570
8756 8759
3504 4385
7763 10099
7777 9347
543 3657
2059 2748
715 11623
874 4392
9456 9457
6747 6750
9757 10816
216 4381
3589 3590
8156 9208
5147 5148
40 251
9234 9237
874 1034
3389 8832
3782 12122
1364 6056
2026 2609
9419 10988
7491 8023
2908 10597
507 9921
6059 6060
1717 1718
4556 4558
6460 6467
3914 3916
11594 11720
9196 9199
5324 5326
7730 7983
9484 11255
1093 8027
9199 9204
591 9282
2707 2708
3240 5400
8630 8678
3239 12161
6249 6251
11610 11628
105 5427
801 2437
432 1328
6919 6924
6922 6924
10543 10544
5811 9248
8815 8845
2540 2541
394 6196
5256 7112
7855 7856
6355 11305
11333 11334
4246 4947
3651 9257
6469 6471
9693 9694
6632 6633
1660 9142
2754 5196
6207 6208
1628 5356
5535 5536
4685 7577
382 7009
2917 4677
12102 12103
9200 9203
4261 10527
218 5073
1385 10564
5505 5507
4592 6788
6561 9534
6093 7758
5974 11858
2274 2275
1248 2447
9503 9504
3799 4017
178 4011
9978 10038
4685 10391
729 1425
408 1411
6495 6496
11368 11369
2057 10171
10184 10185
5699 5700
5427 11601
7871 7875
6334 11132
2918 8995
6026 6442
6708 6716
7332 7334
1599 5713
6149 6154
8663 11634
8235 8236
4261 6928
152 2393
3533 6298
1444 9873
2660 3961
93 4663
6069 6707
506 641
6244 6251
4539 5789
2057 10457
8289 8290
8663 11610
2540 9486
7 5482
3389 8831
718 2829
8824 11066
698 869
2341 2342
3205 9015
3450 8417
3450 4540
2446 3226
8101 8102
2004 10679
8572 8573
3640 6156
2232 9620
3800 3801
11784 11786
3857 3860
592 593
4712 4714
3579 9200
7324 11742
8897 8898
479 5312
6156 9831
724 6207
209 1241
868 4520
3898 7716
266 6551
3571 7502
2289 4522
9224 9226
2312 9431
1275 7761
7236 8885
340 4268
8680 8681
801 5621
2006 9728
132 5700
5777 5778
4687 6169
8756 8758
4558 4560
5701 5703
3714 6002
2077 3580
7864 7867
4101 6347
3857 3859
5344 5347
2623 7937
1026 6795
6424 8563
11613 11616
2918 4676
11070 11071
7036 7037
11619 11626
10991 10995
6928 10491
5752 6309
218 5072
1621 1710
7070 7071
111 11261
157 8325
3914 3917
132 8867
1108 1712
5482 5528
716 1384
408 507
719 4124
11606 11608
2409 7822
1729 11213
9206 9208
11279 11280
10555 10556
2046 5308
958 4644
3450 11415
394 6195
2367 6220
7730 10934
4764 7528
5342 5346
6001 9281
83 495
4248 8766
698 2702
5566 5569
54 4061
300 1349
3811 4925
1350 10971
4612 5746
481 4554
4240 5947
6093 6194
683 9721
6462 6467
4596 6303
1484 7124
12014 12015
3870 4531
7280 11700
11614 11618
54 502
7877 7880
592 10330
6751 10099
1911 9536
8663 11609
4083 5902
10030 10032
6542 6543
9840 9841
715 11611
2632 8271
5239 6157
416 5970
796 10952
5439 9682
2730 9307
10037 10038
4958 8102
5600 5602
6106 6107
7286 9003
1549 2223
1584 7923
9046 9048
107 11436
90 9855
1383 1442
7635 7637
547 4056
7326 7329
1 11792
11614 11633
4856 6678
3064 9191
807 9083
2314 7904
6970 6971
3580 4975
5092 6589
6355 7889
10430 10431
7334 7338
11464 11466
6441 9178
9758 9759
4493 4494
1229 4622
5190 5192
807 2873
5308 5315
7967 7968
729 4479
4093 9285
3571 5612
11615 11621
90 7161
8507 8509
543 5551
3811 3813
1765 4078
9708 9709
11615 11631
2568 7580
7901 7903
428 927
5811 8759
5728 5731
4663 4665
8663 11625
10107 11607
8681 8682
3114 3116
2674 2676
6089 6780
54 272
6925 7161
5693 5696
3640 7522
691 1034
2873 5475
5805 5807
3483 8663
5304 5312
5029 10990
2798 11867
7953 7954
4613 4623
8961 9826
5840 5841
7949 9787
2830 6741
1746 1747
1067 1211
9035 11522
1034 3114
782 1861
6116 6119
2232 9618
11064 11065
3732 7125
10555 10557
507 6279
3583 8477
83 5652
11618 11625
7778 7779
8052 8053
4832 6879
1549 3292
4165 4166
6556 6557
809 8169
6756 6759
11940 12103
6449 6454
5255 5258
11617 11629
2540 3428
481 4561
5427 5428
7123 9483
7411 11474
8902 8904
5883 7893
11512 11513
408 7335
51 9201
3999 7430
11959 11960
840 3789
72 2679
2665 3284
2786 4845
10364 10365
5256 5415
1770 6789
4994 4997
926 4542
6157 10402
408 591
10679 11423
551 3279
10871 10873
6462 6464
207 1241
4663 6297
1116 7565
7547 11949
111 3284
77 6673
1770 9259
5171 10675
1072 1484
5212 5213
7289 7290
10826 10828
9019 9020
4950 4952
3258 4848
9117 9120
8183 8186
4629 8247
6850 6851
7877 7879
252 1809
11599 11600
5101 11990
9485 9486
5746 5747
1137 8397
11399 11401
5869 10147
4613 7770
4803 9123
1639 11515
11583 11584
1072 2225
660 1211
216 252
11809 11810
6649 6652
11780 11908
4165 4357
6679 6680
3609 3613
10295 10296
4950 4956
1250 10140
3834 3835
4664 4665
4829 6879
2914 10098
11624 11628
11655 11657
144 3533
1425 1967
5553 5554
10297 10298
457 480
2808 4356
543 3285
6918 8056
3022 3024
9348 9350
10813 10815
865 4472
665 8653
10619 10621
4663 5790
11618 11629
12016 12018
4243 6585
4553 5419
5935 5937
1977 4200
9550 9551
5415 5447
6895 12135
6920 6922
5224 5226
11621 11628
8663 11626
2748 2755
11857 11858
172 1168
4346 5059
3543 5073
715 1360
591 4218
6745 6750
11664 11665
2223 7010
591 1848
11609 11622
2367 4468
112 6062
1072 4720
2533 8829
24 324
6388 11363
6140 6141
4613 10906
1196 6751
2596 9753
5728 10054
3558 9360
2265 4544
6672 6673
9238 9288
1150 1948
6714 6715
9285 9286
6372 6373
1717 9347
201 5508
1933 7378
11333 11335
207 7268
605 808
2225 5551
7635 7640
8759 9249
2786 4846
10987 10989
1996 4568
4539 10311
6916 9976
8023 9102
977 7301
1248 7218
4346 8182
495 11313
213 2471
12101 12103
1249 1250
5306 5316
7844 7851
6994 6995
1819 1933
199 4382
3870 4532
39 10916
10617 12090
11625 11631
978 7860
543 9334
11711 11713
684 6198
4182 7080
517 10635
11941 11943
1022 6441
2312 9430
2446 10672
6951 6953
715 11616
5184 5185
2917 8997
10681 10683
4857 6572
344 397
2917 8477
512 5584
9974 9975
2265 4547
557 6365
3240 3241
1318 1606
1275 10918
5325 5326
11613 11614
10498 10499
5325 5327
3842 10650
2479 4407
4959 6672
6744 6750
11917 11918
218 10459
8561 8562
1751 3258
8759 9300
10147 11623
11620 11626
5256 6357
6516 11213
7337 7338
105 4863
1322 7334
1587 11769
83 2223
6056 7617
591 3016
565 3609
11628 11631
1022 9178
7960 10155
5204 9145
8106 8179
456 5190
716 5235
1642 2314
11215 11217
7778 10743
7142 11251
80 8696
7638 7641
8674 8676
4629 5621
3848 7891
1420 6916
4498 9205
37 1710
77 4959
42 1290
1081 1867
1248 7881
9746 9747
10989 10995
9195 9205
10786 10787
7331 7332
4994 4996
4101 6348
2314 6216
1249 7882
5533 5534
6309 11100
1350 2437
7010 7011
9195 9206
7276 7277
6486 10835
11246 11247
711 7865
11610 11625
83 9201
10933 10934
5233 7104
6246 6249
5028 10996
7917 7919
6302 6305
9871 9872
4904 8945
7918 7920
11972 11973
10337 10339
4685 8649
4320 4321
5300 8435
394 6197
2676 2731
8029 8030
8739 8740
1579 3888
1168 8169
9204 9208
605 11464
2447 12063
54 220
4996 4997
10889 10891
2799 3387
9375 9376
914 8241
1584 4782
9694 9704
54 4031
287 8169
45 3836
9173 11068
3651 11973
3579 9202
1249 7881
8766 8767
3340 3658
5329 5330
2446 10167
1660 9143
9195 9202
1445 5675
4778 4779
3483 5257
874 6686
2609 8916
9584 9585
5157 11167
3967 4156
42 4607
269 10270
5869 11618
8246 8248
3505 5549
6864 6865
4060 4101
8294 8295
4489 4490
551 3346
1164 5706
7548 7551
7873 7875
8718 8719
5778 5779
4544 4545
4941 6848
8015 11492
11672 11673
4603 4604
1944 7729
10099 10681
9300 9304
6227 6228
8816 8845
11827 11828
4890 4892
4699 6697
8838 8842
3581 9244
4229 6060
9152 10482
3240 7068
9197 9206
6 397
551 6267
9419 10993
1724 6963
9148 9151
4607 9724
9126 9128
565 782
2233 11556
105 7479
8276 8277
2314 3890
5778 6093
592 635
4390 4804
5778 5780
6346 6347
218 716
11365 11366
3505 8649
958 11257
3856 6542
6195 6196
2171 4307
840 6632
6801 7412
6130 6132
252 5654
6958 6959
2731 7242
9469 9470
9732 9733
12017 12020
2798 3387
2225 3657
7665 7666
3482 7480
2568 4107
8359 8360
9134 9135
11610 11634
4280 4281
3482 7967
517 5140
72 7480
6598 6599
9528 9529
2916 8675
3836 3837
207 3744
4055 8484
11618 11630
62 7201
2025 4354
9230 9713
5288 10480
9198 9207
480 975
2314 9300
6861 6862
7335 7339
344 7915
4914 6282
1819 2135
7020 7511
691 693
9735 9737
2007 8588
6783 6785
4667 5794
2446 7218
4427 4428
5344 5345
7606 7607
10683 10684
11873 11874
975 7277
7979 7980
4301 4304
5415 5446
6795 6796
287 5558
6710 6715
4766 5915
10080 10497
1372 4951
505 809
8283 8284
5224 5227
11344 11347
9924 9925
2973 5426
3664 7700
6469 10010
711 941
217 5231
2541 2542
209 4644
215 1808
1360 12135
4304 8101
6222 8247
698 10006
1412 2077
1211 3610
10033 10034
11615 11618
11609 11631
5171 5219
11609 11613
11492 11494
105 4862
698 2479
6230 6231
715 11630
8156 9199
6735 10929
5869 11631
4611 4612
2797 3387
5869 11615
9450 9451
3744 4166
5300 7966
5300 7964
9981 10036
12133 12178
6675 6676
2242 2873
219 3206
5762 5764
4978 4979
6449 6451
5150 6194
2367 4419
6874 6875
10673 12196
1378 1944
6230 6234
5349 5350
4837 7819
7964 7965
4139 11197
1770 4297
198 4632
6246 6247
2579 10490
10031 10032
726 4607
9148 9150
9552 9553
3789 3790
2868 4539
1150 4557
3641 4278
1808 3802
8941 8990
4808 5302
938 1161
207 7010
2676 4132
11619 11634
4217 4632
1248 8675
112 913
1211 3019
11615 11629
11616 11630
287 6971
4553 8899
5419 5420
11154 11155
2446 5419
8661 8662
5288 5558
2485 9274
9926 9927
11873 11875
2675 4132
4613 8351
9197 9202
1548 8902
3057 9274
83 9192
5171 9897
218 7791
3888 5867
8682 8683
6112 9092
6029 6033
5716 5717
9201 9203
9972 9973
3228 3229
7020 7509
2730 9306
5908 5910
1706 4011
3657 4523
6116 6117
10933 10935
7614 10270
8308 8312
8262 8263
6025 6026
7296 7297
8266 8267
54 809
506 3571
5562 9111
4193 7904
93 5790
8632 8633
6191 6197
260 9531
3714 6003
6849 6851
1264 6801
2754 10455
2197 7423
7788 12128
9814 9815
8435 10915
287 10101
7969 7970
6568 6570
6862 11075
6943 6944
7236 7238
17 7105
505 1161
4613 10907
11620 11632
5426 5429
8412 8413
5974 11856
4095 9283
4632 4633
6303 6304
2908 5164
6 42
1248 8240
8680 8682
96 5504
4160 4162
8899 8901
3258 4849
7788 9280
1599 4526
11610 11630
5354 5355
5323 5328
5447 11211
4261 5131
5223 5226
478 3692
885 12115
10147 11627
881 2223
3374 5738
5551 5622
4955 5257
60 61
4687 8787
8308 8310
1034 4942
5141 5696
5257 5414
72 9724
7123 10278
10534 10536
344 7935
4915 7935
6302 6303
3202 6486
8116 8117
2120 10101
1824 2223
1211 2367
1309 7614
507 10725
10036 10037
2798 10091
3856 6282
46 3732
3340 6490
932 933
4687 4688
10518 10520
8569 10276
4047 4048
502 8337
394 7758
6007 6008
3571 8418
7236 7237
10993 10995
1026 6796
2427 8140
260 3930
3930 9092
8297 8358
9665 10466
3368 4573
4198 9888
5099 8695
4837 9338
6746 6748
1660 4762
543 8324
8477 8680
8337 8421
3653 12102
1161 9082
5305 5311
11826 11827
6866 6867
6952 6953
3588 3589
11610 11613
5235 7103
1364 11295
719 4123
11619 11630
717 3057
12066 12067
6449 6452
6279 11295
5196 10171
3560 9360
7139 7140
5913 11574
4524 4525
11154 11156
7916 7920
322 983
231 7565
7420 10908
6151 6152
1350 10970
1264 4859
231 7564
958 5999
5420 5421
507 2076
727 7436
5729 5732
7333 7337
1214 4132
199 4632
721 10007
6708 6711
1498 9049
8165 8166
11397 11665
2680 7418
1587 5427
5419 10080
3797 6442
3484 4292
9979 9981
958 11886
7331 7341
4290 8195
4639 4640
2925 7452
11720 11938
5342 5347
572 888
505 807
6191 6196
2405 2635
6994 6996
10989 10990
4966 4967
931 4607
862 2062
5027 6511
551 2312
6862 11077
1358 1680
3528 9982
3477 5105
5420 8840
9195 9208
3640 10100
6913 6915
10754 10755
2437 10969
6459 6466
10681 10684
9197 9200
2287 3946
6461 6464
72 2680
1711 2748
2541 5126
1599 3019
1 7318
6708 6713
2244 2245
1425 7943
9149 9150
5534 5537
2077 12154
715 11617
6659 10096
11283 11287
1057 3857
4455 8678
1936 1937
83 9209
4278 4283
2443 5157
5952 7770
6247 6250
2836 9341
4665 6139
11252 11253
2543 6309
10670 12196
5304 5307
4302 4388
304 12147
2674 2731
7466 7467
3579 9204
7984 10573
2197 2199
8310 9105
8800 8991
11514 11517
3284 8303
2233 5761
10558 10559
432 766
5290 6429
711 7867
408 7332
4269 4270
3155 4903
9701 12028
4075 8085
54 3750
7730 7982
2568 4355
2446 10168
218 221
2046 5314
7199 7201
9346 9349
10656 11581
9709 9710
11163 11164
809 2822
3640 7606
112 11475
6730 10298
5869 11625
1385 2637
8038 8039
8677 8679
1540 5574
4553 8838
47 7228
48 252
11609 11615
4375 5681
207 7269
5761 6217
2367 8052
5793 9394
4181 4182
9804 9807
83 9208
2360 2808
1671 1672
2709 5644
1861 4320
7163 7164
5075 5077
456 5191
9647 9845
3258 7467
11954 11955
1861 6766
9978 9981
1407 2578
3022 9141
9303 9305
9059 9060
3493 7729
1827 3576
578 4088
7491 8941
6798 9312
416 1942
1348 6947
4890 11456
6460 6461
6937 6939
6459 6467
1718 5129
10907 10909
4605 7480
6928 6929
1412 10931
2680 5197
7547 8490
6231 6232
54 2803
7866 7868
10682 10684
866 2225
11064 11067
428 1710
455 10311
179 4083
4261 4262
42 7408
4867 8717
2577 7410
6941 6942
2660 12089
6169 8787
6029 6031
2439 7695
730 885
215 218
720 5215
1161 6116
6544 10053
5268 7416
9301 9304
6244 6247
231 6375
9277 10848
11914 11917
3475 3477
11611 11612
8043 8325
641 5215
4554 4558
1896 9150
5683 8739
8006 11282
5863 5864
11618 11619
543 4350
7491 7493
8024 10117
948 6310
720 2120
11619 11628
2543 6139
1548 6375
1150 2798
7719 7720
152 260
11616 11621
7407 9724
11106 11107
9923 9924
7636 7641
5805 9267
927 11347
5734 8734
8039 8041
5996 6197
11251 11253
4685 6001
4263 5131
60 112
172 9723
214 216
8159 8160
4965 4967
72 319
9352 11172
5549 8511
698 4808
229 230
1599 4524
11817 11818
159 745
5103 5105
5310 5314
8630 8631
219 2901
6659 6660
3812 10854
11589 11590
1248 1250
428 5974
8323 8400
5234 5235
5029 10995
7172 7526
54 55
4166 7323
866 9334
605 11467
479 1072
2627 9625
1862 6862
551 9428
11780 11907
4629 8248
914 5751
8596 10167
8462 8463
11668 11669
10632 10633
5807 7233
5289 5290
434 2024
874 4393
605 8495
2257 9150
9125 9126
578 3571
83 9199
1314 8433
7634 7824
9195 9204
11278 11281
45 1442
479 729
11609 11612
105 3961
6216 8656
479 5821
11611 11625
3528 9983
720 4089
1385 4061
1248 7882
7705 7706
6673 11068
1945 6563
11619 11622
5661 5662
1356 7026
6966 6968
5549 9110
5256 5446
2279 11313
6251 8662
7733 7734
8996 11556
48 416
7492 8024
11680 11682
4453 4456
4977 4978
1706 5903
7139 7142
9915 9916
4053 4054
315 7026
4950 4955
1364 6282
2343 11549
9197 9209
633 6991
1848 11745
4803 11975
729 9596
5747 10482
4596 6618
11618 11632
4950 4954
1196 10682
6919 6922
1537 3788
11611 11620
6032 6033
3189 9278
4168 11798
4420 4421
5923 7632
1314 4323
1710 2485
2214 4332
9829 11263
54 1711
4995 4998
8569 10275
11792 11793
6693 9385
1380 3494
1953 8423
6714 6716
1407 9700
1380 7729
11907 11908
297 11726
218 12069
6745 6749
6102 9056
11064 11071
10622 10623
6089 8034
3836 7229
5777 11468
511 6744
7556 7557
451 4321
4803 9122
7124 7125
958 4699
10679 10680
11680 11681
10991 10992
107 11781
9197 9205
1093 8028
3782 8169
11075 11076
4358 9577
3799 4016
11954 11956
3632 4850
9534 9962
1289 3533
3528 7885
2908 3655
6177 9338
6282 11295
7194 7195
5997 9247
11798 11800
1807 5439
2676 4131
999 1001
5594 5595
8156 9191
8184 8186
5527 6974
41 6176
6079 6080
7408 9829
8179 8181
5336 5337
4211 4212
216 7791
734 4931
208 209
8015 11491
1407 8931
408 8497
4161 4163
11509 11510
506 715
5695 5697
45 11689
1148 2727
5654 10945
865 866
3653 12103
831 2242
6181 11150
1492 4932
3858 3860
4425 8210
10773 11608
8689 8690
2838 3962
4218 9511
3156 5587
434 4372
4552 8838
3205 3996
10223 10879
7984 10391
37 10481
1717 9350
2108 2799
42 9871
172 2091
6156 7522
4867 8703
9202 9205
5747 6169
10730 10732
4686 4687
6141 6142
1967 4218
10479 10481
715 11632
4093 9286
8680 8686
62 172
6233 6234
6110 6111
7978 7980
6654 6655
53 1711
7524 7525
8816 8844
2070 5631
8823 11071
5869 8663
218 634
66 2731
9127 9128
144 4665
7372 7374
5307 5309
4304 5073
3633 4850
1453 1606
5867 7157
5533 5537
7777 7778
1057 2848
452 8303
11575 11576
8902 8903
7417 7418
4173 4174
10441 10442
4053 4062
10380 10382
1141 3292
11622 11631
745 5586
11611 11634
5462 5465
8358 8361
1356 6424
6322 6323
6194 6196
634 1385
4015 6063
5952 10617
8759 9305
11610 11620
8624 8627
1412 10932
4552 5418
7763 10682
1855 3057
452 2091
632 5752
11176 11177
10314 10342
7879 7880
2046 5312
3533 9762
6711 10373
1093 8073
479 6551
683 8911
764 766
6073 6074
11618 11621
5215 5402
8179 8180
3587 3590
207 250
6232 6236
3321 3322
11323 11327
2085 6381
8488 8490
4904 8944
6098 7836
1407 6069
578 994
83 5650
9300 9301
9199 9208
1093 2446
209 3979
887 8912
456 5192
8838 8840
2360 5117
2439 6778
7198 7199
1034 11988
10328 10329
5759 6217
5414 6104
1642 8264
479 5316
4101 6349
3992 4308
934 3804
4217 5810
481 1948
395 3202
11617 11620
8773 12122
5308 5309
10813 10814
7785 9114
1045 9809
9462 9464
1478 7695
7547 11945
1628 1819
434 2025
671 2855
728 4279
6798 9314
221 502
72 7407
315 6424
5262 6516
10095 10097
2274 2789
543 8323
6321 6322
698 4169
809 1067
3483 3484
4106 9057
6934 9944
4951 4954
1945 5538
591 1425
11117 11120
573 4583
4269 6060
7228 7229
6002 6003
9205 9208
11616 11620
5326 5328
10001 10002
11619 11623
5695 5696
7142 11252
5835 5836
7330 8393
1249 7878
5310 5316
4811 5108
9147 9149
6149 6151
1942 8240
4907 7883
941 7866
4498 9202
7892 7893
5058 5059
9200 9202
2731 6639
11609 11623
4559 4560
551 9429
517 1621
6744 6747
8500 8501
395 3915
3057 6516
2799 11867
83 9195
5363 8334
9235 9237
4668 4669
6710 6714
11613 11630
6525 7952
9173 11069
6463 6466
2748 5600
9573 9574
2225 5622
11610 11617
5469 5472
6234 6236
5426 5974
1248 7877
4547 8823
7393 7394
3579 9196
11614 11630
578 8731
8678 8679
864 1146
220 1115
539 9597
318 319
5310 5311
807 1211
6245 6249
83 11988
2686 5792
5130 7458
2135 4083
3604 5551
10969 10971
4605 7408
11610 11622
10068 10069
144 605
215 216
1660 1903
5345 5347
1193 10684
5505 5506
1710 7880
9462 11771
6059 6393
5205 5206
5225 5226
507 1364
1848 11744
5729 5731
4308 6279
807 2366
5108 9035
5046 5047
5683 8738
2314 6519
83 11608
3579 9198
900 9586
1364 11296
9119 9124
2335 2731
9346 9348
11609 11625
83 9198
3750 9308
2920 3240
11323 11325
4554 4555
37 1825
11324 11327
7328 8395
3856 4308
3663 5803
9108 9109
1263 6767
152 153
6707 10052
9203 9205
7642 7643
5572 5867
3428 9806
591 8916
3580 9476
3342 9006
428 8823
11514 11515
718 719
3999 5154
2748 5601
2973 5429
809 1161
3341 8912
4181 7080
54 2059
3341 3604
683 8912
5572 9802
9419 10989
5974 5975
1196 10685
105 3579
3450 10364
7491 7494
809 3482
7662 7664
5599 5600
10827 10828
10123 10124
72 1322
10992 10996
728 3834
887 1315
4972 9735
829 8315
1407 6068
2627 4939
8703 8705
4155 9352
9142 9143
3197 6486
6462 6466
1027 7502
2789 4240
8738 8739
9404 11221
5335 5337
7883 7884
1020 3525
9761 9763
105 1112
12187 12188
451 2873
4131 4132
1 4639
10656 11582
5669 6605
5669 9386
5420 8841
1 5262
4552 8841
12018 12020
41 6177
7598 7600
1549 4373
4062 4063
6063 9028
4907 7885
4083 4117
10147 11611
7823 11884
68 4395
5834 5836
172 3284
2342 8927
107 7789
4210 4211
1411 3454
455 10090
7331 7336
1196 1843
6975 6976
66 172
172 5216
8297 8299
571 8194
172 5402
6449 6450
8106 8181
1308 4578
2660 4925
9195 9203
5653 6552
11612 11626
11940 12102
2446 12196
10122 10124
11780 11909
7122 9748
1117 9082
11507 11508
10122 10123
9060 9061
5312 5316
9196 9202
3587 3589
5157 10555
9753 12029
807 874
591 5970
7788 12014
2848 3858
975 4166
8038 8041
105 2233
1211 1290
3992 4309
5311 5313
9976 9979
4425 4427
416 434
7085 7086
2731 4132
11940 11942
3802 3803
172 9722
10500 10501
6097 6098
9470 9471
8478 8680
11542 11543
639 2314
428 9173
5551 5623
4356 4935
8240 10140
4552 8899
11541 11542
11612 11622
7710 8220
4293 5148
8115 8117
7953 11115
4148 4944
11614 11629
10147 11630
7635 7638
551 10041
5028 10994
5482 11903
933 3804
4851 4852
5233 5235
270 9308
3205 4866
6178 6179
3483 5414
10016 10017
11628 11632
926 4454
9141 11491
11344 11346
2233 4972
17 385
2081 2082
5669 11717
5307 5308
5074 5077
2485 6240
10907 10908
6117 6118
7122 9749
269 7614
2485 8434
8156 9204
6712 6717
7226 9286
4341 4343
4629 8246
416 7880
2314 4267
3944 11771
1150 1362
1412 10779
6290 6292
4856 6089
7359 7361
68 6268
11597 11598
591 593
11622 11623
3640 3744
414 416
11940 11943
5869 11610
6914 6915
11511 11513
9968 9969
4339 4340
7491 7852
8306 8310
866 4515
105 9006
1549 8903
5223 5225
7865 7866
6279 6283
6028 6031
1740 6466
7575 9996
8393 8394
7603 7604
7547 8488
4428 8210
11630 11631
2797 11238
315 1356
3641 10542
252 2223
1548 8903
5869 11613
10303 10304
4598 4600
3346 11322
7724 9142
107 7788
517 2024
1494 2210
5361 5362
5581 5583
1707 6768
1432 2664
3205 9043
1213 2314
1150 4555
4820 4822
3328 5504
1121 7758
4229 6059
6247 6248
8903 8904
4308 6542
7638 7639
4578 4579
251 252
5875 6766
252 1426
5293 9215
54 4086
7436 7437
1220 3896
8805 8806
914 8240
54 1613
3057 7058
1660 6199
8477 8478
3482 9082
5650 5651
11256 11885
1649 6179
9196 9209
710 941
1540 5867
2797 2798
2135 2206
1385 2577
480 4166
3579 9205
3023 3024
4267 4268
4498 9200
958 1072
5744 8959
11211 11212
10006 10007
1019 5700
7960 10099
494 2342
7332 7335
5654 6552
4093 9284
512 5588
6489 6490
4280 4283
4592 6787
7123 9748
1851 9513
458 7842
370 10812
8311 8312
9034 9036
698 10267
691 9137
269 7010
10355 10356
2873 9578
8029 8844
7931 7936
4890 5437
3678 6169
83 1881
3670 7333
9199 9206
1572 5110
11065 11068
1068 11155
1241 10811
710 7864
9302 9304
11611 11627
9173 11064
42 9872
11065 11066
480 7276
3228 6711
4684 8369
591 11745
172 4859
5910 5911
3504 4384
1784 4082
9739 11884
6757 6758
1291 1359
1751 6681
2437 10970
4080 4081
4033 6603
1248 3326
7530 7531
5622 5624
4194 4195
1196 10099
7564 7565
1861 7405
1 11469
83 300
4648 6995
511 6746
226 4089
68 8730
5144 6513
5795 10019
41 6741
382 3375
4667 8781
6039 6041
1213 9249
1349 1350
10086 10534
3114 11607
9203 9204
90 7017
3856 11655
68 2731
4548 12003
3189 9279
7293 7294
7291 7292
11284 11288
5649 7897
3732 8101
1262 6534
862 2848
10556 10557
2045 4291
11621 11631
48 251
11618 11634
2702 4407
4301 4302
252 382
10295 11162
11682 11836
11700 11701
10647 10754
3292 4373
4293 5356
9016 9018
1572 5483
6808 10287
5888 11005
8863 10294
5252 5253
5029 10992
5440 5442
1263 1707
7122 7123
6604 6605
3930 6044
205 1262
51 3579
9199 9209
172 4089
6001 6003
72 7408
219 9514
2799 9702
11611 11618
6229 6230
578 8169
1638 6751
4194 8037
111 9701
782 3609
9745 9746
9779 9780
804 805
480 6546
5661 5663
5076 5077
11468 11469
10537 10538
6003 6004
6682 9109
4390 4803
976 4732
11666 11667
7943 8584
42 807
507 5447
1161 11154
3572 9411
975 4358
5654 7507
1896 9149
11613 11620
3017 4271
1548 10533
665 8652
3557 3558
6971 10667
5210 5214
2249 9760
5436 5437
6245 6251
54 2577
7064 7066
4907 8944
5239 6156
5883 7892
4796 4797
3205 11922
11624 11625
7334 7335
2427 8139
340 9249
5952 12088
5464 5465
5791 5919
