12477 12478
2011 12466
3170 12346
12435 12436
795 12841
12465 12466
985 12379
1157 12313
12401 12471
12230 12231
5044 13520
14253 14255
12690 12692
2335 13936
2283 12645
12550 12551
432 12646
1743 12760
13699 13700
673 12179
12689 12690
668 13622
453 13499
148 13462
37 12392
3056 12358
8177 13904
14252 14254
13741 13742
12655 12656
2196 12530
1922 13811
474 12420
208 209
2091 12656
765 12255
12392 12664
2495 3733
13639 13640
469 8864
45 46
12691 12693
10483 12379
11564 12252
12247 12537
152 153
12286 13626
1654 13622
1743 12392
2408 13520
765 1763
13816 13817
12392 12451
13505 13506
13914 13916
317 12241
12570 12571
730 12391
5600 12822
2748 12819
1833 2538
13831 13832
12712 12726
12499 12500
124 12441
13719 13721
765 866
13829 13830
12712 13817
38 1228
12245 12267
1211 14257
12663 12664
53 218
12377 12378
148 13461
730 1738
13936 13938
1992 12583
1000 12353
38 1747
12209 12210
13516 13517
1654 12665
985 12378
464 12471
8177 12263
218 12466
2335 13937
7624 7625
795 796
730 1543
2199 12713
13607 13608
94 2748
2004 5427
795 3290
53 12465
317 12492
866 12626
577 13720
12689 12693
12210 12211
3170 12347
730 12392
1654 12563
2179 12567
14249 14250
2011 12465
3558 3576
12473 12548
2788 12268
12354 12355
765 7517
1922 12471
13897 13898
435 12648
13831 13833
1814 2538
8177 13903
2091 12655
5427 12474
12326 12327
2495 2908
13937 13938
12268 13624
12646 12648
13938 13939
1211 12499
12229 12230
12268 13625
360 12339
10742 12656
241 467
12647 12648
10121 13751
37 1228
1814 1833
12844 12846
1738 12392
38 12760
7625 12724
1654 12704
730 1747
12481 12482
12286 13637
12391 12516
1829 13519
553 12819
1228 1738
149 12633
1810 13463
2283 12644
1973 12492
1992 5843
12291 12292
2226 12550
553 12530
37 1747
12471 12472
13463 13464
7624 12724
38 1743
12377 12379
2296 12665
1468 12846
1577 12420
12326 12328
1211 12500
553 2748
14240 14241
202 12760
12786 12787
695 1684
1577 12493
432 12647
557 626
730 12516
37 12760
7315 12212
13913 13914
38 12392
37 202
1814 12376
446 12412
2091 10742
12500 14257
12255 12256
94 12819
474 1577
319 1308
2003 5427
218 12465
13465 13466
12507 12508
2739 12949
12594 12638
1228 1743
202 730
13901 13902
12690 12691
37 12517
1945 12814
7315 13806
1747 12392
11564 12253
12392 12760
132 2697
1468 12844
606 12509
435 12647
205 946
12327 12328
1654 6666
5600 12821
12221 12222
12712 12727
12247 12248
557 13640
1738 12760
1706 12681
446 12515
1654 13621
12248 12537
453 13498
1228 12392
12814 12815
13520 13942
38 730
12392 12663
12643 13561
45 866
380 12505
12412 12515
13937 13939
12287 13586
218 2011
12785 13918
12844 12845
1000 13506
14254 14256
12286 13561
453 13562
12252 12253
12505 13257
380 13257
557 2495
1157 13554
553 12805
13623 13624
1738 1743
12212 13806
5843 12583
12845 12846
13700 13701
730 12729
13897 13903
1228 12760
12498 12499
13719 13720
12220 12221
38 202
553 12643
577 13719
53 2011
553 12440
12251 12252
13700 13702
14253 14256
606 12508
94 553
13624 13625
577 13721
2495 12695
2441 12508
2004 12804
202 1743
12292 12743
13499 13500
4626 12265
123 12254
12355 13505
2004 12670
12516 12517
37 38
1316 9588
2179 12568
12691 12692
5755 12569
317 1973
46 866
765 12257
13699 13702
12594 12639
13466 13467
464 1922
2196 12805
730 1743
12712 13816
1531 13942
1543 12729
12229 12231
13720 13721
10121 13752
1810 13464
12785 12786
13498 13499
1211 12498
14253 14254
94 12642
730 12760
202 12392
1441 12292
2408 5044
12632 12633
668 13621
1531 1829
5757 12569
13896 13903
72 317
51 52
2318 2788
13915 13916
12179 12471
14255 14256
12212 13803
12392 12517
924 13751
12353 12355
13914 13915
14254 14255
12689 12692
13623 13625
12353 12354
123 12219
6433 12521
12638 12639
13936 13937
12179 12472
13614 13615
14252 14255
606 2441
2788 12269
5115 12314
7517 12626
553 13586
557 2908
12498 12500
12268 12269
37 1738
985 10483
13804 13805
12508 12509
13897 13904
10742 12655
13802 13803
606 12507
1654 2296
1531 5044
765 12626
2496 3733
745 12391
149 12632
5044 13942
553 2196
1468 12845
13701 13702
3038 13532
3558 12654
557 13639
37 12451
13896 13904
673 12471
435 12646
37 745
730 745
9113 12262
553 12287
202 12664
13498 13500
2495 2496
13832 13833
765 12256
