1328 4565
14204 14213
14209 14213
868 4520
6673 11069
9834 14228
38 1743
14219 14224
14209 14217
172 14103
8135 8136
317 1911
14210 14225
1894 11980
5729 5730
1005 1006
861 862
455 4976
938 13899
90 9251
14211 14216
754 1809
422 2712
9236 9237
1067 1069
3254 3257
591 4092
1291 8493
14198 14230
1966 14161
172 863
9850 9851
859 861
14189 14230
2197 2198
698 703
659 660
14218 14223
729 3535
578 2713
14199 14217
4093 4095
876 5589
4815 11815
3382 3384
14201 14211
13964 13967
14203 14210
6202 6205
14188 14201
3384 3385
14205 14209
1084 6270
14187 14218
54 220
407 1363
664 667
373 12844
14197 14208
14193 14216
7707 7708
5484 5485
4261 10491
1194 1196
14189 14227
14193 14226
14 1144
397 9944
7791 11361
14214 14217
1120 1413
1193 1194
14187 14224
5485 5487
10712 10714
14193 14222
591 3670
14197 14203
14215 14227
1019 3525
8521 8523
8823 11069
1763 5488
1168 8169
812 8135
1577 13895
14221 14225
14217 14226
4481 5741
2815 2816
8526 8527
53 54
3189 4067
1763 1839
14201 14203
14200 14222
14191 14219
9108 9536
14217 14220
14214 14220
39 11111
5653 5654
730 2838
2436 2438
1913 1914
10453 10454
4196 4198
14200 14225
300 2135
14201 14229
7295 8269
5873 5874
733 5374
1903 2637
124 8134
699 703
251 11670
3321 3322
14199 14215
657 661
3190 13435
14197 14216
887 3057
6990 6991
807 809
14214 14219
1001 2213
434 3445
2814 8027
8565 8567
7809 7811
2680 7418
4439 4441
5576 5579
1141 9135
14184 14210
9988 14203
103 107
1807 1808
14205 14220
14188 14198
5728 5730
2436 2437
9557 9558
14128 14130
1385 2171
14186 14226
14203 14224
2124 2125
14223 14230
800 801
1912 1916
10300 10301
5576 5578
591 2688
4547 11068
2265 5816
507 6270
2318 14231
4268 6424
300 2836
804 4479
2191 2193
3255 3257
14203 14213
11067 11068
340 7904
9173 11064
2675 9558
925 926
2442 5643
14200 14208
14185 14208
78 172
14196 14208
2275 2789
7791 8694
14205 14227
9988 14218
7932 7944
1326 9107
1724 8472
172 5215
9266 14140
1838 1839
14054 14055
48 1484
2446 10170
14139 14141
61 2271
14200 14207
14204 14210
14191 14214
6530 6531
14140 14142
4234 13953
1 13972
5502 5503
9988 14219
1211 5126
12459 12460
782 783
14211 14213
428 8824
14186 14228
1168 1169
8493 11360
633 6991
6673 11070
592 2044
11799 11800
14223 14224
14189 14195
46 684
2855 4131
8565 10839
760 2471
9988 14190
14190 14197
14207 14222
4769 4770
2041 2208
14201 14210
218 3750
1545 2275
172 3284
5021 10301
657 659
5020 10841
4240 4243
3190 14033
14189 14199
271 9833
591 4095
14215 14228
14196 14230
14191 14211
14187 14221
14195 14200
14188 14194
631 633
5323 5324
14206 14219
5461 5464
4236 4237
11780 11909
816 1317
14202 14211
1543 2275
14193 14199
3789 3792
3780 9108
14198 14222
14207 14228
112 590
72 14055
218 8493
370 2400
5021 6337
905 906
14187 14199
3072 3074
5540 5542
2171 3750
14203 14229
2687 2688
14191 14207
434 517
14223 14226
9988 14212
408 507
14211 14218
592 3670
14194 14208
14189 14194
3073 8321
3381 3385
298 3190
494 1313
14195 14230
3073 3074
1327 2667
2939 12851
172 686
14210 14213
495 1660
14217 14230
812 8136
1710 7880
3340 4261
2639 4837
14204 14206
4969 14139
14213 14228
607 608
8664 8665
481 4165
1328 2666
46 1350
2731 7243
14192 14203
14202 14208
14246 14248
14184 14191
578 2641
1953 1965
14188 14211
1445 7082
2944 2947
14206 14217
591 2386
9988 14197
1548 1917
6204 6205
1193 1196
14202 14220
428 11070
5539 5542
19 13919
660 661
2917 4677
9444 9445
14186 14207
48 6374
2836 3375
14199 14226
4182 5806
578 3571
14191 14195
14193 14195
591 592
459 461
5479 5480
14213 14229
11066 11071
14193 14196
2190 2193
5539 5540
14199 14208
4969 14141
626 1317
10050 10051
4237 5857
14201 14219
14247 14248
317 2627
721 1411
14196 14210
843 844
632 1572
6374 9251
6288 11740
4655 4656
543 1155
573 1191
1519 2797
1808 14113
14184 14198
782 1069
5484 5486
782 1711
999 6576
2717 14171
14219 14228
14201 14225
1385 10566
2171 3842
791 14180
591 2385
4240 4242
2824 2825
2814 3146
14187 14223
3321 6240
8824 11066
14196 14200
713 3786
10975 10976
682 4717
14184 14212
14187 14190
1894 14064
14186 14199
14207 14220
14213 14230
1572 5111
9443 9447
13929 14175
124 812
5641 5643
14196 14218
14184 14226
14202 14209
1385 2803
300 2634
1291 11361
14185 14217
14195 14217
9988 14207
8566 8567
2577 6216
859 863
4127 4128
5541 5545
14202 14212
2441 5641
46 2634
5730 5731
1191 6737
14198 14223
597 869
14222 14225
1415 1417
132 1017
1045 13390
14186 14201
5498 5499
14199 14207
382 6552
905 908
876 901
14191 14200
2198 2201
14205 14219
9834 14230
14184 14208
112 808
8596 10169
14207 14227
14193 14206
17 573
252 1426
14218 14226
6311 10301
88 754
658 659
14189 14196
4481 6622
4437 4439
230 7904
1963 3670
4717 9809
7791 11360
218 4381
2674 2676
96 1660
4095 4096
2454 5498
3070 3071
14200 14206
14210 14221
589 593
14209 14229
395 9581
1196 10155
12049 12050
3071 3073
9988 14201
220 1384
14191 14230
14212 14213
9834 14194
14213 14226
3444 3446
1150 1621
1950 1951
14194 14207
300 1819
39 40
14209 14212
671 5759
2679 2680
7297 8268
14192 14218
218 3543
1360 1361
14187 14194
3595 4888
2675 2731
2675 9557
1547 2563
178 4011
578 13116
1763 5486
14192 14193
6204 6206
5341 8575
218 8694
14208 14224
4653 4658
5654 7543
9834 14205
54 4104
4197 4199
3255 3258
14208 14223
4625 4627
6773 8664
14194 14226
578 4392
14201 14226
6489 9721
5020 10300
550 632
96 1659
754 5879
5461 5465
1765 5487
2638 13274
889 999
9834 14212
2197 2201
14185 14191
2547 2548
583 591
14191 14202
5462 5464
3380 13970
9834 14227
14186 14229
14198 14219
48 382
12474 12475
608 6723
14190 14227
592 1962
14200 14205
14185 14209
6420 6421
14187 14230
914 2026
90 1484
2446 8596
2676 8513
4864 4865
14191 14222
10060 10061
14216 14218
1228 2440
2009 4068
382 9534
9833 9834
1383 1385
1044 1045
14197 14215
11067 11071
14194 14227
14205 14218
4132 10563
416 7880
2639 2641
14184 14221
14217 14221
13682 13684
37 416
12047 12048
13906 13907
3205 3206
104 107
10714 10715
1168 9902
906 908
420 1660
292 293
1017 10620
54 782
14214 14228
14197 14218
1712 2803
213 516
1876 2386
2007 7708
1193 1195
3568 3569
42 4605
14204 14217
10071 10073
14191 14209
808 5111
14202 14216
4951 11574
360 5757
14199 14230
428 1818
5022 10840
9848 9850
14198 14227
14191 14216
14208 14211
14201 14205
260 2041
4268 8563
869 8452
14189 14217
14196 14201
14196 14216
6202 6203
14190 14206
14205 14214
904 905
5020 6337
14213 14216
14128 14129
14195 14196
172 671
1621 3212
2062 2625
12460 13045
9988 14216
14184 14189
3380 13971
578 2640
48 6846
14196 14213
9446 9448
7296 8269
2979 3495
4261 5132
14195 14223
5324 5325
10099 10155
4240 4244
37 868
481 3387
14199 14225
4438 4440
8824 11064
5541 5542
14212 14216
585 4605
5021 6311
14215 14220
14193 14200
885 12115
14179 14180
5759 5760
1211 2873
450 901
11360 11362
4653 4659
14207 14224
1903 8806
14225 14229
5324 5327
11064 11067
1704 6732
3750 6339
428 8823
218 220
14212 14220
5021 10841
931 14432
14432 14433
13947 13951
48 251
14224 14226
8520 8522
370 1241
14228 14230
14203 14226
7753 7754
3789 3790
578 669
9443 9445
555 13921
862 864
14211 14214
4394 13142
14196 14202
154 156
450 506
14201 14209
1946 1949
4094 4095
412 10562
13971 13972
4242 4244
608 2815
291 295
14206 14215
304 10700
577 578
14207 14229
14195 14207
5573 5574
14207 14215
1548 1914
11780 11907
887 8912
14201 14212
14253 14254
14221 14226
5463 5466
14184 14199
14205 14221
166 167
615 2667
421 2046
252 300
14208 14222
2286 2334
14212 14226
9917 13955
13945 13950
2367 4393
1196 13117
450 1291
3505 3508
631 632
14224 14229
9533 9534
615 1328
14188 14227
14184 14186
9988 14198
2041 8948
53 2803
1484 1661
3850 7744
5575 5579
666 667
10168 10170
1863 1865
14184 14209
14213 14214
8823 8824
9834 14224
1359 1360
14186 14200
5462 5463
907 908
218 2637
4132 8516
7828 7829
829 1870
7277 9444
14193 14212
1911 14055
506 578
781 782
14253 14256
8823 11065
14197 14222
1328 2665
857 858
873 901
615 1962
1248 8027
5480 5481
480 1150
4440 4616
805 5919
13945 13952
6648 11950
2675 4533
6673 11065
3505 3506
2709 5654
1383 1904
8564 8567
591 7338
132 1019
155 156
178 13215
105 1848
14189 14193
14190 14229
1839 1840
14219 14225
2709 7507
14202 14229
172 670
9460 14171
1004 1006
416 1710
2006 4438
809 2234
14192 14199
3240 3241
1356 3567
3328 5504
591 1961
1746 6439
3254 3256
9834 14187
9173 11069
14186 14214
5403 5407
428 1108
13966 13967
1952 1965
3340 10491
1150 3387
1262 2091
14188 14199
14184 14190
14252 14256
46 4763
591 7332
14188 14205
1045 3632
4237 4239
14209 14225
4244 4245
220 2074
901 13142
2717 9460
11798 11799
1338 1339
270 6339
10453 13814
4093 4094
4547 11070
1019 5700
4653 4655
14184 14220
4242 4245
592 1748
4241 4243
13116 14103
14186 14217
4209 4212
14199 14200
6082 8467
1863 7352
1950 1952
2814 3326
782 807
3328 5503
14184 14215
87 791
14187 14214
550 13782
804 3535
590 593
2125 2126
172 1262
842 4815
2676 4131
1020 2803
1081 2362
7173 8517
7026 8563
4859 6240
11065 11068
105 107
14186 14208
10059 10060
8655 8656
14197 14212
5323 5326
1211 2540
578 861
578 863
38 1747
592 13874
9266 14142
4234 4237
4969 9266
4627 9027
6026 6027
14186 14189
1045 4850
6424 7026
481 3212
105 1847
317 592
5582 5583
340 6424
873 5589
14191 14196
11064 11065
54 898
9988 14224
14129 14130
5487 5488
8320 8321
14202 14219
782 11702
14202 14210
1411 7977
782 10776
887 3284
14186 14198
11439 11440
14202 14226
14206 14224
19 13920
2361 2362
48 1426
10059 10062
37 869
2007 4439
7343 7344
300 805
665 666
1164 1165
9988 14187
3599 3600
13951 13952
14190 14214
169 1540
5502 5504
172 2639
1763 1840
14195 14214
14215 14225
395 8197
7242 7243
1248 2814
4240 4245
14198 14202
839 1668
229 2437
3567 3569
5974 9135
252 3375
1315 13390
14185 14194
874 3571
14204 14227
591 2686
578 670
2797 5761
5731 5732
14225 14227
578 5215
14212 14222
791 2125
867 868
9988 14223
14227 14229
4717 4850
5541 5543
5022 10841
6311 10299
14188 14203
3596 3597
7707 7709
5575 5577
1081 1867
1545 14079
14191 14205
14189 14228
14201 14216
2367 3131
2007 4616
2007 4440
14193 14198
721 1372
1653 1654
14198 14214
14205 14228
13899 13900
5406 5407
591 2905
14186 14216
7173 8518
9834 14213
9234 9237
54 1383
14199 14224
5323 5328
14192 14225
6561 9153
14215 14230
1911 2824
14195 14202
6622 6623
218 4481
5653 6553
5405 5407
13 3255
573 843
2006 7709
5020 10840
659 661
5654 9533
14226 14230
112 5110
1585 1587
4132 4533
14184 14224
428 1107
729 2046
14202 14230
1327 2665
782 5288
5543 5545
6203 6204
3071 3074
1098 4436
4236 4239
6201 6202
6202 6206
7552 10029
9988 14215
257 2321
13000 13243
3850 7743
1576 13895
14191 14218
14196 14224
1549 1913
78 2506
781 783
14188 14190
14187 14193
10975 10978
14193 14214
14194 14200
1912 1913
14203 14217
4438 4439
634 4481
1195 1746
4237 5858
291 293
13946 13951
4197 4198
36 38
1546 1548
1383 2637
8197 9581
14189 14207
14202 14224
4437 4438
3206 5438
317 727
1947 1949
9988 14213
6201 6203
2190 2192
1385 1711
2046 4482
156 730
1689 1690
266 267
2024 2025
492 2242
842 2002
455 456
804 4482
17 132
432 433
8824 9173
14128 14131
8664 8667
1326 3663
218 1904
14191 14192
6732 6733
872 875
2639 13274
1660 8805
1876 2385
14223 14225
9849 9851
3602 3603
2831 7977
7295 7297
2357 3495
14193 14201
9988 14208
172 864
14222 14227
688 689
887 4859
14196 14229
5729 5731
2632 5582
340 4267
416 1621
6339 11997
14189 14218
217 407
87 2126
14196 14226
3870 3872
14206 14207
5589 5590
14189 14226
5542 5544
1262 3321
3016 5791
6529 6531
10049 10050
889 1001
5581 5583
3380 13972
9834 14206
452 1145
1148 1150
14208 14216
591 615
481 1949
14212 14230
3256 3258
172 669
14189 14197
4234 4239
573 6737
1 657
578 876
14198 14205
1501 1502
9988 14204
686 687
3483 8663
2632 5581
495 1904
14203 14211
5479 5481
14197 14210
14200 14227
39 11110
54 6622
2917 4676
1963 3568
54 217
300 804
869 870
2837 2838
4241 4242
3802 4232
54 6623
14141 14142
14221 14230
172 4951
4268 7026
14197 14220
3597 3600
13964 13965
665 667
10711 10715
8564 8566
1141 9134
14189 14216
3256 3257
14193 14219
2717 14169
14206 14210
5465 5466
104 105
1947 2115
804 5919
14238 14239
434 481
10167 10168
87 2124
13974 13976
14203 14215
3284 4859
764 766
4685 6547
816 9421
19 2161
14197 14200
2386 2905
153 166
5890 5891
14205 14212
14189 14219
6731 6732
14189 14224
8466 8467
1077 1093
412 2731
10168 10169
14218 14227
14201 14202
9834 14208
11069 11070
3594 3599
3750 6338
1228 2441
4655 4657
96 1315
2007 7709
14195 14228
4235 4236
2675 2676
14204 14220
47 683
8824 11070
481 1948
14198 14229
14186 14193
53 3258
14216 14224
14190 14199
807 2873
6285 6286
14188 14208
2442 8688
2171 4104
999 1000
37 5150
1809 14113
2665 2668
354 355
4093 7752
14186 14224
5403 5406
6418 6419
7531 7532
14185 14202
14195 14201
914 10306
14213 14222
14209 14227
2275 14079
14202 14222
1587 2070
2548 2550
4437 4440
14190 14210
96 1484
2676 4132
172 3385
13946 13947
292 295
10109 10110
1947 1948
868 869
5276 5278
494 3967
112 591
2977 2978
8522 8523
2676 4533
14184 14207
583 2943
904 907
1546 1549
213 760
5791 5919
112 5111
13919 13920
710 711
8541 8542
2191 2192
8567 10839
2070 2071
1000 1001
14184 14197
14184 14187
2409 2410
14187 14197
2454 5501
14198 14224
1572 13782
1809 3803
13945 13951
14215 14229
14197 14201
3239 3241
14185 14186
1763 5487
14214 14221
578 1145
14202 14218
14188 14219
2006 4441
452 1518
14219 14226
14189 14221
589 592
6773 8665
729 5919
4547 11071
1952 1953
5277 5278
2946 2947
508 509
14193 14229
14194 14196
428 11064
5539 5544
14206 14214
904 906
2939 12808
260 2208
14184 14230
40 252
4949 10776
14184 14193
5654 6553
2454 5499
3380 3383
53 3254
14185 14228
1951 1953
2274 2275
804 805
287 10168
14129 14131
14222 14224
10108 10109
13954 13958
14218 14224
3072 3073
14203 14218
14185 14188
734 1493
8564 10839
2712 2713
14194 14195
14186 14209
14196 14199
14192 14222
218 1385
3790 3791
428 9173
5215 5402
721 2854
14189 14209
14211 14223
450 578
2547 2549
14194 14223
5327 5328
11069 11071
3057 4859
13 3256
53 3255
14187 14198
3750 9308
14196 14220
14187 14228
14201 14215
14208 14229
7932 7945
14194 14219
72 3482
14191 14215
1704 6734
5325 5327
17 3353
412 10563
14202 14228
999 1001
1493 1494
6275 6276
2446 8028
2541 2542
1121 1413
14197 14214
421 804
1492 1493
591 5826
14194 14230
48 3375
14228 14229
14213 14217
426 13940
14191 14220
3131 5913
660 2668
4392 4393
14208 14220
14220 14223
14206 14213
14185 14219
14195 14222
615 2665
14190 14219
452 2638
591 1748
730 1543
14218 14225
14192 14220
14194 14229
2197 3319
3525 8867
14139 14140
809 2873
591 593
172 450
14213 14220
8134 8136
7475 8390
4393 4394
3594 3598
14194 14206
13947 13952
421 729
1808 1809
1518 1519
860 861
14184 14217
638 839
8451 8452
4969 14140
2675 4131
13947 13950
1384 1385
727 3528
159 5082
14185 14196
4768 4769
578 860
682 9809
257 2318
890 1758
14204 14207
4234 4235
5732 10054
230 340
317 13874
14188 14197
14195 14198
1763 5485
3595 3596
14200 14214
14209 14230
1549 1915
14216 14221
4104 4105
172 1264
14209 14226
14184 14195
3254 3258
5974 9134
14192 14211
734 1492
46 300
2367 2855
4267 8563
14191 14193
218 634
1519 5761
5668 6221
5654 10655
297 317
410 4035
10976 10978
167 168
872 873
397 9943
107 2071
5581 5582
1147 1150
4441 4616
14198 14217
13 3258
1143 1145
14210 14215
14227 14228
215 7791
419 420
2171 4105
14193 14228
3750 4307
14173 14174
831 2242
1291 7791
14056 14058
4951 5913
252 382
8521 8527
14194 14197
14187 14226
14210 14218
54 1904
1628 4293
9834 14220
13115 14103
4035 5341
14189 14222
47 407
7809 7812
9528 9529
1009 2454
8823 11070
4293 6409
506 5341
218 7102
9988 14222
450 4394
791 794
2273 2274
10776 11702
1876 1963
229 230
2367 6220
5571 5572
219 407
720 721
7708 7709
1077 8073
14098 14099
5132 11439
1547 1548
14203 14230
781 1067
172 5216
14211 14230
1911 9108
6203 6205
2803 6288
4605 4607
14196 14215
4657 4659
1147 1148
14201 14228
2674 2675
14198 14211
583 2044
37 1621
11955 11956
159 1108
4261 6491
1327 2668
1484 1660
2360 7350
2676 8516
5975 9135
9234 9236
3070 3073
14215 14219
782 1067
4949 5288
479 804
14206 14230
578 1518
768 2437
3071 3072
5461 5466
14208 14212
1765 1840
12757 13000
14192 14214
3596 3598
9834 14196
14196 14198
14191 14224
7161 8587
428 11068
1628 1819
2006 4437
14189 14202
5485 5488
2007 4437
172 1518
4658 4659
90 6374
671 1519
14252 14255
14187 14192
1867 7352
807 3227
14211 14224
8642 8643
14222 14226
172 861
1211 2539
4616 7708
3284 3321
3071 8321
5462 5466
1385 4307
698 702
412 2676
2539 2541
14184 14225
14203 14227
4653 4654
14217 14219
636 1668
942 943
14184 14205
1019 5699
2675 8516
5485 5486
9848 9851
2320 14231
589 1748
4438 4441
5498 5501
385 573
1385 2577
14212 14229
2873 5322
14204 14219
14184 14211
5020 10299
14188 14207
420 1659
14207 14225
492 4156
578 671
589 591
371 372
3321 4859
6552 6553
14191 14221
3057 3321
10620 13989
54 5742
13946 13948
1838 1840
9988 14220
6918 8472
40 3561
1876 3569
14202 14203
733 949
219 220
14190 14195
7343 7345
1001 6576
14191 14199
4055 8484
14186 14205
2540 2541
14148 14149
40 3562
1045 9809
14196 14217
14191 14212
1492 1494
904 908
9173 11068
684 1660
14198 14199
782 4949
834 7475
3543 5073
5288 11702
14197 14213
2360 2361
14205 14206
4209 4210
6311 10300
657 3380
1903 1904
13959 13960
1660 1904
10712 10713
14198 14215
14149 14150
5021 10840
14190 14201
1009 5498
799 3878
14196 14197
14188 14191
9834 14215
3381 3382
14194 14213
9834 14193
6731 6734
2539 2540
729 4479
14187 14209
13948 13949
1951 1952
14208 14219
270 9308
153 168
12459 14027
13948 13950
1763 3806
1548 1915
9917 13956
730 2275
7277 9447
477 3692
132 8867
5728 5729
1315 1316
1494 2210
3239 5806
8522 8525
287 10170
14185 14206
14193 14215
172 2638
1 3380
14194 14225
2873 7732
6419 6421
340 8563
1168 3384
782 3242
3482 8663
11954 11955
6673 11071
684 1155
4437 4441
3507 3508
5073 5504
14212 14221
1843 7763
14211 14225
5741 5742
14203 14204
10712 10715
14189 14200
1196 7763
807 938
382 2709
9266 14141
901 4394
5728 5732
1846 1847
14186 14192
4243 6585
1809 4232
4267 6424
660 2665
42 938
52 11722
172 5402
207 211
480 1621
812 8134
14185 14195
867 870
1765 5486
14215 14218
96 1045
665 1383
14199 14221
14219 14229
14190 14209
8321 8322
4126 4127
5889 5891
14217 14218
105 1587
14193 14202
657 13971
14199 14218
14195 14224
1949 2114
5324 5326
2242 4156
5215 5216
7810 7812
4093 7754
1338 1341
2920 3241
408 591
172 3384
1547 1913
14196 14205
209 1865
861 863
4653 4656
450 874
702 704
11067 11070
914 915
9988 14202
14204 14223
14193 14213
14 172
7332 7335
14190 14215
14211 14212
2814 7218
14200 14228
9834 14195
664 665
5571 5573
8596 10167
14190 14196
759 760
1876 2905
14184 14223
1547 1915
1876 3567
9988 14228
36 3464
4132 10562
14196 14214
1867 3979
124 8135
13950 13952
684 13370
2686 5792
6083 8466
434 1621
215 216
14198 14212
317 591
1356 3569
1020 3525
14221 14222
172 13116
146 5481
1328 2668
2446 7218
14204 14225
863 864
146 5480
2541 7517
9988 14184
412 4643
1385 4481
105 2070
14203 14222
1949 2116
14226 14228
2637 4307
207 572
1652 1654
14186 14212
13947 13948
4656 4659
1484 1659
5110 5111
14197 14204
40 48
40 11670
5791 5792
14200 14201
14194 14216
5578 5579
9943 9944
14201 14204
5403 5404
14191 14208
14169 14170
317 726
12807 12808
14197 14224
298 13435
1663 1664
615 1961
3380 3528
172 887
1327 2666
1921 1922
1211 2541
412 2675
54 6621
3070 3072
3598 3600
3383 3384
106 107
730 2835
578 1417
1914 1915
14215 14217
14202 14214
13921 13959
2639 2640
37 607
4437 4615
1660 1903
14225 14230
7335 7338
874 876
14206 14209
4067 4068
4093 4096
11110 11111
451 9391
14255 14256
1168 3385
54 3842
2341 3967
2505 2506
37 609
14189 14211
14184 14216
4240 4241
2197 3318
2111 2112
844 1191
2192 2193
5858 5859
1196 1843
578 4394
12772 13935
252 1425
4766 4767
14188 14224
1143 1144
867 1890
591 3568
14 1412
13905 13906
3568 3670
14098 14100
1865 7352
1328 14235
14184 14219
7277 9448
1808 14114
360 12339
103 106
2367 5668
9234 9235
2454 13921
14185 14223
14222 14228
9834 14203
4035 11778
3659 3660
5857 5859
14191 14204
1546 1547
14207 14209
9988 14193
14195 14213
727 3380
14203 14219
888 1765
2686 5919
218 4061
14189 14208
7751 7754
4438 4615
1 136
4236 4238
2091 3321
1009 5499
14206 14208
4393 5913
791 2126
132 3525
14210 14227
257 14231
5576 5577
669 671
54 407
4654 4659
9988 14221
683 3340
72 3483
14225 14226
14193 14230
859 862
9834 14221
48 1425
251 297
412 2674
14203 14209
2199 2201
420 1661
410 8575
382 5654
172 2091
4949 11702
842 1482
1746 1747
13947 13949
4615 4616
14200 14210
72 317
54 3750
2311 5092
2161 2956
2548 2549
412 8512
14216 14222
14190 14221
14185 14201
9834 14190
2835 2838
578 1168
14205 14230
14216 14229
14252 14253
14218 14230
14209 14218
251 1426
1652 1653
2226 2227
5653 6552
10305 10306
1194 1195
14186 14195
1765 5488
14185 14187
14184 14194
13045 14027
10169 10170
3057 4951
1951 1965
1621 1710
407 683
6673 11067
14191 14223
2009 4067
6254 7128
9834 14185
9403 14141
42 782
702 703
4210 4212
2539 2542
14185 14222
14204 14228
395 6270
8665 8667
271 9834
5404 5406
7811 7812
14207 14214
3190 14035
14185 14229
14187 14204
1765 5645
14204 14229
1360 2234
5640 5642
14192 14194
8520 8521
14185 14214
2446 8027
14194 14204
2639 13275
2091 4859
14212 14223
2917 2918
2799 11909
1484 9251
104 106
14060 14247
2665 2667
14193 14224
14222 14223
1168 3380
14195 14203
5325 5328
14185 14203
14187 14219
452 2820
3750 5208
698 700
3594 3600
3239 3240
660 1328
14187 14208
14199 14205
578 8169
9834 14225
636 638
14173 14175
1017 13989
914 10305
607 6724
1707 2062
8666 8667
591 13874
4805 4806
1195 7960
13945 13946
10700 10701
304 10701
759 2471
4481 6621
14209 14221
8522 8524
2814 8028
14206 14226
4437 4616
14227 14230
592 1963
13683 13684
2091 6240
1338 1340
14187 14191
14206 14216
14194 14218
6489 6491
492 2341
2665 2666
14189 14214
13945 13947
942 944
11065 11066
800 5490
14195 14206
14189 14203
730 14079
7826 7829
506 874
12047 12049
9988 14214
14216 14230
782 938
3596 3600
591 2044
172 1519
132 10620
14188 14202
5325 5326
9403 14142
4656 4658
2731 2855
14191 14229
14209 14224
905 907
3326 7218
124 8136
14185 14200
842 939
14184 14229
14215 14226
9173 11067
10167 10169
14184 14203
592 2688
2577 8656
774 1375
1911 8287
1819 4293
1876 3670
14191 14213
481 4166
395 1084
14189 14206
1948 2115
218 2074
14193 14205
9134 9135
1765 5485
1416 1417
14189 14201
1763 5645
14209 14219
5498 13959
14202 14217
14193 14209
4261 11439
6338 6339
10062 10063
13956 13958
14199 14209
2025 2026
1746 7960
3789 3791
14186 14203
9173 11065
10713 10714
5872 5874
14215 14223
1383 1384
8524 8526
4547 6673
6201 6204
14205 14215
11064 11069
2442 5642
5889 5890
3567 3568
1068 1069
1317 9421
9834 14218
96 420
10977 10979
5654 10945
3257 3258
592 13944
14208 14213
2676 2731
428 4547
11070 11071
683 10492
9988 14199
1913 1915
2674 4643
14254 14256
2844 3227
2441 5642
39 251
54 3543
632 1535
5575 5576
764 2340
1765 5484
477 478
14190 14225
11334 11335
14220 14228
293 295
209 211
291 4422
14207 14211
2242 3967
7826 7828
622 5914
842 2042
657 13972
1547 1912
14188 14225
14194 14217
3381 3384
217 220
1362 1363
14199 14227
10072 10073
4263 5132
14189 14225
14185 14207
1948 2114
1807 3802
13948 13951
14223 14229
114 4289
385 4548
4093 5826
14189 14215
3597 3599
2114 2116
700 702
766 2558
3443 3446
40 251
809 1211
6216 8656
686 688
1383 1903
14200 14211
46 1660
14201 14208
2026 5751
8823 9173
3632 4850
14057 14059
2666 2667
1660 8806
3340 8912
2271 2272
578 5402
270 4086
382 1425
14196 14204
4234 4236
592 4096
14186 14220
14189 14210
14199 14201
428 11069
397 3786
4654 4658
2797 5760
6082 8466
474 1335
804 2046
1093 1248
3326 8027
14202 14213
407 958
452 2641
14190 14217
12047 12050
54 1711
5641 5642
4132 4649
14219 14222
5641 8688
3967 4156
14184 14202
6732 6734
615 660
13949 13950
14185 14220
370 6409
1241 1628
3382 3383
