1386 1388
1107 13032
3138 3139
551 13314
13193 13194
929 4515
13065 13066
213 2471
1067 1257
955 977
40 2347
6377 6383
3767 3771
96 881
3576 12311
2747 13043
12758 13000
10515 10516
2041 5986
12287 13497
80 515
7023 7024
39 9567
6362 6363
1559 1560
1257 1258
209 1814
13 551
9167 9168
582 1280
2376 2378
12901 12902
11744 11745
2226 4837
479 975
3767 3777
8604 13122
553 12616
10448 12150
729 3828
275 13548
1751 2742
12619 12623
13568 13569
260 665
12340 12341
29 33
652 653
1779 12730
152 2393
5498 13960
3763 3772
3128 8769
1370 10582
1969 1970
5662 9543
173 4204
173 489
9917 13955
37 44
730 2790
11093 11095
3766 3767
41 13418
1047 1072
3558 6276
54 4989
2196 12530
953 954
5093 5094
6628 14350
1354 2196
766 2338
3676 3677
1083 1084
2689 2690
578 13114
1021 13243
37 1825
1709 1711
338 2964
807 9396
1398 13178
270 4154
217 9598
1096 1099
360 362
172 938
12930 12932
8692 11063
859 863
395 577
967 13043
9583 9585
41 218
263 6997
351 13573
7624 7626
2768 14003
13207 13209
158 2790
8790 11953
1184 1187
370 372
1814 12871
2722 2723
37 1738
1654 12813
4568 4571
45 6560
468 934
729 5919
4547 11069
1441 13043
1707 2062
1414 7204
419 421
2020 2022
13 13314
955 13241
1810 1814
132 13287
7961 7962
1269 1270
53 12465
4914 4915
13770 13771
12487 12545
12776 12778
4649 12733
1499 1500
866 2445
1827 3576
1213 6840
260 6044
553 2748
3139 3140
13348 14486
11190 11192
528 529
37 12760
493 814
1798 1800
492 815
3540 12137
360 12339
66 69
10691 10692
213 8827
1734 12320
6615 6616
2240 2241
592 635
573 13112
2059 2747
580 1280
6848 12286
3056 12357
653 12405
1870 5385
1279 1281
5165 5167
159 7204
616 14044
432 3492
494 2778
6343 6344
637 638
824 825
12141 12416
4568 4572
149 13273
7291 7293
91 985
3767 3776
1468 12846
47 3836
1704 5196
1996 4568
494 814
11069 11071
2297 6666
10374 11094
1869 1871
397 5867
827 828
1186 1189
65 1960
172 13277
2379 8818
157 8043
13350 14486
4361 13236
7959 7960
12690 12692
322 562
9173 11069
172 1407
1370 10507
12775 12777
6848 12643
772 4297
11240 11476
1108 8039
270 13375
7773 7774
653 12640
112 3084
1181 2992
807 874
665 2711
6564 13039
172 4526
424 9531
2022 8842
4810 6781
2497 7052
1045 4717
543 866
5486 13225
12641 13295
297 639
684 1155
1954 2631
5498 13921
881 13012
12661 12662
272 13264
12155 12156
5604 5606
822 823
4606 4607
480 8473
2057 5196
1800 1801
12078 12079
529 3785
12357 12358
898 3801
9615 11239
290 13342
583 615
5380 5381
99 260
12732 13024
363 986
112 550
1082 1083
6673 11066
5200 13350
1460 1462
636 7035
12555 12557
13427 13428
12473 12530
210 4019
950 953
124 8134
2772 4571
12669 13210
12930 12934
45 13199
172 13115
2057 10171
527 13267
10762 10763
193 195
9612 9614
3558 12963
12414 12415
69 12666
7625 13192
319 13552
259 9184
2988 2989
1343 4142
159 4125
3034 3035
126 812
319 1308
832 833
4547 11066
12800 13118
2827 12078
578 13116
1293 1296
73 1543
522 13014
259 6378
2011 12542
864 1146
1294 1297
785 5207
83 1214
1474 4170
578 13209
12845 12846
2754 10171
6891 6893
1012 1013
2984 6564
2057 7135
1607 1608
54 218
13421 13422
153 168
527 1934
13104 13105
2236 3772
729 4479
946 2079
730 6287
4053 4062
13022 13023
6398 6399
944 13076
1233 1234
4157 4158
668 12634
728 729
54 2172
1098 6308
1076 12788
2266 4546
412 1290
12604 13365
6673 11065
1961 13186
13304 13307
3620 3621
12844 12846
2867 3182
1370 7090
525 13013
1385 13291
1603 8724
1353 9625
4923 13349
6673 11064
823 828
260 2725
889 890
10303 10304
635 7784
684 866
3035 3036
2347 9566
286 1083
2964 7773
975 2632
174 175
62 112
12734 12737
1376 3930
12405 12496
809 4089
126 127
5154 7429
2058 12697
5115 12578
927 13126
13006 13007
269 479
664 665
88 12532
124 8135
807 2873
96 98
12778 12779
1308 2723
507 3128
1066 6314
12405 12406
127 5591
2740 12506
12285 12287
13324 13325
9614 11240
3760 3763
14121 14122
12643 12819
2621 3442
13124 13207
408 1460
543 3285
346 347
5381 5382
100 929
1066 3763
208 2431
1196 12652
149 1199
96 1045
1543 2435
8191 8192
14348 14349
13504 13546
729 1425
44 515
12407 12408
2594 2595
61 112
2377 6188
12481 12482
339 9803
3760 3772
413 415
2283 2284
3783 13844
1021 12757
1419 1420
2237 2241
5983 5984
3920 13407
2722 2724
350 4572
12930 12933
229 12959
542 4215
774 12979
3925 12449
12830 12832
41 287
2790 6287
630 13278
592 3069
412 1034
6999 7000
2939 12808
1243 1244
1814 5401
5196 10171
1407 13116
1378 1944
1696 9652
1091 1092
812 8134
573 1191
1096 1098
1175 5160
1945 12814
1617 2632
114 812
90 6374
3055 3056
807 2366
217 13418
12899 12902
522 13013
2380 6190
4882 9509
730 12523
4430 8097
288 13342
12699 12700
4346 12739
1000 12354
1698 13098
13405 13406
2827 12075
2987 2991
2377 2378
3763 3766
578 579
8691 8693
9813 9814
12484 12485
3750 5208
83 13046
2639 13274
5984 5985
90 6375
453 13498
1854 12740
159 1414
636 11095
5702 5703
938 1707
1034 1289
5984 13118
3515 13314
1308 2196
363 12609
9160 9163
551 13285
4592 12866
3036 5094
987 989
2917 2918
9882 9886
716 1203
6628 14351
167 1616
90 1478
718 4090
2020 5055
1918 5019
1996 4572
527 13268
684 1150
83 13066
1349 1350
339 12340
10761 10764
1360 4377
12873 12874
3848 11093
951 953
401 403
555 13959
3779 4377
3057 12932
4352 6697
2179 2182
1080 12506
1954 1955
217 218
135 173
13351 14486
37 14005
740 741
9228 13496
824 827
719 2742
1076 2235
553 554
581 1281
4363 8658
339 9401
396 2561
13150 13151
1796 1797
159 260
859 901
5165 14284
729 12602
3940 10517
1199 4388
263 1064
2881 2882
5699 5700
2178 2180
422 577
2139 2142
83 13048
5893 5894
12701 12702
4053 8822
1414 12682
37 745
2896 12557
1796 1802
2337 2338
1073 4294
1704 2754
1962 13186
492 2342
10581 10583
13584 13585
11847 11850
47 207
6395 6398
83 13065
1699 13098
91 13292
3558 12536
149 12329
1519 11155
2007 4437
999 1001
2472 2473
272 13265
4547 11067
1388 4807
92 93
7624 7625
740 2007
7209 7210
2291 2293
447 2653
11240 11478
578 13142
8823 11066
2291 2292
3128 8768
3750 8612
350 2772
1561 7012
10598 10599
958 959
729 4609
1995 3311
12824 12825
3136 3137
1047 4294
11436 13987
158 7150
2600 7540
2223 12841
479 7943
2619 9587
913 3084
5666 5667
2754 7496
12598 12599
12391 12516
4297 9401
256 10447
2965 5055
319 4887
591 9596
665 1442
37 12579
205 2079
1308 12350
12552 12553
3558 12535
270 13523
718 4322
9598 12818
263 5018
819 827
5603 5606
148 3925
4158 4159
260 1150
260 4265
1300 3442
13190 13872
12077 12078
3956 3957
1698 1868
3689 12834
12399 12401
172 12960
2531 2534
96 5072
874 9396
1098 10910
1543 2275
269 2437
4363 13236
12591 12592
801 5621
2632 8313
271 2754
1011 1013
1385 3957
1405 1406
578 13207
5384 5385
7154 7155
201 985
8313 8314
428 11069
2768 4057
14 901
153 766
1696 10541
543 1349
41 42
1824 2438
984 985
774 1374
615 13056
7772 7773
2208 14152
10510 10512
7949 12903
8772 8773
2022 6088
12385 12386
45 13680
881 5504
386 966
2772 3848
1010 1013
2151 2152
4157 4159
4066 10450
1805 1960
730 1228
12352 12448
1848 11744
286 1085
3136 3138
124 1035
13921 13960
7224 7225
38 1738
12574 12575
1939 1940
12286 12473
7045 13429
6848 13604
7205 7206
91 201
1912 1916
67 68
2665 13056
804 6551
1652 1654
125 1892
17 132
5159 5160
615 12983
1098 9668
218 1383
2238 2239
12735 12737
2211 2212
10687 10694
2377 6189
432 618
4794 12634
300 4057
874 13116
226 3037
1763 12703
259 3311
13288 13289
7686 7687
9507 9509
665 6675
208 3841
270 1704
12285 12286
6363 7175
172 4394
194 195
158 212
271 13109
217 898
51 217
1892 6797
2058 2196
201 1047
553 12530
317 2438
929 12891
2022 2966
2754 8612
755 756
3689 12833
506 12682
2357 3495
5523 8600
1780 3425
2467 2468
527 1067
13956 13958
1083 1085
395 588
12473 12548
9173 11068
8062 12702
2283 13458
13 53
94 12643
891 12891
2057 2755
36 38
1827 8257
251 252
730 12533
9816 9817
37 868
1073 4171
710 711
1699 13176
492 2341
730 12410
668 2801
2020 6088
8680 11436
418 1612
820 823
1037 1038
2020 6170
424 1611
12074 12076
96 12957
269 420
929 930
3033 3034
44 260
506 5341
1896 2291
7154 7156
1293 12942
428 11066
447 2790
263 767
889 6576
12829 12830
967 12697
668 12582
1574 1575
3829 6600
1370 1371
3138 3140
573 4810
13128 13129
900 12338
12985 12988
2237 2238
1870 1871
2986 2991
12386 12388
11190 11193
270 13109
12436 13496
1654 2653
5982 11095
3056 13594
2099 2566
541 1391
684 12606
12837 12839
12567 12568
153 1181
899 4989
2892 12557
3797 8176
13323 13324
938 5150
812 2226
96 97
260 1362
2939 12807
100 881
553 12643
823 826
2378 2380
1577 2896
260 1356
317 639
218 859
588 5801
8020 8609
428 11071
1393 3042
2989 2991
2439 9855
424 2149
13364 13365
1892 4917
861 4526
300 3340
172 860
584 13290
6189 8818
67 69
985 2120
4923 5198
13955 13956
3689 12835
12277 12279
975 5801
123 552
1183 1886
1511 14007
999 1000
635 7785
665 6676
2138 2140
1414 4125
1425 7943
5771 5772
47 208
172 715
2141 2142
3940 10515
610 613
1046 1047
1948 13194
12609 12744
8750 8755
985 8464
1184 1185
819 826
2501 2502
1323 13097
13 323
975 13426
951 952
412 422
1188 1189
13194 13302
14349 14351
12775 12778
13954 13958
863 12954
1344 7563
473 985
4790 13427
2041 5983
1843 12652
672 884
1751 13039
172 13285
5198 5199
10690 10694
44 1304
738 739
4681 7768
12286 13626
628 630
10689 10691
1295 1296
45 866
865 2223
153 1175
11068 11070
494 815
1682 3192
869 1710
201 2532
3114 13174
3263 13103
93 6137
9615 11476
1373 12764
2057 2059
494 2242
426 4125
901 13115
12286 13497
1618 8313
13154 13155
2178 2181
12828 12831
1360 1361
94 12286
808 13969
663 5783
2772 4570
795 2022
279 3076
418 1613
615 1961
12228 12382
1255 1256
859 864
9170 9172
12412 12515
3188 13836
12621 13030
900 1107
1019 5700
5160 5161
3920 13406
2377 8818
1886 13419
10763 12077
820 825
1297 12400
51 55
2466 2468
3036 3037
1371 2656
54 270
12463 12506
2022 6170
37 1743
2122 13376
763 765
506 12612
1969 1971
2057 2754
68 4396
730 12524
68 69
6137 13292
1751 6564
1066 13174
662 9744
7135 13109
542 1886
1887 1888
418 13319
382 13396
172 13142
4910 4913
862 13209
1370 3607
159 5867
1356 4663
3540 3541
2058 5121
288 289
4290 10795
45 2711
37 12410
2526 2527
8 11
217 2172
12364 12366
1378 3494
45 11689
13175 13176
132 5700
653 1396
2873 4089
12597 12598
54 1384
132 5699
3532 3533
1323 1869
11471 11472
286 287
1954 1956
420 422
46 1660
666 2711
941 12879
1067 1161
1743 12760
1047 1048
66 67
2488 8672
8947 8948
4535 4839
1279 12621
1407 1408
2265 4546
2376 2377
1000 2213
4608 4609
44 159
1973 12492
12399 12400
12399 13538
10761 10762
6088 8842
1107 1818
1848 11745
1389 6571
260 1308
573 14335
3821 9625
51 900
37 13084
12318 12610
6673 11070
12553 12554
12896 12898
2827 12074
45 7228
1233 3228
6342 6344
1888 3839
289 290
1654 2296
1203 7821
12512 12513
466 9356
12987 12988
35 525
3080 3081
765 766
2985 2988
12505 13257
2358 2359
12542 12959
12314 12578
1868 1869
442 443
13113 13115
3311 3626
1371 1893
6006 9509
2619 13102
1187 1188
379 380
218 2754
7020 7023
269 866
2985 2987
99 420
2041 6299
1996 4569
13115 13207
1765 2041
1751 6616
13954 13956
874 3348
36 12760
2377 2380
1513 1668
874 2366
65 1814
977 2169
742 1271
385 573
526 528
6341 6343
51 898
260 481
14 62
1547 1912
3210 12653
764 766
38 6439
11065 11066
1308 12349
668 1654
270 271
216 1328
557 2908
53 2637
829 1543
2810 2811
157 2613
12973 12974
711 12795
613 614
50 1513
13 12488
259 9185
5 13090
4394 13115
507 1067
1759 6376
1406 1408
80 1313
6396 6399
3767 3781
2235 12788
3369 3370
929 7313
12823 12824
2236 3766
729 12611
862 13115
153 8232
1066 6997
13486 13487
51 4989
5427 13395
135 174
172 5150
6476 6477
1199 6697
47 572
2179 2180
13978 13980
37 159
1308 13044
673 884
363 12744
2041 8947
2747 12697
1093 8680
9879 9881
3871 3872
506 807
1196 12976
1654 12811
153 1352
13697 13698
591 592
2739 12949
10762 10764
2841 12330
9615 11478
323 12488
2230 2829
8754 8755
2965 6088
942 13076
2022 11395
13955 13958
12081 12483
2059 2746
1805 7839
12777 12779
1765 3699
13489 13490
5984 5986
6848 13605
1498 1499
2380 6189
439 559
360 6613
492 985
2350 10447
38 1228
9171 9172
19 159
582 1281
446 3558
17 133
3848 11095
452 626
219 220
3137 3139
1211 12499
53 217
37 12411
527 3228
20 588
260 1376
1969 3527
825 828
1441 12303
900 4989
60 61
10760 10763
1209 1210
3930 6044
2236 3760
251 583
898 900
275 1308
9879 9880
13065 13067
217 1225
151 8231
40 382
826 828
7062 7063
2979 2980
5010 5011
4680 5395
12730 12731
3850 3851
12268 13623
297 3821
5081 5082
6598 6599
653 12406
1390 5736
315 317
591 6525
889 1441
7155 7156
1537 2594
1711 7135
2011 12466
1076 2441
8604 13121
46 866
6397 6399
943 944
132 387
6437 6438
420 6099
10581 10582
9 12
12700 12702
446 12412
159 4744
577 859
934 1648
308 12503
10687 10693
8751 8755
13961 13963
4515 11547
2179 12618
3870 4532
1066 12965
219 1356
1577 2892
578 3348
1698 13096
2525 2526
766 2337
12077 12081
12074 12081
9167 9172
8824 11065
9879 9884
1297 12623
51 54
1116 1611
1813 12336
1463 1797
9161 9165
83 13047
2536 2537
370 371
5011 12276
3576 13927
1698 13210
890 929
597 7267
1034 1290
4569 4572
3348 12960
3870 3871
13180 13181
8671 8672
2196 2747
125 468
34 523
2242 4089
350 4568
263 1066
47 665
2439 6374
1098 6307
5196 7459
34 522
12286 13637
260 2041
1653 1654
201 13376
625 817
2340 2558
1519 8038
1308 2724
205 8357
11064 11069
2731 4396
13546 13575
1157 12313
12657 12658
1461 1462
5010 12278
4887 13210
508 14003
124 126
2676 4533
3057 12930
3637 8600
1945 3716
481 976
382 583
5616 5618
9614 11478
2810 11202
4377 5228
1654 13444
83 13067
7625 7626
12530 12805
5401 7839
151 2396
5017 5018
263 12872
3137 3138
2907 12614
100 12966
1329 3352
2377 6190
45 7092
39 9566
1698 1869
1560 7925
1892 10507
218 12818
1270 2829
2743 2744
39 4567
2438 9173
6551 7943
541 1886
4113 7687
1711 2754
2140 2142
1082 1084
13149 13151
506 9396
901 3348
862 13124
626 12590
7563 9668
1575 13895
1157 1158
13954 13955
12718 12719
260 881
96 929
2990 2991
3057 12931
1187 1189
8430 8431
12689 12693
1463 1798
8692 11062
809 938
360 986
1759 13057
1196 1843
177 12628
412 4533
12413 12414
271 1128
558 560
52 1711
1751 12056
1854 12888
1613 13166
819 825
7155 10103
1441 12743
3209 12531
3137 3140
1996 4571
5781 5783
54 2637
7291 12800
3493 3494
967 12401
1814 1960
1813 12522
270 2746
1647 12782
2827 12079
323 12614
61 62
37 900
6781 6782
4673 12476
448 12488
12736 12737
12733 13092
2986 2989
12986 12987
7135 13373
401 11996
13557 13558
1186 1188
12363 12364
2824 2825
37 14007
1214 13065
1150 6624
450 874
2452 12889
132 13190
4927 12410
1183 3830
673 7616
839 6036
4113 5662
13348 13349
1766 1767
7960 7962
1157 13554
3839 13600
46 683
8062 12701
12889 12890
13258 13259
795 6797
321 12393
822 826
967 13188
34 13014
1654 12637
12718 12720
3780 4683
1095 1096
2637 6254
635 636
578 13115
728 5919
13005 13007
14005 14006
1812 1813
11094 11095
1064 1065
4589 12467
1441 12292
149 1656
5055 6088
71 1407
626 9421
412 13283
1698 5384
3617 3618
7687 9544
2490 9625
269 13155
3788 6840
583 616
2988 2991
3376 7150
35 522
7823 7943
17 8892
260 543
862 13208
1279 12619
2896 12555
257 258
12329 13260
7021 7024
1323 13096
13470 13471
12552 12554
5701 5703
1488 13571
1955 1956
1203 1204
2058 5120
453 6728
4547 11071
13470 13472
5893 10603
323 2907
1404 1408
47 300
2892 2896
11064 11068
1271 13441
1709 3618
9599 13688
39 13592
3188 13837
6006 9507
47 13680
73 817
1065 1066
9671 11094
492 4156
363 12549
7686 9544
847 1752
9163 9166
12563 13445
474 3481
154 12534
1973 1974
611 614
1488 12482
874 1407
796 797
10450 10451
435 3492
1313 1314
2315 6848
45 6675
395 1034
3920 13408
124 12341
12078 12081
13 12465
442 444
1967 5159
466 10883
13595 13596
159 5229
5772 5773
14006 14007
515 1278
3210 12504
428 1107
13348 13351
2040 2041
10688 10691
12353 12355
7959 7961
217 2637
1380 1944
45 690
288 13340
881 929
4377 13039
322 3375
12498 12500
6188 6189
31 32
1973 2655
172 901
359 360
2009 2369
9599 12818
3033 3036
1269 4226
7011 7289
1390 13246
3646 5849
1391 5737
11066 11067
988 989
12971 12974
865 866
2179 12568
72 317
426 1414
98 99
13121 13122
3896 13330
1404 1405
13498 13500
578 862
524 13013
1000 13506
941 12795
3920 3921
11064 11067
941 13241
3442 13102
14481 14483
3557 3560
13498 13499
12791 12792
9163 9165
9671 11093
13321 13322
13125 13126
12960 13301
492 2242
3763 3775
859 6825
3558 12962
612 613
869 1709
4547 8824
47 269
426 985
12074 12080
1304 14005
553 2196
13 12524
13162 13289
13449 13453
10651 10653
1918 5017
3999 4240
668 1757
565 13129
8431 8432
1811 1812
13321 13324
12813 12996
1359 1360
4582 12895
2986 2990
10506 10507
898 4989
454 6728
5072 5073
617 14044
13142 13285
317 12448
1019 6625
114 3990
13038 13040
5394 7768
3265 6343
4912 4913
684 1660
12344 12345
4882 9508
1370 1892
831 12488
12412 12413
5115 12314
257 3311
2337 2340
1870 5383
718 2230
9169 9170
1537 1771
7771 7773
840 13094
12597 12599
428 9173
12511 12513
447 3515
7061 7062
630 13083
610 612
12689 12690
9880 9883
636 2000
807 2242
3052 3053
13 831
1779 12732
12825 12826
5604 5605
154 13134
539 5005
718 4157
10374 11093
2704 2705
795 10447
2120 2122
1186 1187
3848 9671
12621 12622
217 6254
933 1648
809 2873
1383 6675
9612 11478
323 831
12824 12826
12828 12832
578 1407
14348 14352
1463 1796
4096 6525
2226 4289
6848 13225
1211 12960
5154 7430
5983 5985
208 572
10630 10631
428 11065
1616 1618
191 194
35 2657
859 860
479 729
9507 9508
2057 2437
7276 8313
2357 2979
37 202
9615 11477
3077 3078
718 4158
1308 7113
975 13302
1886 1888
10515 10517
2041 5985
159 506
741 2307
8189 8190
1797 1799
4360 4363
1810 1812
217 1226
866 1141
4057 14003
716 1204
523 13013
2488 8671
272 5196
290 13343
12900 12901
2723 2724
7672 7673
3558 7801
12495 12496
1613 4154
1698 12669
3558 7800
1304 14279
10760 10761
599 1186
957 12512
2022 2965
1308 4794
10689 10693
10760 12079
1308 12303
467 13374
3053 5547
69 2074
1362 1731
950 951
1967 3069
1378 3493
3829 6266
12286 12440
453 12389
626 818
889 1001
2965 2966
1647 12723
886 5970
1279 13030
12482 13571
269 13153
2754 13109
1161 1256
985 13376
1973 2598
653 13432
821 824
9817 9818
12316 12317
4359 8657
226 12886
1076 12411
1203 1205
592 4096
172 874
1343 13272
860 863
6674 13376
13347 13350
2020 2965
413 414
1911 2824
261 262
400 403
9814 9815
14 3131
231 960
12730 12732
1098 1344
1076 13146
12619 12622
12499 12500
582 1279
9167 9171
1660 4763
2772 11095
1696 9653
1751 4377
261 275
443 444
51 1708
199 217
12692 12693
37 1511
363 13328
5011 12277
1656 1657
578 2072
127 470
12463 12733
821 822
260 1263
14 13276
14 12569
264 265
397 578
60 2335
4680 4681
4582 13260
985 6674
729 804
599 2677
1968 10304
860 4394
636 4570
2235 12411
192 195
857 13214
19 20
795 6171
12286 13561
12967 12968
5982 10374
38 1304
12621 12623
359 362
6673 11067
1293 1295
12079 12080
4685 5382
2063 3111
2595 3738
12406 12496
469 8864
1072 1483
9882 9883
1651 1653
229 12611
1399 2801
1079 1080
3746 3747
96 260
108 1289
159 412
12629 12630
2731 4395
448 2907
886 3821
553 12819
3558 13536
14482 14483
10302 10303
35 13014
93 1047
165 2703
3999 7429
3767 3772
10760 12077
428 6673
424 1116
1091 1135
152 1352
9160 9164
10686 10690
13109 13373
450 578
13411 13873
12406 12958
1814 1833
132 14132
1370 2656
37 12788
2072 13115
1323 5385
4359 4360
12733 12993
1651 1654
1711 10630
1628 12714
6477 6478
