2619 2621
135 175
859 863
8349 13316
928 929
1888 3839
1005 1006
13262 13263
4352 4388
37 12579
209 4609
1000 12353
9173 11065
1911 13214
259 6380
2007 2307
3896 12585
127 3400
1462 2559
8824 11067
2237 2238
2099 13302
874 901
2755 2776
3763 4479
51 217
1973 2598
222 2623
1263 1967
1397 1398
577 859
1199 4388
588 975
6892 6893
46 13680
4359 8658
7933 7934
7773 7774
6188 6189
1955 1956
12094 12096
2754 3750
3851 3852
14350 14352
273 298
279 3078
1271 8422
569 570
1811 1813
10689 10690
2139 2141
928 13432
975 1616
668 12582
12487 12545
3057 12934
370 1628
5498 13959
1044 1045
413 415
1270 13441
3676 3677
3285 4629
1196 12652
5699 5700
1067 1233
300 4057
2208 14152
37 14007
201 2533
7625 12724
1800 1802
2315 6848
12530 12805
3592 3593
45 7228
2377 2379
1537 9026
8824 11065
591 729
153 5866
1973 5336
3370 12965
37 12451
12074 12077
900 4989
1193 1196
2179 12568
54 1384
8020 9653
1185 1187
13076 13077
13444 13445
208 572
523 525
13450 13451
12383 12387
12556 12557
408 1459
13006 13007
890 891
4359 4362
44 260
12894 12895
12889 12890
10690 10693
862 13207
2772 4570
3136 3140
2138 2139
12075 12076
5600 12821
260 1308
4479 7943
3052 3053
5200 13347
1461 2560
2196 10583
865 2445
90 1478
4361 10598
41 42
553 12616
8672 8673
2238 2241
1308 1309
1242 1244
1628 12714
217 1384
898 1356
13449 13452
1743 12760
12074 12075
20 588
71 3999
12399 12400
12930 12933
14 1211
898 1708
5401 7839
12495 12496
481 13159
666 667
9917 13954
260 6044
172 13277
1323 13175
2690 2691
9882 9884
473 1613
1370 1611
94 95
216 1328
2057 3750
636 7891
468 10273
125 13423
5196 7459
83 1214
12463 12506
860 1146
13162 13288
5982 9671
147 3925
975 1948
432 435
1066 6997
3763 6314
1799 1802
5655 9743
1798 1800
263 12965
857 13214
942 944
3763 3781
1798 1801
54 220
7774 7775
112 550
1827 3576
2057 2748
3750 4086
3447 4781
944 13076
9879 9886
2674 4533
404 12953
666 2710
231 960
8824 11069
2058 2196
446 12535
114 4289
1751 2742
1022 12757
799 1696
1186 1939
12400 12401
13 297
13450 13453
1297 12623
8692 11062
2689 2691
684 9472
408 1461
13697 13698
615 1961
2179 12567
468 1647
1543 2435
54 898
12828 12832
12985 12986
1116 1893
12340 12342
1699 13175
2242 4089
2772 4571
17 8891
1082 1084
172 13207
260 2041
7276 8314
1389 1391
1371 1893
1108 5082
1399 2801
2531 2532
12076 12077
205 5871
588 3780
1291 1359
3262 7821
10689 10693
1611 2149
4680 7768
269 624
2619 2622
13978 13979
7943 9596
1141 4515
397 5867
12108 12109
9161 9163
12643 12819
10511 10512
1064 1065
494 2242
730 1543
1961 13186
428 4547
13 212
1293 1294
7011 12800
2020 7113
7209 7210
608 13181
12777 12779
50 1513
371 12714
3763 3775
2350 5621
11802 14488
1385 3956
165 2703
3036 3037
275 13548
69 2074
413 416
1360 12960
256 10447
636 6035
3056 12357
559 560
1945 12814
47 866
5010 5011
12450 13296
1576 13895
263 3370
615 617
3053 5548
527 13267
886 3821
6437 6438
6673 11066
4066 6477
1560 1561
363 12566
217 1383
151 168
2637 6254
2213 6576
152 5866
270 7459
1240 13439
514 5041
5010 12279
565 13129
2689 2690
219 12818
481 729
7943 11533
8680 11436
3057 12932
592 11745
455 12948
11064 11070
177 12628
93 4294
1771 3788
1279 13031
218 2637
308 12411
13429 13430
5 13090
1652 1653
226 1203
468 709
37 1304
859 1540
1019 6625
2150 2151
167 1616
90 2439
1407 13113
12407 12409
404 4034
12183 12824
132 2697
1293 13030
1799 1800
424 5591
1577 12556
7113 11395
1370 7090
1709 3617
135 12706
271 273
900 12975
774 1374
901 1407
4437 8769
466 1495
863 12954
1370 10583
469 981
12704 13259
93 426
212 730
172 3348
1396 12640
9598 12818
7539 7540
3558 7801
93 13352
9937 9938
3646 5850
985 6137
172 861
12845 12846
260 1045
3839 3840
2140 2142
826 827
12733 13092
1441 12303
12619 13030
10688 10694
2580 2581
446 12412
2964 4297
2772 5982
1759 13057
339 4297
4377 5229
5645 12419
3033 3036
453 454
967 2196
2892 12557
1763 12703
1211 1360
45 46
1384 1385
1097 7561
97 99
159 426
635 637
13505 13506
135 173
10762 10764
1531 13428
209 572
38 6439
7276 8313
73 1129
4547 8824
3896 13330
8752 8755
269 12318
1107 1818
12286 12440
9 11
271 1128
9168 9170
54 4086
14006 14007
863 1572
71 2567
1886 1888
11190 11192
474 12420
2747 12697
12597 12598
12691 12692
1279 13030
5384 5385
900 1866
2058 2746
90 960
12081 12341
527 1233
710 711
950 953
859 862
684 9815
11065 11066
1271 13441
1780 3425
729 804
1698 13128
1893 4917
446 14251
1668 6037
12775 12779
54 1383
1370 1371
229 2437
889 999
716 1204
61 62
2892 2896
3079 3081
10653 10654
172 4526
1293 1295
468 470
2057 13264
42 287
763 765
807 2242
1098 9668
10689 10694
1404 1407
1225 1226
317 1826
2283 13458
2595 3788
9612 9614
1478 6375
2536 2538
12276 12278
10690 10692
1276 1277
4649 13092
414 415
2989 2991
628 630
7772 7773
1211 12499
684 3425
288 289
5160 5161
13491 13573
4362 12428
13149 13150
113 114
2411 12723
807 809
553 12643
929 3160
2437 12610
96 5073
41 53
2171 2637
54 13263
2439 6374
592 1968
169 170
132 13286
10760 10764
172 860
439 560
1178 1179
8691 8693
2045 9472
13470 13471
229 3828
447 2790
257 3626
1499 1500
218 2171
2376 6190
1270 1272
1698 1700
363 13485
9169 9172
891 929
1070 1071
599 1187
543 684
636 11094
2207 2208
558 560
94 12643
194 195
1289 1290
817 818
41 2074
5772 5773
13034 13035
1184 1188
39 4567
2238 2240
396 2561
220 221
1000 13505
950 952
819 826
2639 13275
9173 11067
1636 13135
5655 9742
489 13334
12949 13508
12473 12548
10686 10688
263 12872
1779 12730
730 12392
2379 6190
3376 7150
1308 2297
208 4802
10374 11095
158 730
742 8422
13576 13577
218 6825
1263 5160
2242 3967
10687 10693
126 812
2292 9210
1270 2230
598 599
10760 12076
45 13680
1441 13044
34 523
472 473
1064 1066
338 339
420 5073
541 1389
551 13314
6062 13880
13 3515
10686 10689
525 13014
8692 8693
12405 12406
46 543
774 12979
1107 13032
2079 8357
1293 12621
1390 5737
9612 11478
1704 5196
262 486
1699 13176
2722 2723
37 14006
2196 7613
132 1019
1404 1406
1398 13178
1607 1608
889 1441
4363 8657
52 217
929 11547
279 12953
297 315
6439 6440
578 13142
97 13234
4113 5662
9173 11069
718 4158
12699 12702
11191 11192
212 6113
4790 13427
1383 6676
809 938
1082 1085
860 863
229 728
827 828
209 1833
890 1758
153 765
12399 13538
6782 9298
5983 5985
7960 7963
5375 5376
942 943
1108 5229
2985 2990
13127 13128
807 2873
1242 1243
929 7314
578 863
12080 12081
522 525
12406 12496
2754 7135
7624 13192
13956 13957
11183 11184
1425 9596
428 8823
339 12341
1214 13065
7289 7293
5982 10374
1944 3493
3637 5523
554 12286
9671 11093
53 12466
3057 12930
13208 13209
6189 6190
263 3539
1001 2213
10302 10304
11064 11069
663 5782
269 12602
2057 13265
1545 2275
13495 13496
1308 2723
13041 13042
4094 4095
1698 13097
562 3375
1390 11897
435 3492
2827 12074
259 9184
1097 1098
3138 3139
208 5929
100 881
615 1714
54 13262
1293 12399
1711 10631
13 551
10687 10689
1654 2296
1651 1653
1389 1390
274 275
13104 13105
455 456
12344 12345
5115 12578
481 745
2063 13386
814 815
955 2169
125 12401
297 730
12828 12829
13186 13187
4361 13236
60 62
11064 11065
665 6675
831 3515
2057 2755
7613 10582
12689 12692
152 168
745 4227
229 12542
96 269
207 572
426 4125
1652 1654
323 3515
13175 13176
8752 8754
1698 13096
1826 12448
3870 4532
2988 2989
1759 6376
12641 13295
2639 13274
2827 10763
93 2263
2140 2141
1390 1391
1308 2020
3780 6969
825 828
5665 5666
12791 12792
3846 10374
386 573
578 862
2297 6666
13000 14341
2011 12542
382 583
209 1814
12930 12934
12830 12831
13451 13452
29 30
13421 13422
9164 9165
3161 3162
96 100
1909 2149
45 866
1705 5200
1098 6308
1046 1048
90 1318
29 33
1240 13429
9160 9164
9583 9584
527 13268
613 614
1083 1085
874 2366
829 1080
12512 12513
2058 5121
1270 1271
421 422
1560 7925
12813 12996
2557 13092
14348 14351
2772 3846
1939 12688
10483 12588
2602 2603
14 3131
1233 2706
2178 2181
1107 1712
3210 12504
351 13491
1654 12665
633 2367
3848 11093
1827 3558
93 2262
10515 10517
977 2169
7563 13943
3874 13428
7961 7963
158 2790
13989 13990
172 578
479 1076
1308 2724
1474 13378
9160 9161
951 952
1185 1188
3454 5174
951 954
230 2437
9162 9165
439 559
2237 2241
1186 1188
1227 1228
729 12602
12700 12702
1108 5230
12505 13257
4363 10598
68 69
5393 7768
900 13032
159 12613
1073 1973
6476 6477
5984 12800
543 4515
1968 3069
1404 1405
612 614
14 62
820 821
3921 3922
4359 4361
3763 3766
653 12495
864 1146
1617 2632
1370 1892
152 12301
9169 9171
1832 1833
13405 13408
6375 9855
898 899
2939 12807
6848 13605
12557 13535
226 668
447 730
1577 12420
381 382
3930 6044
12816 12817
652 653
395 578
91 92
35 523
9167 9169
13177 13430
5871 5996
881 13012
99 420
12268 13624
1969 1971
380 12505
2452 12890
8981 8982
7293 12800
663 5783
32 33
370 1241
7561 7563
260 2149
2380 6188
9880 9886
317 12352
159 412
1073 7050
257 2294
1095 1098
127 967
6614 6616
90 6374
2236 3776
39 2347
12363 12365
261 262
665 2710
584 13288
3703 3704
8947 8948
10763 12077
555 13959
2226 12551
6374 9855
1419 3995
263 5019
2179 12618
217 220
2020 6606
527 1067
12443 12444
45 665
1203 4089
13348 13350
12535 12536
2079 5871
2350 10448
62 13276
13962 13963
12897 12898
172 422
3940 10515
13959 13960
865 866
83 13047
928 930
1537 4914
4377 5228
2827 12075
1300 2620
9879 9884
845 12874
9401 13606
2772 11094
53 2011
11064 11067
10515 10516
3037 5094
1814 12871
2141 2142
300 3340
1097 9668
4685 5380
147 148
13115 13124
218 12542
10448 12150
890 6423
1150 7943
4887 12669
3136 3137
8751 8752
7784 7785
522 524
13696 13697
172 579
1181 2992
201 2534
1161 1257
3767 3776
447 3515
1524 8980
12386 12388
12330 12332
957 3558
13417 13479
1918 5019
6276 12961
2621 2622
2600 7540
1962 13186
2979 2980
5892 5893
442 444
2022 6170
13340 13343
13154 13156
1456 13136
96 12957
490 12706
766 2339
12604 13364
6673 11070
3999 4240
3618 3619
317 12448
317 2438
127 1647
10687 10692
9543 9544
199 1225
2315 13270
946 8357
1651 1652
111 7315
2057 7496
7289 12800
1389 4215
2139 2142
2011 12466
1350 2223
114 812
428 1107
591 7943
213 8827
881 5115
202 1738
1420 3995
3348 12960
2336 2340
12391 12392
153 5160
1547 1912
1066 3114
4663 12818
618 3572
2619 2620
88 754
506 12682
804 9596
12837 12839
300 1484
2022 2023
13096 13097
819 820
1385 3957
711 12879
412 2676
12443 12445
12812 12813
4582 13260
9173 11070
174 175
229 12610
360 13476
636 4572
45 47
2020 6797
12733 12993
636 1668
823 826
7959 7960
297 12948
524 525
1161 1255
2966 7113
209 6782
4096 6525
3079 3080
80 515
493 1313
543 1349
2810 2811
147 2013
986 13328
52 54
9167 9171
114 2227
372 1628
6066 8480
4780 4781
297 831
2022 2685
3775 3776
1376 5621
412 2674
3370 12872
1233 1234
97 98
9167 9172
515 4930
866 1141
363 986
126 127
159 5230
1362 1731
2620 2622
279 3075
729 5919
636 637
13367 13368
554 12616
159 1304
37 1738
4430 8097
1996 4570
3771 3772
2337 2340
6170 6171
8431 8432
5154 7429
591 6525
1135 14477
2236 3766
1954 1956
158 886
386 387
12960 13033
859 4394
1187 1189
3278 12506
1157 13554
1161 1256
9598 9599
742 1269
12455 12456
125 126
1313 12487
12511 12513
12689 12690
132 4810
1047 13352
730 6287
96 5504
11067 11068
7155 7156
898 900
2731 4396
260 1263
2274 4240
2536 2537
711 2009
1308 2196
2723 2725
13406 13407
7020 7021
711 2404
578 859
37 1511
12879 12880
1543 12855
13366 13368
11240 11477
1955 3081
12901 12902
1699 13096
3829 6266
46 684
4053 8822
300 683
3848 10374
1854 5273
13158 13159
578 13208
6891 6893
8038 11155
929 930
1653 1654
5011 12279
807 938
1805 1960
5603 5606
10582 10583
927 13126
12691 12693
13094 13095
3558 12963
5984 5985
270 4086
1066 12965
1010 1011
12286 13561
729 1150
3192 3194
5486 6848
1425 7943
1304 14279
99 13217
592 4095
4589 12467
54 13291
9184 9185
2377 2378
1751 6615
1228 1738
12776 12777
636 839
96 5072
7012 7925
12523 12524
578 13124
1297 12620
941 12795
1618 2632
99 1045
8221 8222
1269 13441
1870 5385
45 6676
45 666
7011 7289
9883 9885
54 13418
1698 1871
1654 3540
1362 9531
3114 13174
11093 11095
213 2471
1682 3193
1973 1974
2986 2988
1067 4887
422 2731
1344 7562
1196 1843
217 2637
8891 8892
42 468
12413 12414
4911 4913
4053 4054
12343 12345
12734 12735
3532 3533
1093 13987
1656 1657
54 2171
6781 9298
12465 12466
2237 2240
229 624
524 13014
9167 9168
1093 1135
3037 12582
259 2294
901 3348
12482 13572
7092 7228
13162 13290
2841 2854
44 515
5394 7768
2746 2747
591 4096
6266 9389
6439 7960
12076 12079
2377 8817
2350 12150
2223 12881
1765 6299
275 1308
13258 13259
3848 11095
901 13116
515 1276
1548 1912
5011 12276
812 2226
12758 13000
3076 3077
4053 4062
1304 1511
684 1155
382 4290
6439 7959
2619 13102
2040 2041
360 12442
508 2768
874 1407
4882 6006
263 264
12355 13506
804 1425
1220 1221
16 17
12247 12753
733 948
434 591
952 954
8680 13988
3689 12834
4681 7768
975 13302
14 901
729 7823
12353 12354
13038 13040
1706 4794
8824 11064
125 1892
13010 13140
1297 12400
6848 12643
12392 12517
1617 8313
8020 9652
5010 12276
785 5207
943 944
638 1668
1096 1097
12899 12901
1354 2196
448 12488
1378 3493
269 13153
37 202
12384 12385
218 898
60 112
12731 12732
13955 13958
37 14005
1375 12979
610 614
1241 1628
1763 12419
1269 8422
3265 6343
455 557
865 3744
718 4091
3056 12358
1696 10541
1360 3348
252 1425
3556 3560
1373 12764
2986 2991
9612 12793
6635 13389
1660 4763
2703 2705
1269 1272
385 386
260 801
3763 3767
490 13334
92 985
2211 2212
8824 11066
1092 1093
730 4927
1696 9653
2291 2292
628 13278
1141 2223
2939 12810
12657 12658
1011 1012
12392 12516
1996 4571
13193 13194
900 1427
260 6299
2533 2534
711 955
159 13283
360 12744
372 2802
12155 12156
12931 12932
3111 5558
729 6551
166 167
359 362
1323 13096
629 630
12075 12078
229 12611
494 814
859 12955
5605 5606
7625 13192
480 8473
859 12954
823 825
13125 13126
263 1918
5801 13426
766 2558
10763 12080
226 3037
6398 6399
270 2748
1973 12492
578 13114
10760 10762
1280 1281
4839 4840
2675 4533
11240 11476
47 13680
124 967
5984 13118
6396 6398
2841 12330
766 2338
1868 1871
1047 1048
270 8611
5228 5230
583 868
5984 5986
1731 9531
220 13291
54 221
1300 13102
3797 8176
1784 1785
1711 3617
2057 2059
263 6997
12285 12287
269 866
1196 12976
217 12338
12973 12974
553 12287
428 11066
1323 3704
12836 12838
822 825
317 639
2620 3442
1207 1209
1542 1543
730 2242
3937 10516
3270 3271
124 13188
2022 8842
6379 6380
3442 13102
1698 1870
881 5504
881 7949
5757 12339
809 2242
12776 12778
4607 12085
6395 6398
205 2079
1199 4352
395 808
10686 10692
3846 5982
298 1791
11191 11193
1161 5150
159 7432
1511 14006
2122 13376
14349 14352
54 2637
12076 12080
12775 12777
13503 13585
1488 12481
6997 7000
12095 12096
13584 13585
47 3836
3920 13406
10686 10693
1524 8982
615 12983
12473 12530
12824 12826
39 9566
6840 9026
1996 4572
958 1350
218 1356
900 1414
4113 9543
93 3533
286 1084
743 8422
1968 10303
494 2341
13427 13428
934 1648
508 509
846 1752
1073 1483
1391 3042
2497 2498
527 2706
975 13194
2497 7052
8864 8865
1654 13029
5771 5773
819 827
3228 9090
684 2045
20 3780
2041 5984
881 12458
11801 11802
12365 12366
1293 13031
11066 11070
2058 2748
371 2802
1813 1814
5010 12277
992 8177
44 159
20 6969
1098 7562
2196 13044
12830 12832
1211 12960
985 13376
360 12608
54 4663
7624 7625
9880 9882
92 93
1010 1013
350 4569
12079 12080
967 12401
3850 3852
888 1529
317 2161
5159 5160
2041 2208
172 13208
795 6171
2022 2966
809 4089
1391 5737
453 13500
4547 9173
4810 6781
241 1750
804 3763
2723 2724
3558 12513
2242 2873
6624 6625
66 67
9614 11478
1698 1869
54 218
1511 14005
9671 10374
9612 11240
12775 12778
636 11093
975 12459
3746 3747
1560 7012
13261 13263
46 866
7823 9596
719 2742
901 4394
1354 2747
5072 5073
2275 5947
1548 1549
153 1016
1067 3228
267 268
13961 13963
684 12754
10516 10517
12077 12080
446 12536
1370 3607
173 489
35 13014
1654 12812
9582 9583
12413 12415
45 3836
941 12880
1207 1210
12405 12496
7313 7314
2079 5996
67 70
809 5150
591 3069
1376 10514
506 5341
492 494
653 13432
12075 12077
96 99
9165 9166
1066 3763
6439 7962
825 827
9880 9883
37 1642
13546 13585
73 829
1498 1499
1034 1289
12563 13257
9583 9585
684 12455
1651 1654
12844 12846
1414 3129
481 684
11847 11850
573 12907
3876 13135
159 4744
446 12515
3038 13532
125 468
12401 13423
729 866
4592 12866
13043 13044
73 12321
6308 10271
1343 1344
1698 12669
72 4606
2495 2908
1498 1500
3788 6840
12604 13365
4681 7769
1098 10271
112 3084
53 297
885 886
37 13084
481 6624
5198 13350
2892 12555
251 382
588 5801
12076 12078
801 5621
2985 2988
12435 12436
260 4840
6088 7130
633 2731
578 13113
742 1271
172 13209
729 4479
13366 13367
2376 2378
3920 13405
1731 2210
478 3692
1967 5159
96 3328
2376 8818
938 2062
7022 7025
820 826
542 1886
507 3127
91 201
3080 3081
2379 2380
350 1996
259 6379
3136 3139
730 745
2498 8436
13504 13547
1073 4295
13449 13450
2196 13043
6342 6344
6477 10450
2600 7539
132 5700
3569 6062
3801 13688
957 12511
2538 13409
2377 6190
424 1647
2226 4289
3848 7891
251 381
3940 10517
668 3262
898 9599
13326 13327
297 317
1308 12349
10175 12454
13270 13271
371 1628
229 729
1574 1576
3127 3128
1116 3828
479 729
506 9396
1066 10309
13489 13490
1617 8314
371 372
1391 1752
1892 7090
13190 13872
127 10273
14481 14482
2358 2359
207 210
4062 4063
1810 12336
68 70
12597 12599
12689 12691
5498 13921
168 1076
13097 13098
1763 5645
454 6728
1370 10581
2058 12697
6673 11067
2128 12818
3540 3541
379 380
1618 8314
12391 12516
1213 2594
13 323
821 824
269 12317
2724 2725
4290 10794
9073 9074
9173 11068
149 13022
12078 12081
428 11068
12961 12963
1654 12563
15 18
2531 2534
1513 1668
4095 4096
447 831
684 9814
66 68
2637 13418
599 1185
47 665
6598 6599
1313 1314
1892 10506
428 11065
2022 11395
718 2230
13124 13209
12828 12831
2379 8817
7618 8963
1603 8724
269 420
1269 1271
7012 7926
3044 5394
3035 3037
13264 13265
5600 12822
12757 13000
47 100
2020 6171
2236 3777
1488 13571
220 1115
279 466
3848 5982
13132 13133
1698 4887
7925 7926
1848 11744
8823 11070
1654 12704
13547 13575
13010 13139
61 2335
1213 3738
39 9567
10453 13567
2007 4437
1034 2502
5198 13349
1939 1940
256 257
981 10309
207 209
2081 2082
3077 3078
839 6037
10687 10694
3704 3705
1187 2677
260 684
73 13002
1801 1802
807 9396
62 8150
597 742
610 613
13288 13290
1811 1812
7061 7062
812 8136
1647 1648
13954 13958
1022 13000
73 817
2011 12592
1308 12303
8430 8431
124 812
1797 1801
4094 4096
1779 13543
12619 12621
861 4526
9584 9585
13546 13547
3324 3540
215 1328
260 4629
11065 11067
958 1072
5380 5381
7024 7025
13177 13429
10764 12074
13164 13165
13117 13118
3209 12653
1531 13427
492 985
740 741
684 7206
12141 12415
51 900
153 2881
422 2367
684 4763
4376 4377
12141 12412
5603 5604
12879 13241
12415 12416
12735 12737
2139 2140
608 13180
1076 2235
635 638
2011 12465
13634 13635
2623 12312
2020 6170
12598 12599
38 1304
1779 12731
2490 9625
8823 11064
12364 12366
14 1360
83 13066
6564 13039
14350 14351
149 1656
125 127
257 258
2772 4572
635 7784
41 54
2196 12697
12643 13561
6266 9390
90 9855
12412 12413
11065 11071
12459 13302
1323 12669
1888 3840
54 4989
2180 2182
668 1757
668 2801
9 10
1805 5401
551 13142
4437 8768
866 1076
1704 2057
12574 12575
7771 7774
553 12303
984 985
13135 13369
13121 13122
730 12523
65 5401
1968 10304
3710 3711
467 12288
270 4154
1293 12401
218 2011
5604 5605
1000 12354
13921 13959
4649 12733
1186 1187
31 33
12498 12500
124 339
2754 10171
1157 1158
479 591
13 218
159 5081
201 4294
3828 5115
592 4096
967 12697
684 6625
35 525
419 420
279 12562
13451 13453
1463 1800
1707 2062
1422 14041
3209 12504
801 13633
167 1617
2041 8947
672 884
37 12760
3794 13255
13142 13285
52 55
5892 10603
1208 1209
258 259
38 730
41 218
2722 2724
12077 12078
5983 5984
1096 1099
617 14044
637 638
4605 12085
1796 1798
4910 4913
157 12037
1240 9786
202 1228
13269 13271
7011 7293
12563 13444
10760 12081
1765 2041
8817 8818
6997 6999
323 12614
80 3336
1396 13295
7771 7773
297 448
16 18
13871 13872
1967 3069
3128 4437
12484 12485
1141 1142
1323 1868
662 9742
7045 13177
2236 3763
35 13013
38 1228
2754 13373
13456 13457
450 874
3779 4376
279 405
62 13277
10374 11094
985 13292
9882 9883
149 12329
72 13214
13376 13377
37 54
4360 4362
774 1375
743 1271
1750 1751
9817 9818
179 8144
1240 10568
901 13142
450 5341
2181 2182
1751 4377
172 1407
581 582
10687 10688
3057 12931
874 1291
13008 13009
3136 3138
832 833
13452 13453
2341 2342
7153 10103
527 12735
39 13592
8189 8191
412 1290
13008 13010
4606 4607
48 1513
3311 3626
172 13276
557 12590
462 464
297 12488
1967 5161
2471 8827
53 217
2768 4057
288 13340
9228 12452
12961 12962
4790 13428
3763 3772
1704 2754
2357 3296
10761 10762
4093 4096
3760 3763
99 100
1353 3821
981 3763
5665 5667
8543 8544
1279 1293
270 13109
581 1280
10103 11479
1537 2594
5662 9543
2063 3111
668 13622
54 9599
5961 5963
812 4290
229 12318
2939 12808
8671 8672
4214 4215
2990 2991
1654 13257
2128 9598
578 861
1411 2526
2357 2979
12435 12469
4265 10514
12395 12396
12511 12512
2336 2338
1710 10631
2376 6189
12074 12076
6615 6616
1537 2595
10687 10691
447 2653
13348 14486
1389 6571
1955 3080
14349 14351
1758 6423
582 1279
1893 2656
45 13199
684 1019
3836 7092
13065 13066
12718 12719
1613 13166
54 12818
222 12312
1970 3527
12833 12834
1886 12683
1386 1388
10760 12079
1698 13098
1531 3874
730 2790
13153 13155
3265 6341
5662 9544
743 1270
40 382
96 7949
60 61
5165 14285
9612 12792
1296 1297
1095 1096
29 31
72 317
9917 13956
11065 11068
252 382
3646 13309
12383 12385
557 2495
1892 2196
3767 3771
67 69
1344 7561
1682 3194
980 981
1698 5383
308 12504
846 847
3576 12311
1548 1916
9652 9653
583 617
943 13076
1349 1350
12574 12576
13153 13154
626 12590
1537 3738
1405 1408
3839 12443
1323 1869
578 874
615 13092
40 2347
2703 2704
863 1540
730 12516
13504 13546
12792 12793
975 5801
1388 4807
573 14374
5201 5202
13921 13960
100 12966
12077 12081
12570 12571
7020 7023
1067 1255
6362 6363
4685 5379
1383 6677
981 3370
2620 2621
12412 12414
8611 8612
7625 7626
901 13115
8824 9173
54 13261
1291 1361
12282 12283
1710 10630
6439 7961
3763 3777
3263 13103
17 8892
3556 3559
48 49
12412 12416
443 444
2989 2990
1797 1799
1537 3788
929 12891
38 6440
270 5208
2057 2746
4361 4362
229 12602
151 153
889 6576
636 4570
151 8231
1304 12392
71 1407
976 2169
541 542
5893 5894
12971 12973
573 966
684 9813
259 3311
12286 13637
2988 2990
807 4089
599 1189
591 4095
13139 13140
3558 12654
13083 13278
44 108
114 3990
12870 12871
946 5871
12896 12898
5427 12474
172 13114
10651 10654
363 6800
14 12960
5547 5548
10598 10599
45 1442
363 12398
13274 13275
12286 13497
578 901
474 1577
2984 6564
2019 2022
124 12341
522 523
1186 1189
1184 1186
9616 11240
718 1270
12276 12277
506 874
1393 3043
217 1225
37 745
9883 9886
1519 8038
19 159
172 864
1896 2293
12303 13043
624 728
2772 11093
2979 3495
1425 6551
108 515
11476 11478
201 6674
158 1094
73 1080
12286 12530
611 612
37 1076
1047 4294
108 4930
684 1150
5666 5667
976 977
2022 5041
479 6551
272 5196
577 860
1376 3930
1256 1257
1291 1360
554 12303
17 133
5616 5618
173 12705
65 1960
9879 9885
754 756
2291 2293
153 8232
5982 11094
1711 10630
1045 7949
1796 1800
684 1660
41 220
3538 3539
300 543
479 9596
218 2172
6378 6379
426 14155
819 821
252 583
527 3228
868 1642
13 53
982 2048
12363 12364
1000 2213
506 807
1698 5384
12697 13043
1080 12506
54 1866
6035 6036
5011 12278
1047 1073
12718 12720
1765 3699
1870 5384
3138 3140
3783 14467
424 1116
218 12818
2378 2380
439 558
6189 8817
1064 4726
13955 13956
37 2235
479 7943
1300 2619
37 12391
12341 12483
172 862
201 985
13351 14486
468 933
889 1000
3846 11095
91 13292
8824 11068
1269 1270
738 739
2138 2141
1391 5735
2019 2023
13288 13289
673 7616
1323 13097
218 1384
13477 13478
12795 12796
217 900
9929 9930
149 13177
418 13166
466 10883
13305 13307
718 4090
7011 7291
1962 13187
6848 13225
8823 9173
363 12947
6673 9173
1304 13084
711 12795
208 3841
54 5208
395 1861
7672 7673
432 3492
8750 8754
578 13209
860 4394
12474 12475
9885 9886
10764 12081
12384 12386
3034 3037
397 901
13 12524
711 941
665 1369
1668 6036
165 2704
218 13418
6999 7000
578 6825
2020 7130
3763 10309
424 9531
1798 1799
260 5160
172 3131
1047 1072
4289 4290
10689 10692
1356 2171
967 13423
12744 12950
2731 4395
3442 9587
270 13373
124 125
1636 4887
12841 12881
153 260
1441 13043
1370 1893
1540 12955
493 815
3780 4683
2022 6088
730 1738
5655 9744
3925 12449
592 1967
1785 4082
588 3779
952 953
610 612
635 7785
526 529
6307 10271
898 13688
10447 10448
12074 12078
814 1313
807 2366
12563 13445
653 12406
1098 10910
1108 5228
229 269
2265 2266
5985 5986
94 12473
12183 12897
13770 13771
12619 12623
1213 2595
2339 2340
12699 12701
577 4526
636 4569
4053 4063
12619 12622
4910 4912
1370 7613
151 8233
730 12524
3075 3076
1001 6576
153 8272
5427 13395
829 4461
2226 4837
2235 12411
4359 4363
3056 13593
715 1360
4363 8658
94 12642
260 424
5017 5019
889 7313
1654 3325
424 1117
401 403
7960 7961
270 868
12075 12079
172 13285
11155 12156
1045 4717
2347 9566
400 403
577 579
363 6613
270 7135
12642 12643
812 8135
1228 1229
263 767
943 13077
8750 8755
3766 3767
957 12513
5616 5617
201 13119
865 1350
2725 11395
322 3375
424 1141
4927 12410
615 616
4837 5165
1391 3043
5781 5783
41 4663
4570 4571
323 12488
1380 1944
9159 9166
12640 12641
1441 2196
13047 13048
157 8446
543 866
217 6254
718 2829
10374 11093
172 5150
396 1034
1419 1420
573 4810
9612 11476
615 1962
3558 12962
1973 2655
8671 8673
151 1352
6189 8818
12667 12668
4882 9508
5962 5963
1749 1751
412 2675
213 214
11239 11240
1547 1548
900 1107
900 12338
1709 3618
1814 1960
577 901
1240 7045
260 1731
494 4156
286 1082
177 1323
578 860
1654 12137
8753 8755
100 12957
269 1045
96 1316
1636 13369
269 479
468 5591
432 618
1704 13396
1371 1892
1603 6935
1812 1814
2072 13208
553 13586
5961 5962
591 5970
1969 1972
1095 1099
111 6062
1193 12976
12268 13625
13347 13351
1076 2441
4568 4570
159 260
8479 8480
1300 3442
192 195
13546 13584
201 1047
13009 13010
5771 5772
272 13265
11436 13988
54 1708
1971 1972
96 260
4681 5393
729 9596
13623 13624
434 6200
13289 13290
1461 2559
975 1617
7949 12903
73 818
860 901
581 1279
665 690
2754 7459
90 231
588 13248
153 2396
2236 3760
11240 11478
8823 11071
4388 6697
386 1191
12800 13118
80 4364
13305 13306
41 217
12777 12778
1378 1380
1405 1407
4568 7891
15 17
1800 1801
12319 12320
13 13314
395 5801
799 1697
3558 3560
339 12081
4363 12428
38 1738
3075 3078
4394 13115
1006 13082
5892 5894
147 2012
987 989
1208 1210
125 709
4582 12895
665 2711
14348 14349
1460 1461
938 1707
3033 3037
636 7179
12619 13031
7686 9543
1616 7276
765 766
42 1647
1297 12622
7773 7775
7291 12800
1076 12411
51 899
729 1425
9614 11240
664 667
1058 1059
730 12517
40 251
1886 1887
126 4290
795 6797
5198 5199
2377 2380
4910 4911
1356 5160
1203 1204
6675 6676
13 12614
12986 12987
13124 13207
4158 4159
172 715
13323 13325
12733 12983
14 715
9228 12436
339 12342
152 153
508 4057
4066 10450
9389 9390
2754 2755
159 7204
11068 11071
2196 7614
729 12318
288 13343
2347 4567
14351 14352
9170 9171
12899 12902
173 490
9582 9584
745 13159
3453 5174
2337 2338
11591 13132
263 5017
7563 9668
11066 11071
1654 13444
523 13013
10692 10693
2379 6189
663 5781
45 7092
729 3828
3036 5093
1406 1407
573 14335
4922 4923
12383 12384
577 861
260 1967
2138 2140
153 8233
12621 12623
1390 5736
610 611
38 1743
684 1385
5701 5702
37 44
217 218
5603 5605
881 929
558 561
4359 4360
466 1359
638 839
2987 2991
297 12523
1385 12818
2754 8612
4375 4376
3846 11094
2235 12788
448 2907
9816 9817
99 269
12838 12839
12620 12623
231 1318
729 2437
10686 10691
473 985
321 12393
625 818
666 1442
799 13099
1021 1022
1764 12677
13501 13502
11471 11472
360 12947
12387 12388
2379 6188
7020 7024
2236 3781
12734 12736
626 818
1460 2559
270 2747
12885 14386
481 6625
1524 8981
149 13273
9879 9880
1067 1258
4887 13210
2532 2534
5165 14284
1350 2490
12931 12934
13321 13323
17 18
2866 2867
453 13562
12823 12826
450 1291
1359 1361
3779 3780
124 543
12408 13557
9884 9885
615 12984
1531 4790
1091 1092
12354 12355
1019 5700
13489 13491
158 212
839 6036
2196 4917
2525 2527
592 635
4265 6044
217 9598
9612 12791
6628 14349
1073 5336
7962 7963
3453 5175
1543 2275
1323 3705
9813 9814
270 2058
1654 2653
4923 13349
1300 2621
1611 3607
985 2120
1203 13413
889 2213
1461 1462
1214 13067
345 346
7613 10581
260 10514
5701 5703
12357 12358
2754 8611
951 953
1387 1388
10760 12077
9880 9881
12329 13260
12391 12517
4213 4215
6848 13226
1609 1610
898 2128
3840 11897
4297 9401
93 3532
636 7035
5165 14286
2772 11095
13038 13039
2772 9671
729 12611
3076 3078
13516 13517
1459 1460
2138 2142
219 1356
202 730
350 4570
1045 12903
5393 7769
4882 9509
12591 12592
9612 11477
7045 13429
10761 10763
1448 1449
12399 12401
13614 13615
809 2873
1460 1462
591 1967
6378 6380
2965 2966
3874 13427
1654 3541
7289 7291
2357 3495
1603 13296
39 2516
840 13095
933 934
1479 1481
1706 12681
60 2335
9163 9165
1203 1205
5782 5783
13276 13277
12833 12835
2668 12330
218 684
1116 5765
402 403
13109 13373
13194 13302
7959 7962
271 2754
19 588
424 2149
14481 14483
7495 7496
12498 12499
13363 13365
9159 9160
795 10448
217 1866
9171 9172
1386 1387
8823 11067
152 2393
1178 1180
1010 1012
565 13127
9742 9744
2737 13185
3937 3940
8754 8755
1954 1955
72 1911
9813 9815
624 729
2179 7225
218 1383
80 585
3035 3036
66 69
13113 13116
5984 13117
125 967
492 1313
2340 2558
684 1780
11190 11191
1955 3079
259 1995
215 216
12899 12900
395 901
49 50
901 3131
1543 1941
668 13621
3271 3272
3137 3139
9814 9815
13957 13958
4568 4569
12842 12843
428 1818
5383 5385
12857 12858
588 3712
300 1349
12631 12754
53 218
94 2748
2196 12805
3209 3210
6628 14350
19 3780
2376 6188
599 1186
1297 12942
12987 12988
37 12392
37 1228
527 1934
481 976
1912 1917
12336 12337
10686 10687
13166 13319
2020 8842
466 2075
553 12530
3821 9625
5394 5395
1391 1393
12286 12473
11744 11745
10761 10764
12828 12830
865 12841
36 12760
718 4159
1814 5401
12405 12958
573 13112
967 13188
2637 4663
1390 3840
11316 12526
942 13076
1463 1799
3848 9671
53 54
6395 6397
73 4461
11066 11067
1930 3576
1548 1917
506 12613
428 900
592 7784
1067 3128
524 13013
1116 1611
3033 3035
72 4607
1233 3228
12285 12286
153 1181
8189 8190
80 1313
453 13498
259 6378
11069 11071
269 3828
1304 14007
1035 14122
219 221
4547 8823
1604 7267
9566 9567
12553 12554
37 12788
2230 2829
34 35
270 2776
172 859
938 5150
9612 9615
1017 13990
4086 5208
1108 5081
582 653
13000 13243
12408 13558
795 2022
1204 1205
929 4515
37 730
12401 13538
13347 14486
91 6137
201 426
127 470
19 412
479 975
1370 2656
528 529
9 12
13405 13406
889 1001
