2091 12656
12689 12693
3038 13532
730 12392
1738 1743
132 2697
1577 12493
1531 13942
12353 12355
12292 12743
577 13720
765 12257
13804 13805
10121 13751
12286 12643
2011 12465
730 12517
317 12241
673 12471
745 12392
1654 12665
72 317
453 13498
1157 13554
37 1511
435 12647
380 12505
10483 12377
360 12339
2091 10742
2004 5427
435 12646
8177 12263
13897 13898
2408 5044
1526 13922
5755 12569
11564 12252
13720 13721
14252 14254
12689 12692
12638 12639
12644 12645
14252 14253
13607 13608
730 12451
2335 13938
12212 12213
1738 12392
12663 12664
6848 13638
13700 13702
12508 12509
12355 13505
1992 12583
1747 12392
924 13751
13829 13830
12530 12805
2196 12805
12726 12727
8177 13898
37 12517
432 12648
46 866
12392 12451
12210 12211
13520 13942
7624 12724
13896 13897
12229 12231
12391 12517
866 7517
51 52
1468 12844
12594 12638
14255 14256
12392 12663
13802 13803
2283 12644
12516 12517
13621 13622
12712 12726
1814 1833
577 13719
2179 12567
14253 14256
202 12663
37 202
37 12392
12230 12231
2296 12665
13913 13914
606 12508
12212 13806
12500 14257
12646 12648
317 1973
1922 13811
1000 13506
2496 3733
13639 13640
12221 12222
202 1743
553 12819
37 1743
12471 13811
12212 13802
866 12626
1531 2408
474 12420
1211 12499
149 12633
12471 12472
796 12841
37 1228
1810 13463
12392 12760
2011 12466
13914 13915
2297 12468
12785 12787
13937 13939
13914 13916
2441 12509
12212 13803
319 1308
123 12254
13831 13832
2283 12645
2003 2004
14252 14255
1531 13520
1992 5843
2748 12819
12354 12355
1000 12355
553 2196
13498 13500
765 866
453 13500
12357 12358
673 12472
7624 7625
241 467
13831 13833
13903 13904
985 12379
202 1738
38 202
795 796
1829 13519
53 12466
13466 13467
13700 13701
12287 13586
53 2011
2495 2496
1654 2296
12268 13625
730 745
12689 12691
1000 12354
446 12515
12286 13626
205 946
2199 12713
1228 12392
12391 12392
606 12509
12690 12693
37 38
557 2495
557 13639
765 12255
2335 13936
673 12179
37 745
1577 12420
12401 12471
13901 13902
469 8864
14252 14256
1531 1829
12712 13817
12690 12692
13937 13938
2496 12695
2226 12550
12247 12248
149 12632
557 2908
37 1738
12209 12210
2335 13939
1945 12814
12785 13918
12507 12508
127 469
13936 13938
12220 12221
13465 13467
38 730
10121 13752
13465 13466
123 13813
12353 12354
37 1747
12690 12691
1000 12353
13461 13462
13740 13741
13623 13625
13751 13752
730 1747
1531 5044
123 12219
2226 12551
13896 13904
38 12760
1738 12760
1654 13621
13701 13702
12255 12256
37 730
12507 12509
13740 13742
3056 12357
380 13257
11564 12253
12786 13918
1814 2538
12392 12664
1000 13505
13463 13464
38 1743
2495 3733
12814 12815
13741 13742
12268 13623
148 13462
4626 12265
