5306 5309
11632 11634
4389 4390
4850 4851
4293 6409
3238 4051
5426 5428
300 829
5442 10656
5191 5192
10552 10554
6131 6132
382 3802
710 941
4106 9092
512 5586
551 3797
9621 9623
53 1711
4321 5475
428 11065
10681 10683
10518 10519
78 172
6289 6290
1362 5621
11614 11619
641 5215
5415 12029
382 6553
5293 6753
286 3454
217 782
5760 11594
5215 9701
3100 8486
416 8241
7207 7208
8376 8377
5453 5454
1945 6563
5511 5513
4634 4636
10297 10298
9205 9207
4420 4421
3780 9108
3057 8434
1166 4346
718 2229
11618 11622
6 660
6916 9991
11606 11608
1077 1093
7662 7664
1327 3834
6449 6454
7777 7779
8823 9173
3663 11760
3246 4959
6077 6981
1549 8902
8680 8686
5308 5310
5288 5558
9204 9208
11609 11624
10989 10990
1548 8903
720 3284
3246 4960
9205 9208
51 9206
199 5810
11609 11631
3242 4399
4515 6685
7335 7339
317 913
6244 6249
11615 11616
2287 3946
395 397
976 4642
111 605
4713 4714
809 1161
1896 9147
2748 5602
10564 10566
370 10810
9117 9120
1861 10777
728 2314
8139 8140
7324 7325
7236 7238
2393 2394
512 5588
2108 2799
4194 8156
11614 11621
198 4216
715 6895
8106 8178
2314 3801
10275 10276
3023 3024
868 1642
7331 7338
507 1258
12006 12007
1849 6400
1587 6060
72 3484
8663 11631
10680 11162
8703 8704
12066 12067
2479 5302
3206 10023
2799 7942
507 4955
5307 5309
10123 10127
11611 11623
5806 7233
7125 8101
6598 6599
874 4392
4229 4972
3346 11322
2314 9301
1898 9649
517 1621
4533 8512
54 12017
622 5914
7161 11004
1150 1621
169 4297
5404 5405
1250 1605
1572 5482
6715 6718
782 4320
5997 9247
6563 6564
3646 5849
394 6193
6708 6717
457 480
9085 9086
10532 10533
5662 5663
9173 11067
2950 2951
8297 8361
6149 6153
4907 8944
481 2108
1068 11154
6282 11373
7218 12195
318 319
6916 9980
6852 6853
2543 6789
7217 7889
8770 8843
8781 9768
5215 5258
11621 11625
11243 11246
451 452
83 4194
2920 9267
6946 6947
3533 7967
9147 9150
2025 5999
11954 11955
4686 4687
4955 6293
9804 9806
6923 6924
2922 10680
11334 11335
9650 9651
4856 6678
7665 7667
639 3890
807 8169
428 4547
1809 4232
1385 3750
11611 11627
6007 6030
3651 7394
4607 7480
11827 11828
2085 8573
9679 9680
6746 6747
1537 3788
209 8538
4592 4593
7944 7945
2609 7952
1399 6751
323 983
3156 4601
7408 9724
6711 6714
1264 5216
5256 6358
11514 11516
8800 8990
46 683
172 3284
7704 7705
10670 10672
4193 7904
3862 3863
4994 4997
1817 5443
7466 7467
12102 12103
11500 11501
207 888
149 7514
4178 6879
9622 9623
7333 7338
8978 8979
7730 10934
5414 5415
4503 8273
1635 3057
5419 5420
6916 9984
808 9082
451 2873
422 3930
5808 5811
4165 7322
3743 7276
4217 5810
6789 9260
5222 5227
11282 11283
10680 11665
1903 8806
90 1105
2873 5682
219 1851
11618 11627
3476 3477
8902 8903
11657 11919
11630 11633
8630 8633
9840 9842
6033 6034
4344 6575
3285 5622
7853 7854
6712 6714
1234 8585
10772 10774
734 1493
2851 4996
3579 9196
2311 6589
11611 11617
10388 10389
1412 10931
11285 11288
96 5072
10325 10326
4847 8417
9207 9208
6092 6095
2922 10679
4455 6776
1290 3463
7411 11474
215 7791
1707 6767
7064 7065
1635 6240
4181 7080
1411 2831
4667 5793
10992 10993
2057 10456
11611 11614
2659 4602
6651 6653
9230 9232
2343 11549
3657 5270
1953 3206
2004 2918
286 2479
1717 5129
2257 9147
551 9057
38 6440
9739 11884
4613 4624
1967 4218
715 11118
107 11782
2828 6608
5867 9802
2085 8574
829 8940
6332 7644
6928 10492
715 6309
5324 5328
12016 12018
1605 1942
7123 8500
54 2059
975 7276
3239 12161
5952 10076
416 10310
2206 4685
6157 9831
72 2679
5141 5693
3831 3833
3930 5794
10534 10535
6078 6080
938 9083
543 4629
10987 10988
7491 7493
73 2474
507 7112
3812 3813
543 9732
5313 5315
592 6525
1445 10539
6031 6032
11619 11633
216 218
8477 8680
3064 8156
2214 4665
7528 7529
2845 7001
578 8960
11618 11628
7492 7493
3505 8511
1141 9268
7777 9347
698 1161
5752 11100
4938 7034
9235 9236
3930 9092
11629 11633
10107 11607
1896 2257
218 7791
5554 5622
6394 7303
6244 6248
7491 8026
1660 8806
3992 4308
698 9494
7593 7594
10987 10990
107 11436
4972 9735
4165 4358
659 3454
11619 11632
3292 4373
5869 11610
38 476
287 10169
4198 8477
4995 4997
9275 11732
5219 8095
11619 11622
8828 8829
8823 11066
48 4304
72 3465
4541 11415
4211 4212
105 1112
214 382
6279 6283
2062 2848
11780 11909
6035 6036
9770 9772
5257 5415
6461 6463
3374 12120
3914 3915
4060 6347
6449 6451
68 8731
8663 11619
10874 10875
4211 8925
3023 11494
216 1809
172 8169
6280 6283
51 9204
6513 6514
1724 8056
2848 3860
2004 5959
4573 4574
7638 7640
7823 11884
7548 7549
2171 4481
11619 11627
6003 6004
6465 6467
4308 4310
6282 10050
6375 9855
517 10634
718 719
1093 7218
4346 10442
11066 11068
2660 3812
4452 4995
83 1881
422 3250
5157 10556
9990 9994
506 5262
8404 9029
11616 11619
11610 11629
8555 8556
591 7338
1072 8911
10479 10480
807 1211
8089 10542
4428 8210
591 7943
218 634
458 5691
5921 7411
5805 5806
2045 4291
9198 9205
1093 8073
4108 7129
6248 6251
10107 11606
4280 4282
4496 9792
4592 9258
1240 2057
9197 9200
6710 6717
984 9907
718 2829
54 2172
801 10970
6861 11075
492 494
6709 6712
711 9649
7964 7966
1360 1361
5020 5022
11609 11616
11816 11818
5288 10480
913 1364
7776 7779
9238 9288
40 300
1484 3340
7335 7341
3870 4532
4419 4421
3155 8274
3239 4182
1660 9142
11610 11615
11507 11508
583 868
2754 10171
3278 4915
7140 7143
4498 9207
11538 11540
3811 8912
7280 11701
5974 11856
2108 9563
218 1385
716 1384
5654 7507
1770 6786
6545 6546
6104 6500
11620 11629
7331 7332
450 901
8824 11069
5440 5443
11609 11622
7541 7542
4684 8511
2973 5426
6 6429
1848 11744
887 3057
6714 6717
8310 9105
11622 11634
11625 11634
1498 1500
4837 9922
720 11475
169 1034
7778 7779
479 6102
1605 6475
4544 4546
10565 10566
5343 5344
6745 6750
1419 1420
724 6208
3961 5952
11609 11613
6374 6386
6544 10053
1121 7758
6990 6991
6798 9312
7614 10270
4916 9152
408 1411
17 573
4965 4966
7197 9570
2973 5428
46 3512
1740 6463
6084 6087
4951 6850
7547 10902
684 11255
9404 11221
8275 8277
304 12148
3386 6441
5760 11720
6745 6747
11940 11942
1548 6375
6193 6195
3340 8911
2242 3967
1425 1967
7292 7294
716 7102
205 6735
7879 7880
83 9192
8481 11765
90 9251
11622 11626
4955 5446
3930 4265
42 7480
1712 9586
6230 6235
1746 11718
6110 6111
2831 7977
1067 1407
5287 12189
420 5072
10381 10382
1660 4762
424 468
2632 4166
2873 5475
5654 9153
10724 10725
6783 6784
416 8240
5996 6192
10295 11162
62 5794
842 11815
11280 11281
9991 9994
1356 3016
11618 11624
3483 6103
977 4731
7878 7880
6169 8788
4346 8182
215 1809
9195 9205
4498 9208
6874 6876
578 7120
4498 9197
1848 2578
2577 5921
578 1027
8961 9826
3987 4492
6355 7889
10147 11632
782 1067
11333 11334
507 2797
5675 5676
8165 11511
7969 7970
340 8563
9646 9845
7336 7340
1137 8397
408 8497
2217 2287
8756 8759
1019 5699
3732 8101
344 7936
3346 6112
5427 5428
11154 11155
6247 6250
8839 8840
7779 7780
1850 1862
6952 6953
83 7362
451 7684
1681 10401
2680 7417
5846 5847
10619 10623
382 6424
5650 5651
5391 10615
2702 4407
592 11379
8195 8196
3340 8912
54 12019
11508 11509
5808 5809
10656 11581
172 452
2108 5561
10080 12195
9584 9585
5869 11622
395 3202
10223 10879
1642 1825
1027 1034
4155 9352
4316 5847
10752 10753
3609 3613
4605 4607
5132 11440
10772 10775
9979 9980
805 4479
10933 10934
4613 7580
83 300
3475 3476
6744 6746
2314 6519
5215 5216
11610 11633
3340 3658
5069 5070
370 6410
8477 8683
260 2210
6093 6196
682 2727
215 1808
7864 7867
6542 6543
2111 6501
7100 7101
5509 5511
8689 8690
38 9801
6648 11950
5793 6104
8770 8815
154 8270
10906 10908
10411 10412
8824 11064
9762 9763
11587 11590
3346 9057
1407 8434
745 5585
5869 11634
7634 7641
8029 8030
4605 7407
408 7332
9769 9772
304 10700
1548 8902
2686 3016
1248 8240
8838 8839
107 11781
9826 9827
11577 11578
1356 7026
715 11611
4472 4473
11068 11071
10379 10381
8359 8361
2388 6334
201 985
7761 7762
4796 4797
4557 4561
3744 7522
4303 4388
3284 5110
1275 3946
7069 7070
10787 10789
3205 4866
40 252
210 4018
4498 9205
5172 5173
4808 5302
53 11726
3670 7332
12118 12119
11610 11624
6543 10053
807 2366
3114 3115
83 9202
7337 7338
2007 8588
201 6096
11624 11631
83 7196
199 5809
4977 4978
7109 7111
3658 4523
8739 8740
565 3609
4806 11379
507 1540
1407 5882
1384 1385
12117 12119
4174 4249
11628 11634
5403 5405
83 9195
6232 6233
5172 5220
958 11255
10969 10971
7902 7903
6673 8824
7085 8470
8261 8262
1027 6739
218 8694
4941 6847
11285 11287
6103 6104
11664 11665
48 416
9349 9350
9299 9301
3483 4425
221 502
5341 8575
2920 3239
318 3484
5996 6195
10656 11582
340 8037
55 7357
927 11344
9376 9377
1857 8434
1161 9082
11610 11621
6682 9108
5363 8333
12169 12171
479 1563
6967 6968
8306 8309
1358 3051
5952 5954
455 4976
5171 5172
5335 5337
11283 11288
5869 11612
3560 9360
2578 6336
1241 6633
6934 9943
8941 8943
5728 5729
5141 5692
3836 7229
5205 10443
5805 9267
1942 8241
3143 11200
9551 9552
4498 9201
434 1621
2077 12154
6557 6558
11257 11886
507 6674
807 2873
8477 8682
1248 2447
932 934
1807 3802
1193 10681
7218 8028
8815 8844
1376 4265
5536 7756
1128 7914
7635 7641
6934 9944
2799 11780
5952 12088
416 4372
4699 11255
2046 5307
2172 7791
5805 11372
1746 1747
6668 6669
455 7733
2171 2637
9708 9709
251 416
4342 4343
3663 5802
1484 8911
6469 6693
481 4165
9579 9580
4958 12199
152 153
4498 9196
591 6551
7847 7851
4416 4417
3656 7764
4321 4590
3606 5554
10480 10481
36 10075
945 5235
9968 9970
54 2803
4218 9511
8570 8573
10813 10814
10043 10044
4994 4995
83 9205
8677 8679
11615 11625
3533 7677
7865 7866
5439 9680
7492 8990
3641 4278
6789 9259
7900 7901
6 2120
2063 4321
2312 2313
394 7758
691 3454
105 9006
862 2848
11656 11919
11255 11885
4552 8838
2108 2798
127 424
1650 7354
7331 7333
51 3579
2443 2444
6715 6717
2135 5902
251 1425
7524 11016
11973 11974
7525 11016
6669 6670
432 10372
1953 12101
2046 5304
6093 6095
5600 5602
12101 12103
10796 10798
3857 3860
2367 6220
3579 9207
4904 8945
592 9968
7606 7607
5255 5257
2708 5644
2312 9431
4525 4526
395 2926
1911 9109
11613 11633
2006 9728
407 7504
4230 4231
2822 10481
633 5482
5305 5315
710 2255
7338 7339
874 4393
452 4089
6463 6466
10627 11433
8840 8842
977 7301
4845 4847
2314 9249
4694 4695
4486 4491
11618 11625
551 6267
4613 9338
11492 11493
3482 7968
6937 6939
2632 5582
9746 9747
2225 5999
636 7891
3663 9107
5197 8786
11785 11786
11616 11634
1540 5574
6903 6904
5046 5047
6150 6151
8115 8117
1303 12128
2674 4643
633 715
12163 12164
5346 5347
72 4607
1851 8470
6392 6394
10577 10578
413 2217
4553 8842
6030 6034
12101 12102
11612 11614
72 8663
340 1213
6951 6952
7069 7071
933 935
12067 12068
1028 3950
1410 10005
11882 11883
809 1067
3587 3588
5304 5316
4547 11071
1484 9251
8297 8358
1141 1350
218 502
8377 8378
8487 8489
715 11628
7893 7895
8358 8361
3811 4924
809 9083
9057 9058
5691 6366
1216 6853
479 12003
8663 11614
10037 10038
4177 5507
6450 6453
480 5919
3057 5913
4381 8694
1193 10684
914 8241
8421 8422
945 5234
6665 6736
251 3016
4179 4180
11357 11358
220 221
11282 11285
6765 10912
507 809
5791 5792
5696 5698
3579 9208
297 4246
7330 8396
1117 9082
868 11651
9618 9620
10914 10915
8624 8626
5562 11855
10080 10756
1264 3571
2004 6441
90 7695
11916 11918
8234 8235
6291 6292
4613 5954
1587 6469
10934 10935
220 5611
51 8156
11299 11300
2314 3834
3802 9679
11469 11470
11422 11423
270 272
8478 8680
10295 11163
1587 9006
6453 6454
416 2447
3640 7607
5420 8838
6250 8209
5300 8435
9978 10038
269 7009
1407 1848
270 4086
2577 7410
6709 6715
416 6475
4815 11815
6231 6236
4553 5421
2540 9486
3284 9722
5419 10080
6470 6471
480 481
8477 8681
6964 8472
882 2045
7880 7882
5029 7084
3890 4015
1807 1808
479 2046
9200 9201
6551 9056
7952 8916
2479 5745
9419 10987
231 2439
111 782
2917 2918
5239 6157
3915 3917
4560 4561
10680 11422
2873 9578
304 10701
287 10101
6849 6850
8663 11632
958 11257
4492 4493
172 1264
3651 11971
2244 2245
9302 9304
2917 8663
4958 12198
1877 9495
4198 9888
6928 6929
543 9733
7366 11208
5099 11561
3284 9701
9196 9199
4453 4454
5908 5911
11256 11885
3533 5917
286 3059
958 1358
207 7507
2577 7411
5336 5340
11628 11631
11627 11634
11177 11178
3653 12101
1731 2210
8030 8031
287 3386
512 745
7289 7291
12163 12165
1150 2797
5028 10987
1150 2799
260 684
6970 6971
8156 9255
2340 2558
151 152
2873 5287
10355 10356
7367 8036
5715 5716
6039 6041
83 3114
5415 5446
10491 10492
2108 2797
7289 7292
1639 11515
2676 2731
11759 11761
1824 4373
172 720
4974 4975
7665 7666
37 5150
506 1034
8297 8301
1549 9597
7326 7328
3389 4155
1478 9251
4997 4998
508 4058
680 4410
3810 3811
3389 9471
3284 9723
46 7124
12005 12006
11284 11287
428 6673
4685 8650
11616 11633
11609 11626
6714 6716
8652 8653
1034 3454
6250 6251
2838 3962
2120 5290
207 269
11940 11943
6191 6192
2914 10098
683 7830
10476 10477
6736 10929
1057 3858
153 1181
4596 4597
809 938
9681 9682
8156 9199
11784 11785
83 9203
9204 9207
2707 2708
1318 1563
9738 9740
6493 7407
395 9576
547 4056
3206 9042
7491 9072
2005 5759
6028 6030
2799 11909
10364 11414
5650 5652
2225 5622
505 807
382 9534
502 2172
4553 8839
2225 5623
8156 9202
11945 11946
3100 8491
41 10519
1747 11718
8006 11282
4210 8924
6141 6153
4546 8824
2214 4332
5222 5225
83 3064
4613 5613
4217 5809
54 270
5921 7410
3857 3859
1432 2664
5509 5512
6179 8511
4455 8679
5132 11439
54 782
19 11132
4731 4732
209 3979
6193 6197
8823 11068
11614 11632
2025 10879
9403 9719
2797 10460
1540 5832
51 9197
19 11131
1580 8325
3583 6182
45 11689
6711 6712
11609 11630
639 8037
8815 8816
5586 5588
6141 6152
8178 8180
4218 9510
2731 6639
551 11284
635 9968
2731 4132
3572 9412
3640 6156
6966 6968
1250 2464
96 1316
215 216
4699 11256
1431 2664
11612 11634
9127 11576
6384 6385
5586 5587
2314 9248
929 1444
428 10481
11464 11466
11663 11664
1211 1599
2195 5439
6534 6703
1105 1478
5798 5799
218 5072
2335 2855
1721 1723
8507 8508
3640 10100
6586 7893
6106 6108
4392 10115
6374 9855
3714 6004
1613 4086
10726 10731
4629 10725
3791 3792
3987 4494
4193 9255
397 4575
1851 9514
1445 8576
2062 9678
100 9645
1328 4574
3189 9279
408 9282
10125 10127
1093 3326
8770 8845
6798 9314
8571 8572
11611 11616
9193 9194
7327 8394
8596 10170
8663 11610
1407 6068
4263 7543
412 9016
6863 6865
10035 10036
3782 11574
11971 11973
11617 11625
8937 8940
38 1747
10726 10730
934 3804
7451 10471
9977 9978
6542 10706
7965 7966
11244 11245
1587 5427
4469 4470
5591 10273
5095 6863
5794 9057
8478 8686
577 2367
3279 10466
54 4589
4994 4998
4539 7734
8663 11613
9316 9318
2446 8596
9984 9985
382 2709
11914 11915
3810 3812
1808 3802
77 6673
9582 9584
172 4089
1275 3389
2632 5581
804 6551
9694 9704
5492 5493
11620 11624
665 6677
2249 5958
8183 8184
715 1264
5847 5848
481 1621
636 6037
5581 5582
4125 7231
9195 9209
4278 4279
4733 6008
9457 10815
3533 9762
72 931
3799 3801
665 1383
11484 12027
3328 5504
4814 4815
10388 10390
5648 5862
9347 9348
8023 8024
8596 10169
1621 2025
7885 10025
839 6037
207 7646
10017 10018
4953 4956
5287 9578
5622 5623
6792 6793
8686 8687
1717 7598
9309 9310
152 5866
10095 10097
3340 10492
4106 4355
2918 8996
9246 9247
269 804
728 3835
11516 11517
1177 6556
4555 4556
2265 4545
1141 6282
68 4395
9195 9197
6818 6819
1953 3653
1621 4558
8489 8490
12005 12007
4955 6103
9046 9048
3579 9203
5869 11623
4060 6346
1455 1457
6194 6195
252 382
1264 2665
592 4218
5695 5696
8015 11494
4056 4058
479 5309
543 8400
3368 8044
9491 9493
385 9016
3460 7964
10329 10330
6758 6759
2533 8828
11946 11948
3782 4951
434 4371
3389 9469
11612 11620
11627 11628
2507 3641
11816 11817
3663 5803
5695 5697
7954 7955
6707 10052
5654 9533
4547 11069
5028 10988
1241 4644
4104 4105
6198 6199
24 691
495 8806
231 6778
37 6424
7124 7125
11219 11220
9429 9430
7730 10935
4261 6489
729 4608
8894 8895
511 6417
5131 5132
727 7437
551 9430
11279 11280
7603 7604
11621 11622
6920 6923
796 10952
632 5752
9968 9969
8297 8359
7943 8584
479 8353
2171 4105
4664 4665
869 9494
11612 11629
710 711
1861 6766
4290 8195
4676 4678
11606 11607
11343 11346
938 9082
7334 7335
5403 5407
4332 4665
5701 5703
6712 6716
1621 4557
221 2172
11619 11630
3023 8015
2166 7706
11284 11285
2043 3812
8156 9194
1411 4079
6002 6003
7327 7330
808 5110
6786 6788
4982 4985
3782 8773
4416 4418
6850 6851
2925 7453
9196 9200
372 2802
11650 11651
2822 5150
2798 11855
42 1407
6713 6717
8307 8310
3653 12103
3206 4866
1425 6551
7492 8942
6788 6789
220 1384
2632 5583
5184 5185
1229 4622
105 11769
6878 6894
11612 11633
3428 9806
4547 11065
3022 3023
1445 5677
6073 6075
144 8585
1638 6686
728 4283
6486 10835
2057 4086
3064 9194
3328 5502
5414 6776
9199 9200
5527 6974
4613 8351
4555 4559
11810 11811
5482 5483
11399 11401
153 8473
10046 10047
2409 4356
2172 7790
5421 10497
1784 4082
5805 7383
2660 4924
2748 9278
10679 11422
9457 9459
107 11780
1093 2446
683 3811
6198 7724
78 452
2675 4643
9141 11491
6244 6245
2217 10410
8156 9201
6355 7915
5439 9681
7326 7330
2479 4808
3450 4541
6246 6250
10987 10993
269 1141
3206 4812
6196 7739
2625 9677
11620 11630
1258 6279
7494 8024
144 2433
4268 6424
4605 12085
11626 11633
9224 9225
207 7011
477 3692
2314 3887
10184 10185
1213 2314
6400 6401
455 10090
3614 5662
2926 3284
1072 3512
3678 5747
10990 10993
1249 1250
7990 7991
452 8303
2314 2315
3802 3803
782 11261
2081 2082
5288 5290
2660 8034
5653 6553
6084 6086
592 635
5219 5220
4867 8705
2632 7276
10086 10535
395 10521
3387 4165
5888 11004
209 3658
3961 12089
4951 5913
10295 10680
9127 9128
51 4498
10387 10389
5172 11166
6290 6292
941 7865
10680 11398
11809 11810
2120 3278
782 807
416 1605
5304 5315
5806 9688
252 5654
6 2367
9623 9624
251 315
9254 9255
9663 10466
11628 11632
9245 9246
2085 8571
6112 9057
9979 9981
2171 3750
2627 9625
4293 6410
7731 10573
5354 5355
7492 9072
5215 7120
745 3156
1196 10683
5694 5698
782 2805
6197 7758
4280 4281
3322 10067
9308 9310
550 11672
11430 11431
5440 6180
272 2057
8264 8265
11905 11906
5806 6387
1911 3780
11615 11626
4554 4555
3890 8037
3505 4685
3226 10080
6464 6467
3914 3916
250 4644
1770 7580
10680 11580
634 1385
219 3206
4174 7405
3782 12121
1027 3571
8897 8898
1362 2210
8675 10413
2674 4132
6934 10280
5868 5870
481 4554
3341 4523
6251 8661
287 10481
111 720
2341 3967
5426 5974
6254 9667
8298 8301
5584 5586
9680 9681
8203 8204
3557 3558
9978 10036
6375 6386
9347 9349
10727 10728
4622 4624
6709 6718
5669 9832
10649 10754
715 11617
1327 3799
2059 9278
3114 10290
3571 5612
3641 8089
3328 7861
4341 4342
54 1384
6130 6132
1360 6895
665 8653
8824 9173
1196 10681
42 3482
51 9196
9621 9624
5256 6776
8220 9145
2540 2542
5310 5315
9087 9088
3554 8696
2707 2709
914 2026
2925 7452
4376 6662
132 4562
66 5215
5345 5346
201 2534
900 1108
54 2074
1141 1484
506 874
6192 6193
6605 9386
4387 10552
632 7162
6878 8220
2242 2873
4079 4081
11798 11800
506 994
7503 7504
10099 10683
9709 9710
895 4663
385 9018
8896 8898
3811 4925
9301 9304
8630 8631
2169 4497
5095 5096
7662 7663
4389 4804
11615 11632
660 11306
4950 4951
6840 10184
215 8694
5744 5745
887 7932
2674 2731
11076 11077
4328 4329
8506 8508
11619 11624
5182 5183
5661 5662
215 3802
6443 6446
4541 10364
862 2062
46 7125
5210 5213
4086 6877
11623 11632
6744 6750
4804 11975
1851 9513
5683 9769
12187 12188
1034 7441
9189 11277
4856 11742
172 506
7334 7341
7161 8587
9428 9430
6568 6570
9006 9007
5558 10480
434 2798
2439 6375
507 11295
868 11652
54 220
9528 9529
5256 5258
17 385
11886 12062
895 3869
3528 7885
6118 6158
144 4663
1942 8240
1419 1751
4395 6268
1141 2437
4350 5270
4642 4731
11626 11630
9375 9376
3842 4105
11713 11714
468 9910
684 6199
10415 10417
6686 6751
7943 9596
7987 7989
5339 5778
1455 12040
3512 8912
543 1498
1660 1903
2367 4468
132 1020
6031 6034
1364 11295
452 4590
4717 4850
6816 6817
4356 9594
1944 3493
7547 11948
9120 9124
416 1621
682 1045
869 1168
344 7915
8039 8041
5154 7429
11798 11799
3664 5595
10122 10123
4540 4541
215 382
8404 8406
8626 8627
11771 11773
4165 4166
1250 1942
412 4132
6649 6650
3482 9082
1359 1360
9484 11256
933 6603
6063 8403
6987 6988
4612 5746
6226 10967
7844 7851
9224 9226
6957 6958
605 11261
5869 11628
11620 11622
807 2625
9173 11070
1141 4373
8306 8310
8395 8396
2166 8961
9196 9209
107 6282
6085 6086
62 1850
5307 5314
10992 10996
4500 5853
7844 7847
2676 4131
1072 1130
9582 9583
926 4454
11584 11585
7781 8983
9203 9209
633 717
8721 8722
6862 11077
6078 6081
1819 7378
3967 4156
5348 8423
591 4218
428 8824
2273 4240
4082 9503
4859 9722
2660 4925
8823 11071
1275 7762
2540 2541
4488 4491
1861 7922
11218 11219
2609 10223
4123 4124
10889 10891
5877 5878
2916 5421
5744 7326
8570 8571
5329 5331
4261 7541
9198 9200
12088 12090
5337 5339
5098 5099
1549 8904
1020 6288
591 11745
300 2836
10816 10817
9429 9431
11613 11619
4107 6062
11614 11625
10080 10419
3802 4232
1290 2367
7147 7148
2161 11131
11399 11402
52 9413
344 397
1642 8265
5075 5076
718 4159
5305 5313
9196 9206
6194 6196
7195 9569
1220 3896
4553 8841
9485 9486
5204 8220
7964 7965
10871 10872
10727 10729
7710 8220
5305 5307
10671 10673
11011 11012
7860 7861
1621 4559
4419 4674
4803 10829
1248 7880
11609 11619
1580 8043
3504 4477
7949 9787
7763 10681
11612 11616
10680 11421
10416 10417
6940 6941
5150 10481
5305 5306
4596 6305
1326 9599
218 10458
7543 9212
4077 4078
4168 11799
153 2992
6199 9142
3155 4903
2199 7423
7452 7453
4180 4418
5562 9111
766 10372
10728 10730
5693 5697
4387 4695
11538 11539
397 9944
5440 10966
1264 9722
710 7864
5805 6387
4174 11365
10776 10777
4648 5095
317 4916
955 7161
269 10270
10535 10536
7339 7340
11257 11885
48 6475
1359 1361
4859 6240
159 745
5805 11363
5509 5513
4088 4089
5404 5407
6247 8209
287 6970
2161 11132
1484 7125
932 933
1196 7960
2062 2625
1442 7121
11345 11346
8680 8683
3802 8694
4146 4147
4552 8842
5811 8759
4814 4816
6744 6748
1045 9809
10987 10992
9427 9430
5482 5528
5310 6102
11623 11626
3258 6361
1275 2217
5235 10925
10990 10991
4552 4553
1289 3533
9197 9203
5869 11626
1633 2275
303 7303
4613 10908
9510 9511
112 808
5028 9419
4397 4400
3836 7230
4263 11440
479 5316
1144 4866
8156 9208
670 9174
684 729
5483 8138
5796 11651
1034 4297
317 4607
3831 3832
5593 5594
395 1161
7292 7293
9462 9464
10679 11397
7333 7336
4015 6063
4542 4543
7085 7086
1 11468
9202 9207
3533 5790
4667 7086
2423 6879
671 2367
5426 5427
10337 10339
4741 4742
37 1315
636 6036
1150 1948
4607 12085
11118 11120
720 11474
2798 2799
1 10419
517 10635
6735 6736
543 8324
37 416
9981 10035
5306 5312
691 7441
3386 10901
3782 8684
4667 9768
9422 9494
958 9484
1164 5706
6716 6718
11615 11631
4240 5947
112 6946
428 927
1216 6852
5562 10091
2797 8053
8307 9105
507 2076
7526 12173
2920 3241
1777 5099
6032 6033
297 1751
479 9056
543 5624
5171 10676
7218 10080
698 9495
7702 7703
3583 8478
842 11814
5601 5602
6059 6394
5222 5223
11195 11197
8487 8490
507 11238
111 808
4304 4804
2025 6977
1621 4560
7492 7494
866 2225
7336 7337
6678 6679
2395 3205
9059 9060
6671 6673
511 6747
1072 3341
9926 9927
11613 11623
5327 5328
591 1967
4177 5506
6709 6714
5414 5447
2091 3321
5806 5807
3321 6240
11613 11618
5304 5306
172 1262
5097 5098
3640 9830
1717 7599
5669 6605
5747 9152
4033 4678
809 7088
698 5982
480 1318
4629 8248
4648 6995
684 1967
11630 11634
11397 11398
591 7332
4558 4559
8884 8885
10033 10034
2427 8140
2120 5288
507 5414
10890 10891
5100 5101
5510 5512
2314 3799
1628 1819
45 665
543 9334
4303 4304
1022 6441
6247 6248
6025 6026
10036 10038
11068 11070
8412 8414
8353 9056
2257 9150
2335 7968
9223 9226
7141 7143
300 8940
10673 12195
4425 8211
6751 10099
5692 5698
551 9428
3017 4270
2059 3189
2443 5157
5908 11989
9204 9206
51 9202
505 9678
551 10595
7508 7510
3428 9805
90 6375
6604 6605
7776 7780
592 4096
5869 11616
5234 7104
7871 7873
3380 3528
60 112
4320 4321
715 1360
11943 12103
6561 9153
9269 9270
153 168
479 4689
3450 6883
4949 5867
3058 11488
8759 9305
7788 12015
11784 11786
6172 6173
3476 5103
83 11608
54 3750
1740 6459
11245 11246
1770 6788
7329 7330
6913 6914
4397 4398
1161 6118
300 1350
866 1141
7492 8025
9419 10989
4915 7931
9471 11583
1262 6735
4613 4622
7162 7164
6321 6323
3606 5553
5239 6156
2808 3886
684 9815
11421 11423
5706 5707
9462 9463
11583 11585
11609 11617
711 7864
479 1318
4419 4460
684 5117
4182 5806
4107 4355
54 1161
8029 8844
1861 7406
11655 11656
4544 4547
7199 7200
10620 10623
7123 8116
481 2025
6913 6916
1093 1248
11612 11623
4553 8900
10620 10622
7109 7110
978 7860
10773 11605
6975 6976
41 2830
914 1942
6569 6570
10680 11164
4194 10002
4907 8931
9195 9201
506 578
5694 5697
5585 5588
3746 3747
12014 12015
10988 10992
6098 7836
5171 10675
5671 5672
1364 7617
8759 9302
1731 9531
3128 6220
45 47
3856 11656
3016 7026
710 7866
3245 4960
4217 4632
1177 6558
83 4193
1309 10270
5222 5224
955 4293
7140 7144
7790 7791
226 4089
543 8323
4076 8084
7823 7943
1920 2223
9491 12174
3632 3633
9977 9979
2367 2797
3450 7284
2249 9758
218 1384
9082 9678
6861 6862
507 10725
6463 6465
11624 11629
7334 7336
6548 6550
8506 8509
684 4699
6659 10095
543 1500
370 1628
11066 11071
2737 2738
11663 11665
4803 9121
5304 5311
2851 4997
8843 8844
2533 8829
2873 4321
10104 10105
1407 1635
10813 10815
727 3380
7918 7919
5672 5673
1824 7949
10989 10996
7866 7868
4890 11455
6282 9494
5344 5345
4486 4487
9199 9202
6093 7739
6281 6282
11585 12198
6542 10707
7988 7989
260 3930
455 9519
5190 5192
4032 4033
5747 6168
3057 6062
10371 12120
5506 5507
3543 5073
1587 9385
591 4095
3579 3580
1650 11339
5697 5698
72 2680
52 4589
112 720
4101 6349
4684 11719
1000 6576
4745 4746
395 7930
8824 11066
2731 6268
4016 9029
7331 7337
938 9677
881 7949
1 4640
926 4542
303 8094
6104 7112
5342 5346
10556 10557
7957 7958
11065 11071
4971 4972
10036 10037
4801 4867
683 9645
7324 11742
7970 7971
2836 9341
3811 3812
7370 7371
6920 6924
5654 9534
5309 5314
1691 7386
1407 8931
7196 9255
455 5788
7326 8396
8863 10294
605 782
2447 5170
419 3024
9471 11584
10004 10005
52 6607
7524 7525
4591 6290
6673 11071
1706 4011
77 6672
10122 10125
7218 12196
3006 5185
842 12112
3856 6279
6127 6366
479 5820
1484 8912
1141 9135
6001 6002
9312 9314
8310 8312
2485 6062
729 7943
5683 9772
9717 9718
395 698
11615 11630
573 1191
11468 11470
5747 11951
2046 5312
11678 11679
2108 10091
9787 9788
931 7480
9344 9345
8283 8284
4075 8085
9080 9081
1027 3346
6075 6076
4676 4677
593 8265
8759 9301
636 10375
5212 5214
1034 1319
6073 6076
2225 9733
583 1642
9856 9857
9550 9554
10224 10225
4699 6697
8324 8400
7960 10155
8025 9101
2920 4845
4428 8212
11612 11622
3987 4493
2257 9149
2539 5126
2797 5289
52 11722
6151 6154
6282 6283
5150 6194
11599 11600
4075 4076
1141 7124
1920 7949
54 2577
507 807
507 8267
11810 11812
54 217
4684 5549
6915 6916
10679 11421
11162 11164
808 11261
2265 4547
10099 10155
8487 8488
8799 8990
6788 9260
9573 9574
8759 9303
3064 9191
11625 11633
11619 11634
4148 4944
869 7755
8549 8550
7011 7293
432 433
11611 11628
6 7931
2314 4016
5805 7233
1672 5425
17 7105
511 6745
6659 6660
11515 11516
3156 5586
4952 4953
6304 6305
4399 4401
2926 7452
8306 8307
807 9396
199 4632
6679 6680
4613 10909
8488 10902
1356 6424
6463 6467
578 8169
11680 11683
4613 10076
6279 9494
4955 5415
807 2822
11282 11287
1484 3732
11711 11713
72 4605
3238 4050
10989 10992
840 6632
6156 7607
10224 10226
112 3279
54 4086
11066 11069
929 9873
93 3869
1045 4717
46 48
6 344
605 11594
11065 11069
80 3554
8824 11071
3533 4664
3651 7395
5369 6179
395 4575
48 6374
2596 9753
1407 6336
4663 8783
10389 10390
7198 7201
1724 8472
9303 9305
4663 5790
11759 11760
2255 7868
5883 7893
4904 4906
10705 10707
3205 11921
2046 5308
4847 8416
5215 12028
6673 8823
941 7866
591 6200
1161 6119
2367 7885
5099 11559
2289 10490
9346 9347
1411 4668
11615 11629
6302 6303
1248 8675
12016 12020
8006 11285
4270 4271
543 5551
3944 11772
5307 5308
1819 4293
37 6686
11244 11247
238 6686
5759 6060
11616 11632
5307 5313
8023 8025
1692 7394
7915 8386
231 7566
782 3609
3242 6429
6558 6559
2108 9630
1077 8073
1942 2464
2265 8823
7635 7638
3113 3116
4686 4688
6107 6109
1034 4674
13 322
4991 7837
7218 10670
4182 7080
4966 4967
1326 9598
61 1731
11614 11616
636 10374
9813 9815
4804 9123
3640 7522
260 9531
5288 10481
1729 10025
975 4165
9234 9237
6077 6081
297 886
8095 10116
5021 6311
9835 9836
11940 12103
3428 9807
1311 7560
7763 10683
683 1484
5344 5346
5197 7334
1193 10099
11620 11634
1057 3860
11614 11620
83 2223
269 7614
6710 6713
11286 11287
1350 7830
9421 9422
6941 6942
481 9563
1322 5423
1275 4195
6873 6876
6309 11100
4559 4561
7549 7550
2799 3387
4453 4455
605 5096
4552 8901
10773 10775
6552 6553
7085 7087
105 4972
6649 6653
9842 9843
4554 4560
4017 6063
10049 10051
698 10267
2423 8930
4229 4270
11615 11627
809 2873
251 252
8961 9827
10042 10043
3340 3463
3782 5913
1250 8240
1198 7896
10030 10032
6 10759
8178 8181
4915 7915
395 2925
2857 4943
11617 11630
1606 5820
422 505
7490 7492
5869 11627
4612 7408
9739 9740
7637 7638
317 726
9963 10068
10525 10527
7058 7059
66 2855
397 5535
728 3641
2046 5305
370 1819
9462 11773
8184 8186
480 691
479 5313
9034 9036
4699 11885
213 759
7942 9702
250 7269
83 495
934 4678
4193 4194
11539 11540
1116 7565
6309 11117
8961 9825
8823 11070
480 9019
684 11256
6228 11015
3848 7891
4804 9121
3460 7966
9759 9760
9336 9337
10672 10673
7335 7336
479 1967
11343 11347
397 7935
8178 8179
914 1249
11955 11956
5584 5588
2568 4107
6757 6758
41 6176
7354 7355
2798 10091
6139 6789
7684 9578
4304 4803
10168 10169
6652 6653
7777 7855
9278 9279
6461 6462
11325 11326
10479 10481
5551 5622
10617 12088
1407 5883
11285 11987
938 5558
11618 11623
955 7378
4553 8840
5777 11469
7436 7437
6744 6745
9701 12028
4165 4357
5759 5761
11622 11629
976 4731
24 7416
715 11631
213 760
9199 9204
11155 11156
1707 2062
9717 9719
6461 6467
9403 9404
6914 6915
218 2074
199 4633
54 634
2676 4643
933 4033
5172 12063
6751 7255
862 3859
45 6675
7420 10908
322 983
6673 11067
252 5943
2916 8675
2043 6878
480 1150
941 2255
6568 6569
4426 4427
62 1861
2367 8052
8680 8687
7210 7615
3512 8911
9677 9678
1808 1809
10731 10732
19 2161
2637 3750
4382 4633
4486 4488
4106 4107
7580 7581
11283 11287
881 2223
1548 10532
7598 7599
9753 12029
4681 6751
6196 7758
3057 9274
3258 6243
1903 6198
4648 6996
4613 5508
3505 6127
2233 4972
8838 8842
9805 9806
6595 8378
5211 5212
502 5611
1563 1606
1881 11606
4685 6547
11629 11631
251 1605
9082 9083
4977 4979
7198 7199
4373 7949
1248 7879
6916 9992
5335 5338
4083 4117
3341 3657
303 8093
4166 8271
7547 8488
269 479
4093 4095
5223 5224
8358 8360
4083 5903
10336 11807
7508 7509
96 6198
214 1808
72 8035
263 3538
6152 6153
5669 11717
315 6424
1660 1904
434 2025
11971 11974
3342 9006
11946 11947
451 3284
11613 11615
5651 5652
218 2172
591 1968
5306 5308
1 4639
4321 9578
10810 10812
4293 5355
4764 7529
38 10075
3664 5593
8095 9897
6191 6195
7327 8396
2273 2275
10994 10995
9127 11575
8101 8102
5869 11620
3606 5622
1 11792
2046 5314
9693 9694
782 3613
7315 7316
8337 8421
1 11791
7142 7143
1322 8786
37 583
9302 9305
766 2340
112 913
5533 5536
1350 3340
6908 6911
11065 11068
8823 11064
7757 7989
5075 5077
93 8783
9666 9667
4155 9351
807 4089
4194 9254
2405 2635
250 7268
111 2805
11609 11633
3580 9476
11065 11070
2918 8995
1967 1968
10589 10590
6028 6033
8839 8841
8183 8186
3744 4166
5420 8840
11613 11630
864 1146
7009 7011
480 2632
9457 10813
605 11595
5027 6511
551 10043
3116 3117
4907 7885
10993 10996
4483 8109
6033 10872
8663 11618
1376 3930
11131 11133
8306 8312
6155 11150
216 4381
4356 4935
578 1168
9119 9124
172 4590
11163 11164
8730 8731
419 9141
10773 11607
660 9871
231 7565
4745 4747
1680 7522
809 2822
1072 1484
1248 10080
83 7010
506 12135
716 2543
6963 6964
4145 4147
1164 5659
10379 10382
479 729
5882 5883
6588 11690
543 5623
2446 10672
8829 8830
2091 5287
1214 4649
5363 7792
172 5262
6532 6533
6245 6246
1770 4297
105 9736
1045 1315
6074 6076
4907 8945
54 2755
11612 11627
5778 5779
7218 8027
5811 9302
5996 6194
975 3743
2255 7865
1848 6336
9491 12173
7291 7292
7580 9338
3651 11973
1262 2091
591 4096
6100 6105
6 7935
300 1230
8681 8682
4613 4623
9121 9122
2026 2609
8889 8890
4301 4303
11616 11621
11215 11216
1164 4079
684 9813
4261 7542
7411 11475
10275 10277
3782 10101
252 7507
6279 6280
252 1425
8095 11166
11621 11623
2434 9700
220 8337
5427 11600
7960 10685
433 4628
159 1414
2594 4667
6916 9977
8107 8178
4093 4094
1851 2901
1380 3493
11947 11949
1112 7479
8561 8562
2004 5613
4856 4857
5257 6104
6 8053
41 10518
1150 4559
11610 11618
4393 4394
7414 7415
1067 6788
14 10460
543 5270
4387 4694
382 3375
8824 11067
1213 11458
4752 4943
3250 4938
7901 7902
4106 6112
78 2074
6818 6820
7276 7277
1824 2223
10634 10636
5841 5842
8299 8301
726 1587
1067 6789
9644 9645
1649 8511
455 1230
869 6279
4278 4283
10988 10995
10328 10329
3285 3604
54 4031
3780 4683
11948 11949
2312 9428
6245 6248
6495 6496
2314 7904
7142 11251
591 4094
1020 8867
9304 9305
4846 4847
6275 6277
9419 10990
9663 9664
10147 11623
9248 9305
5157 5158
10387 10388
6444 6445
218 2637
4308 4309
6459 6466
1211 6586
1660 6199
801 2437
2314 5811
9757 10222
6686 9396
218 716
1141 4629
4663 6741
3155 4504
8770 8816
605 11466
24 5267
6062 6240
1621 4561
12019 12020
8262 8263
6919 6920
9807 9808
37 2822
1072 2046
3525 8866
8437 8439
636 2770
4194 7904
1484 5232
8926 8927
1453 1606
6001 6003
11588 11589
8961 8962
11244 11246
1262 8510
3114 4821
1642 2314
7199 7201
83 9254
269 1309
3580 10779
4075 8084
8239 8514
10336 10337
1275 8109
866 9334
1861 6524
1264 12135
10504 11165
10647 10648
10673 12196
2709 5644
5405 5407
4558 4560
8773 12122
507 720
4665 6139
868 5795
7339 7341
8110 8112
9301 9305
340 4268
5146 5148
6586 7894
2748 9279
4634 4635
6229 6232
506 5215
5028 10996
8844 8845
2446 8675
6356 6358
10907 10908
4685 10391
495 11313
8359 8360
5482 11903
8630 8678
591 593
3202 11322
4387 10554
3999 5154
479 7943
7877 7880
2225 3657
5693 5695
5568 5569
4639 4641
3651 11984
572 888
2627 4939
7637 7641
6007 6512
4263 5131
4596 6303
10147 11631
4101 6348
4972 6217
4246 4947
571 8196
9195 9196
6176 6177
1945 3716
3368 4574
5074 5075
11989 11990
1492 1493
6156 10402
2755 9279
83 11606
684 1150
9191 9193
4687 4688
10035 10038
138 3337
1123 7351
5306 5315
252 7010
10045 10047
8663 11628
80 8696
7491 8990
3450 7283
3483 5705
1587 6217
591 11744
11282 11288
5502 5503
382 5653
7778 7780
1211 2485
452 10172
11780 11781
4914 11296
10456 10457
6918 6964
507 938
2540 3428
2686 5919
941 7867
7123 8501
4950 4956
207 2709
683 6489
1492 4932
6556 6559
5256 5446
5728 5731
5311 5312
4248 8766
3240 7068
144 3888
11610 11630
252 2709
5461 5466
3782 8169
9990 9991
3242 3454
10670 10673
5761 6217
7984 7985
691 1027
11066 11067
958 4644
5400 5805
7531 7532
96 1660
8041 11368
2561 11443
6230 6236
10656 10658
4856 11752
887 3321
9778 9780
207 7010
511 6746
505 1161
5454 5456
3782 9712
416 5150
8663 11616
7593 7595
1 5262
1193 7960
8663 11627
6279 6282
111 507
7123 8569
2447 5172
11712 11714
1411 4906
9990 9992
9986 9987
6317 7286
11581 11582
2166 4958
3484 5705
382 7507
728 4281
5289 5290
111 3284
479 4548
2609 6525
251 3615
8211 8212
287 6971
1360 2820
10147 11609
10990 10995
61 715
8507 8509
6282 11296
3915 10419
4261 5131
11784 11787
941 7864
6282 11767
1168 8960
37 3615
7097 7098
382 1426
7885 9983
718 8572
1250 5970
9528 9530
9769 9770
8637 8639
2357 2836
4316 5846
2077 10932
12132 12149
6108 6109
6279 7755
422 5262
14 12130
8862 10294
3670 7335
4904 7884
5290 8053
8663 11615
801 10969
1385 4307
11506 11508
9121 11975
10498 10499
6497 6498
7960 10681
683 9721
1045 1316
9943 9944
571 8195
37 1642
1540 5831
62 506
4931 4932
9016 9018
7729 10895
9770 9771
4972 9737
2213 6576
11614 11634
7338 7340
5300 10915
10994 10996
4108 11040
1843 7763
7143 8404
9225 9226
424 5591
300 3340
1264 7412
4959 6671
1945 8562
5915 12159
10122 10127
4962 9571
394 6195
5454 5473
8715 8716
665 6676
3340 6490
4160 4164
66 578
