323 455
8479 8480
5757 5758
4275 4277
211 3828
1906 1907
2999 8789
1308 2297
317 12352
12684 12685
217 4663
12761 12762
7588 7589
127 933
6935 8724
2639 13274
684 12607
7486 11108
581 13108
3437 10749
2437 5073
260 424
5014 5015
83 13065
1857 2567
2309 2310
3139 8910
1735 3232
633 4061
881 1045
94 95
3690 3691
71 1407
4166 4357
1304 13084
591 4218
494 12688
149 12521
1161 1211
4143 4144
173 489
12912 12922
778 3739
2283 8463
7564 9565
317 12750
480 1150
1905 1908
127 3400
7942 7943
12359 12362
13239 13240
8879 8882
502 2172
279 2079
1203 7821
1827 3558
811 14240
5268 9308
3483 4605
72 3484
887 927
958 13006
290 13344
2600 2779
112 395
12679 13555
13529 13530
172 551
12689 12692
12686 13570
684 12754
976 977
3498 3499
3797 8177
217 1385
1027 2777
2619 9587
1971 1972
397 1540
9729 9730
1318 3744
60 1851
1977 4202
9040 9041
6252 6253
765 12626
1767 12402
1300 13228
835 836
479 6551
96 12887
13555 13556
541 1391
1945 8561
13355 13356
985 14436
929 2445
868 12860
6112 9057
1399 13440
201 503
12802 12803
13200 13202
6502 11964
3289 3291
7497 7498
3967 4156
1704 12943
652 8317
1385 2803
807 5150
745 13327
1542 1543
1543 12729
894 897
13570 13636
13340 13345
6751 7255
1652 1653
96 269
716 4106
4294 13352
2327 2330
4629 5621
1014 5445
43 13224
41 287
172 13208
412 2674
13338 13341
1424 1771
5814 5816
8221 8223
36 1743
73 1129
1165 12518
481 2799
270 2748
37 12517
5457 5458
385 9016
719 4821
976 2169
432 435
242 1385
936 937
985 2121
226 10560
798 1874
12415 12416
6395 6396
124 8134
729 12602
10591 10593
1635 2485
12991 12992
452 2091
61 62
3213 6824
2675 4533
543 1349
4256 4257
929 7313
1350 2223
743 1271
1464 13220
38 6439
222 14484
270 13373
37 12410
37 12788
3558 12513
3114 4821
169 1034
218 12542
218 12615
958 1362
12757 13000
209 211
2283 12854
201 502
279 3426
94 553
54 633
1255 1258
1152 1153
3750 7416
2161 2388
730 2790
578 13285
12912 12919
1766 5680
73 1080
13511 13512
3218 3222
218 3750
12716 12717
12962 12963
803 2136
3750 3989
2041 8562
4481 10449
729 866
12913 12923
5010 12279
46 1141
218 12465
4106 6112
12391 12517
217 1383
479 11521
1380 1944
411 412
581 582
481 8737
395 578
682 1045
13489 13491
590 591
1380 3494
1478 6375
96 98
61 1401
13023 13091
635 5273
1654 12563
5556 11776
573 966
12674 12675
3750 4836
2945 2947
4809 6993
933 4529
842 3062
1080 2740
2020 6088
2196 7613
605 1771
269 866
5427 12474
1360 13301
12882 12883
12659 12660
12413 12415
3209 3211
1829 1830
12640 12641
5486 6848
1867 8836
9184 11392
665 2710
1967 3069
4246 4946
5396 10592
3999 4240
3750 8612
432 618
13852 13858
4607 9081
90 13553
1945 8562
898 1708
4731 4732
804 1617
1374 13015
468 4529
468 934
12917 12920
13074 13075
132 5700
492 2341
951 12561
172 860
1318 4165
242 13308
985 6137
3930 9058
2122 13377
300 481
3956 3957
201 13119
543 1920
2186 2187
12750 14289
1969 1970
1047 1048
1743 1746
5237 5238
339 12081
217 1356
1017 1019
12435 12436
2327 2331
173 2869
54 1385
809 4089
2442 5643
420 1660
3828 12611
480 3744
492 495
12921 12922
730 12524
3190 13434
12558 13654
562 4241
12286 13626
975 977
1425 7943
2309 2311
804 7943
395 808
1543 3638
317 12448
270 7459
419 421
60 1413
407 12507
37 38
125 2720
135 12706
492 12453
9278 9279
13166 13319
151 8232
1992 5843
2760 9909
63 112
866 7869
7746 7747
2329 2330
46 96
1168 8960
395 6062
418 472
3266 3269
2357 6965
3052 3053
759 13021
411 417
12631 12754
5984 5985
3750 6439
96 5504
955 1080
2746 5120
1116 9565
1464 8420
5404 12404
13274 13275
124 127
60 938
447 831
13340 13341
12833 12834
804 975
2207 7258
63 111
6276 12961
54 5208
1545 10900
218 12538
2731 6268
1076 12392
1820 11114
229 729
363 12549
807 13359
1150 2041
12389 12390
12598 13524
5093 5094
447 3515
578 13142
5396 8947
220 4031
1696 8020
4152 14388
1734 12461
317 2438
223 5529
3937 3942
105 5427
172 13207
2844 13111
955 4293
1133 1134
719 4820
7562 9668
71 72
46 47
9794 9795
5591 9910
549 550
1613 4086
12425 12426
2477 7674
4152 4156
1992 1993
290 13345
938 9082
666 1383
1959 8213
2041 4629
14140 14141
7315 7316
2755 3189
3689 12835
207 250
772 2160
2737 2738
2760 9908
53 2011
12286 12643
479 1425
4784 4785
420 3328
5083 5084
83 1014
801 2614
730 1542
3939 3941
412 4533
1767 4296
2281 2282
158 447
4821 4822
1397 1398
218 4307
578 4526
1589 1591
2960 2961
12919 12923
1731 9531
562 563
814 1939
152 2992
2442 12507
13168 13172
3696 3697
2206 13055
466 1520
12294 12295
6329 6330
3750 5208
10831 10832
7588 7590
13559 13560
990 991
7427 14062
1604 7267
8164 8836
1116 13179
209 6782
497 12459
288 13344
733 949
40 1425
1542 2435
12912 12916
308 309
1617 1618
9587 13228
37 12663
12918 12923
414 416
473 814
1747 12392
5010 12278
696 697
317 727
46 1076
1286 13163
2063 13256
12639 13081
1291 1359
12459 13045
2748 7496
8619 8620
2805 3543
13380 13381
12424 12425
395 1401
37 12411
2029 2030
804 7312
492 493
4139 9400
3936 3942
3265 3266
153 167
80 3336
1549 9597
3387 4165
207 209
2748 9279
2496 3733
209 14480
2349 2350
9159 9163
96 99
929 3160
14240 14268
3938 3941
178 4011
1419 1751
4140 4141
1207 1209
4321 5475
859 901
148 4297
3115 3117
1901 1902
4663 12818
61 1861
13053 13054
447 2790
665 7121
2632 7277
424 762
1380 7729
60 111
8321 8322
72 639
323 448
4664 4665
4276 4277
502 503
221 572
745 12391
4405 4406
1974 4407
5755 5757
12179 12471
4294 12869
3482 3483
2063 5558
1484 1659
6502 11966
4499 5853
1073 1973
3836 7228
1108 8039
1228 1229
320 1014
271 9833
424 13678
13959 13960
217 407
51 55
2089 6686
231 467
6612 6613
4166 4358
62 63
889 12956
46 13093
934 4530
13340 13344
2393 5866
2799 7942
889 12891
543 1350
93 13119
37 168
12584 12763
2062 9082
550 3128
807 2242
256 795
950 951
549 551
4308 11635
12696 12698
12766 12770
87 754
2135 4083
12306 12309
3232 3234
691 1033
1751 4946
1127 4307
892 896
201 985
12295 12297
2197 3319
1680 1681
13227 13228
2857 4943
1542 13293
7949 12887
13979 13980
1713 10748
1017 4810
729 6770
1407 1857
4406 4407
4882 9509
93 13292
1537 9026
578 5612
297 1751
298 13435
2637 4307
3640 12840
591 6551
83 320
1073 5336
4395 10334
653 13432
13338 13340
2862 2863
506 1414
2057 13163
1950 10112
172 577
2754 7135
2873 4089
80 1314
10483 12377
5049 8213
1767 4297
63 423
12672 12673
2028 2029
1970 3527
584 13290
941 4346
653 928
1033 1034
10072 10073
2065 2066
9730 11966
61 1850
6265 9390
6405 6406
891 12956
5906 5907
684 12542
479 1320
697 1684
1150 6564
4810 10620
394 549
13168 13169
1710 1712
8318 8319
229 3828
12558 13655
12990 12991
1558 13211
5259 5260
6551 7943
13 212
52 4589
468 5591
2223 2224
153 2882
2091 4089
8552 8553
12923 12924
1300 2621
517 518
578 862
12430 12431
985 6352
2402 3826
543 5084
8561 8562
172 395
2452 12889
2870 13282
60 1862
1969 3527
2495 3733
829 7109
8349 13636
2004 12475
360 12339
4582 12895
958 1358
2645 2646
4941 6847
8604 13121
1300 3442
9160 9163
1973 2655
958 2658
2013 13251
54 1708
1771 9026
13381 13382
1548 1549
159 7432
13039 13040
270 3750
481 3387
480 6545
899 12100
13335 13336
12546 12547
220 1385
1751 6564
132 13989
6686 6751
317 2627
978 1199
13 11317
54 2755
2275 2789
3334 3336
1478 6374
1957 2650
73 1543
481 517
5044 5045
624 728
382 1425
2595 3738
1590 1591
2003 5427
1360 13033
412 2676
3219 3222
2983 2984
665 666
772 773
1240 9786
12606 12607
52 1712
3262 3263
4201 4202
1047 4294
12967 12968
99 269
891 1758
1173 9572
742 1269
1070 13217
422 577
1706 4011
1004 1006
211 1116
172 578
14479 14480
210 4019
9508 9509
13482 13483
2748 3189
865 4472
1660 6648
1353 13299
1873 1874
2591 10549
252 583
1682 1683
9587 9588
865 12841
4059 4918
765 7517
68 8731
318 319
61 945
5683 5684
1238 1239
693 4290
220 2172
10591 10592
2007 7707
38 1743
5038 5039
6066 14431
13 448
12487 12545
2265 4546
2225 3605
172 3284
2604 7427
691 3904
730 12729
99 7675
1269 4226
1314 4323
19 20
888 12998
4645 4646
748 750
1540 3346
7289 12801
2420 10308
930 13399
12977 12978
506 12682
12392 12517
764 2340
2650 12542
9163 9164
578 901
502 5611
4737 4738
24 9308
2411 12723
1269 8422
213 2348
1262 1264
1375 12520
7229 7230
317 12082
1819 4293
2161 8984
1616 1618
1182 1183
152 866
1286 13294
94 12643
13078 13081
338 2964
7416 9308
432 1080
300 1349
6334 8986
4663 4664
46 2658
831 12729
1864 1867
1370 1371
8789 8790
766 2340
3925 12449
1900 1901
1045 7949
12848 12849
1603 13331
4989 12100
447 449
12392 12516
1208 1209
12412 12414
1034 4297
4359 4363
7221 7223
241 11021
1537 2594
2357 3495
260 881
1531 1533
1593 1735
3159 3160
288 13343
12913 12924
578 13115
1959 2137
2555 2556
1043 1423
3930 9057
1413 3782
8062 12701
2596 2597
1385 13308
890 3160
3447 12678
4605 7408
272 273
148 1649
4138 4140
135 2623
1850 1851
3538 5013
1851 1862
13072 13073
420 1659
93 13352
1543 3714
42 809
765 9268
13162 13163
62 7420
80 1313
1027 1413
1633 2275
730 2275
8697 8699
61 13211
12593 12594
2490 9625
2621 9587
1713 10751
13700 13754
6398 6399
970 971
2388 11131
1152 1154
210 4018
1771 6840
764 2558
317 2161
13343 13344
9587 9589
929 9873
8121 13237
308 1183
73 4461
3348 5682
1073 4171
446 12535
539 2248
893 897
229 2437
38 6440
942 944
289 290
1076 13146
269 729
4244 4245
4946 4947
7495 7496
896 897
12765 12766
452 3284
481 8562
1304 2841
975 7276
1704 5196
13061 13238
543 4515
256 10448
152 958
7011 12803
220 5611
153 168
1500 9049
2417 12426
9037 9039
270 2755
620 803
37 1304
96 881
12359 12360
100 13234
2235 2236
543 1500
8349 13316
1316 12139
580 13515
413 415
12425 12427
2060 2420
213 2471
763 9268
1638 6751
229 728
1023 1024
88 12904
13015 13016
4296 6146
1759 13057
351 1347
13342 13344
1150 1949
300 12372
453 12389
2551 2552
668 12635
231 1867
322 1633
6375 9855
1047 13352
13237 13238
1072 1141
1589 1590
1475 13379
8317 8318
9775 9777
2439 3193
2207 4809
582 5118
492 814
12912 12917
4501 5040
1241 8977
172 938
2600 7540
1713 2029
808 809
2161 11132
3276 3277
1821 3130
220 221
633 2731
99 2477
3533 6298
1865 1867
1132 1133
4671 4672
4528 4530
730 1751
829 1304
1377 1380
771 2999
434 3354
4605 7480
1098 10910
4404 4407
1390 4215
13342 13343
1 7412
209 1865
5547 5548
730 1543
8984 8986
12745 12747
1765 5484
1080 1081
260 1376
138 3337
422 633
37 1738
1354 12697
1654 13621
6551 9596
12642 12643
12643 13561
1900 1902
2748 2755
7182 7183
573 12725
169 4297
9295 9297
9155 9157
1186 3188
5432 5434
12412 12413
2720 2721
683 1076
12981 12982
13135 13369
263 5013
2798 3387
13058 13061
9627 9628
1763 12703
5010 12277
999 1000
585 967
829 12321
54 4663
1532 1534
7517 12626
202 12664
338 339
6997 6999
1592 1594
541 4215
978 1045
4607 12085
2647 2648
1470 1471
1456 1457
12700 12702
6114 6115
3217 3221
9403 14139
68 10334
202 730
12305 12306
260 1116
632 2479
729 5004
1328 13542
1270 1272
209 1863
3275 3787
5167 12769
13563 13564
12523 12524
1545 11820
12917 12918
3084 4735
1920 2224
493 814
12917 12922
434 481
5755 5756
12889 12890
866 2909
1955 3082
2748 7135
1547 1912
1660 1661
12301 12989
269 728
1073 7804
412 417
2275 5947
1322 2680
719 2742
728 729
307 308
1067 1258
1098 1344
45 269
1385 13107
12408 12409
1240 7495
5013 5014
13512 13513
14 1572
5556 11502
93 4664
1821 11114
3870 3871
6245 6251
2029 3437
12463 12733
9641 9642
12912 12923
397 3346
111 2021
543 3285
506 507
802 2205
2867 3182
3233 3234
3189 9278
45 729
492 815
2063 5743
764 766
7313 7314
810 813
13201 13202
13219 13223
2020 2965
1513 2445
148 749
424 1141
7686 7688
5983 5985
62 1851
218 4061
451 4089
37 12392
172 13142
479 975
1945 6563
172 13285
298 4086
4404 4405
842 939
898 899
13168 13170
360 12441
13604 13605
46 2441
323 886
1351 1352
12412 12416
5754 5755
237 791
242 5118
3529 7386
14 61
1537 3788
201 218
218 582
1588 1591
12818 13303
64 231
1807 12978
172 862
3197 13356
7407 9724
148 5204
1967 5159
91 201
270 4835
3219 3220
807 2873
7747 7748
3533 5790
127 4529
12912 12918
8316 8319
890 891
1766 12402
269 480
798 799
252 382
480 4166
1098 6307
12650 12651
260 2350
260 269
890 3159
6279 11636
4154 7032
1594 1735
2777 2778
9612 12793
12908 12909
730 12392
6 54
494 496
123 12382
19 8986
1378 1379
550 551
202 1743
605 809
153 2992
4605 7407
217 1226
13289 13290
12912 12914
914 3354
149 12633
489 3427
691 9137
1974 4404
5066 9525
748 3635
3632 3633
1563 9789
5813 5815
172 5612
222 6122
605 1161
796 2349
729 1616
1076 12788
2442 5640
13480 13482
2029 10748
3576 12311
96 13390
12877 12878
7221 7222
3062 11842
9082 9678
126 10560
1328 12890
12919 12920
12767 12769
665 1181
807 2625
441 12860
493 495
62 3782
173 175
1407 4726
260 1263
218 12466
1618 2632
3829 6266
2309 5092
1808 12707
12552 12553
6234 9555
1593 1594
11965 11967
458 2520
43 13222
58 59
1548 1912
1240 1732
1368 6407
13299 13300
3925 12450
13288 13289
13339 13342
13038 14367
5049 5050
5754 5757
13072 13074
3401 3404
802 5049
1269 1272
2137 2807
12821 12822
2350 10448
62 1298
3664 5593
1076 2273
446 6433
718 719
13340 13343
1543 11820
479 9596
12511 12513
3636 3637
893 896
9642 9643
297 12488
1542 2275
498 500
1374 12520
13261 13303
4059 4917
1478 2439
1546 4011
8349 12308
809 5150
3639 11819
124 8135
887 1751
1173 3213
481 4165
6613 12561
1957 5119
3543 5741
231 1863
580 13618
829 1543
2020 5619
730 4927
12791 12793
11753 12298
9730 11965
6840 9026
554 12286
2207 2208
1241 1628
298 13420
80 585
489 2079
695 1684
38 1228
584 13289
12699 12700
3114 4822
651 2839
252 12781
152 12301
1523 1525
36 12760
297 4246
1531 2329
226 585
360 12609
898 2171
6350 9795
6621 6623
11591 13297
2022 2966
323 831
10111 10112
12530 12805
37 12391
13221 13483
90 6375
5678 5680
13207 13209
1080 10358
5555 11775
795 2833
314 315
1064 1066
153 1175
3437 10751
3527 8825
551 3515
12925 12927
14139 14142
2594 2595
172 13116
14232 14233
2020 6606
6082 6083
13133 13297
137 138
13065 13066
71 1457
111 1850
967 12697
765 2340
1618 6769
213 214
288 1598
557 2868
260 684
1765 3699
2367 2731
860 4394
42 807
13047 13048
2600 2601
3828 13179
73 152
583 592
1945 3716
8176 8177
1073 2655
68 3231
54 9278
1968 10302
8110 8112
83 13048
834 8390
2063 13386
1455 1456
60 1027
874 3348
13519 13520
424 1076
1970 9040
711 12795
43 13219
582 13515
473 815
900 1107
4626 13839
1097 7563
62 13211
4139 9401
13208 13209
1080 12847
4776 8745
2420 9039
778 2335
223 5530
93 1289
4209 4212
52 1710
1683 4467
8320 8321
4246 4947
158 3376
480 4357
2161 8985
1127 3750
8620 8622
5159 5160
2350 2834
3111 13386
279 466
633 1385
6 807
3806 5645
270 2776
1370 1893
577 874
8746 14487
1356 2171
1521 1522
6437 6438
5987 5988
1161 1255
230 2437
597 742
3495 4988
6654 6655
1376 2350
412 2675
1892 7613
179 538
46 684
4969 14140
6307 10271
729 804
4139 4140
691 693
3750 11997
179 8144
1207 1210
2643 2644
3231 4395
322 3515
6395 6397
3318 3319
11591 13132
1647 1648
218 13416
67 68
1300 2619
300 3340
270 11957
551 13285
809 1161
1957 12615
804 9596
1704 2057
3192 3194
1824 12448
214 2348
1736 3234
12082 12750
1299 1301
1173 1175
1291 1959
308 13492
3220 3222
72 3482
12543 12544
12961 12963
1618 2067
3265 3268
12308 12686
834 13392
480 691
2057 2755
12408 13558
288 12980
1531 2331
4783 4785
290 13052
1034 3904
72 7407
201 220
382 12403
269 481
12414 12416
1076 2475
1080 1543
480 6769
1647 2411
7289 12800
448 449
683 13012
442 443
802 2136
290 796
733 5374
3930 6112
12071 12072
3935 4501
12916 12921
315 316
1866 14479
13526 13529
286 5982
2058 5121
745 13326
12767 12771
814 815
1531 9133
54 407
2041 5985
2833 2834
338 3907
13609 13610
9398 9399
1660 1904
5555 5556
1116 1611
12471 12472
1309 7614
12966 13661
13509 13510
1543 1545
2059 3189
1611 11529
4011 11646
874 4526
804 6769
2062 9678
9782 9783
479 1606
90 2439
985 8464
8881 8882
153 765
6115 9660
2041 5983
3290 3292
38 476
2499 5168
3744 4166
12690 12691
6848 12642
1765 5485
862 13209
9661 9662
2196 12286
53 54
2620 13102
933 1647
4546 4547
763 765
8836 8837
158 7150
62 1850
481 1150
1616 1617
12814 12815
4308 11636
1853 1854
60 62
3346 6112
12766 12767
881 13012
6334 11133
447 730
61 1768
9588 9589
1464 13221
177 12628
3497 3498
1711 2059
1383 1442
2768 14051
890 1758
1892 1893
1045 13390
942 13076
6762 11985
1098 13943
269 7614
12367 12368
3169 3466
12491 12762
12300 12301
465 466
3793 8915
3080 3081
42 4605
489 490
424 2149
2719 2721
969 971
73 153
3079 3082
270 5196
479 12460
132 387
422 2367
2439 3194
5405 12404
54 2844
2326 2332
12748 12750
730 745
12412 12515
802 2499
5983 5984
502 4031
2151 2152
626 12711
13161 13162
87 88
151 153
127 4530
93 426
890 1444
2059 2746
13383 13384
711 941
1362 9531
2471 8827
37 1638
961 962
2498 10943
1617 2067
804 6551
2881 2882
139 140
13539 13541
126 812
12749 12751
7293 12801
873 5589
5011 12277
1993 1994
663 5783
424 468
1375 13015
1413 1861
684 1150
158 12287
1398 13178
2331 2332
24 3750
12587 12588
1378 3494
745 12968
1300 2620
269 479
2739 2740
12392 12451
899 1395
5427 12804
848 850
811 812
860 901
72 2438
2120 6352
9132 9133
12751 14289
297 3821
804 1425
124 13188
7276 7277
3836 7229
407 3605
13480 13481
99 1070
1558 6175
774 13017
263 5012
2388 11132
40 2347
5087 11912
434 1292
2755 9279
1547 1548
6848 13605
1214 13067
420 1661
505 507
1959 5049
1378 1380
3114 4820
3084 4139
12767 12770
1391 1393
9598 9599
172 807
12913 12914
1617 7277
12649 12651
217 1225
3527 9755
873 5590
7735 9794
481 2024
620 621
4083 4117
2329 2332
2503 5045
1780 2642
13361 13362
7312 9596
861 901
4882 9508
2754 5196
13046 13047
13312 13313
2604 7428
60 13211
8825 9755
729 12316
12542 12615
138 4882
1531 13448
730 1353
2275 3714
127 10177
270 4154
2197 12906
12679 13556
37 745
7257 7258
3836 7230
360 363
5893 10603
1150 8737
557 626
13 831
5919 6545
415 2738
10549 10550
217 221
6823 6824
691 12799
8618 8622
13434 13435
967 2747
12712 12727
60 1850
900 9586
1474 1754
395 1413
111 1862
898 900
776 777
1892 9648
955 1819
41 42
802 5168
958 1072
317 12751
1027 1034
1191 5912
539 2839
1892 7614
2041 8948
71 1455
371 12714
1313 12487
480 1617
929 12891
493 829
2619 2621
2121 2122
2323 2324
62 112
812 813
653 1396
479 497
45 1076
10750 10751
12918 12920
96 260
13100 13101
319 3484
812 8135
4241 4243
6993 9572
2417 12275
1328 4565
4084 4085
2059 2747
6276 12963
4294 13167
12277 12278
3217 3218
13 12524
4365 14431
2062 2625
13073 13075
3371 13160
3939 3942
1543 2275
363 8859
125 3400
1691 3529
1863 14479
13510 13513
131 5260
9929 9930
12936 12938
96 1661
13000 13243
3788 6840
6 1616
1126 1127
38 12760
1271 8422
314 316
7043 7044
494 13417
502 5610
370 12714
770 771
1944 7729
957 3558
260 3699
225 226
1563 1606
2619 13152
886 3821
3564 5736
481 6564
766 2558
4315 4316
730 12516
3435 3436
2196 12697
1592 3232
1523 1524
5150 13359
1542 12729
2025 3040
13550 13618
3113 3114
584 13162
172 859
1905 1907
13 3515
42 7407
37 12516
1543 5925
148 4296
219 221
100 9644
2273 2275
42 7480
634 4138
1751 7315
1262 1263
12294 12296
8391 8392
4308 11637
12352 12448
1763 1839
551 9057
12082 14289
148 3636
407 3604
1899 1900
866 7517
799 13890
1955 3079
450 578
3103 5374
1759 11976
12392 12788
8909 8910
9781 9782
12913 12921
71 1378
812 2439
12980 13052
12368 12371
1743 12392
770 6407
270 12860
5118 5119
2057 7496
3874 13448
1884 1885
47 665
159 506
231 1864
1386 1387
290 13050
2022 6606
3528 4139
93 5790
13527 13530
802 2807
3350 8698
54 1613
2759 2761
3635 3637
148 5523
1939 12308
2608 7427
6115 9662
469 470
5589 5590
1316 12138
12915 12917
2747 13043
172 12994
635 1854
218 2172
2803 3536
1545 13320
543 6685
2358 2359
1380 1381
12913 12915
2265 13574
2057 3750
13015 13017
290 13340
13454 13455
2179 2180
7943 8584
8605 12287
748 3637
226 12886
1354 13043
124 125
6365 12674
1543 12534
5268 7416
2608 7426
322 859
10 6114
12707 12978
5641 5642
323 557
1683 1730
1901 12768
1034 4061
4840 5621
12280 12281
1242 1244
592 3069
1586 12527
1468 12845
577 901
4242 12479
179 4117
4882 9507
153 2881
3776 12788
3941 3942
9730 11964
4114 4115
796 1598
494 4156
809 938
1866 14480
1237 1239
12916 12924
12913 12916
1543 14137
800 12952
201 2534
11964 11965
12071 12073
774 1374
865 12881
1706 4794
45 866
148 3925
1397 13178
3213 6993
2013 13250
665 1442
838 12257
2011 5073
201 1115
5925 12479
4681 6751
1319 3360
13486 13487
269 9596
1360 1361
9162 9165
782 807
2067 2632
12463 12506
5687 5688
473 1613
10620 13989
12528 12529
96 866
9162 9164
217 6254
37 6686
1351 1353
3263 13103
626 12590
13393 13512
218 4940
1704 12945
1017 13989
4296 4297
578 12733
13514 13522
12453 12671
1475 1755
2623 12312
3426 3427
1710 1711
2595 3788
9161 9164
2297 6666
1362 2210
12341 12483
1592 3234
12939 12940
951 953
179 4940
201 6096
951 12559
4738 4739
416 434
800 801
290 2350
90 978
2438 12352
3346 3347
3825 3826
580 13107
2057 5196
2223 12841
1375 12979
3366 5749
591 9596
543 1155
2099 13892
12914 12924
172 861
578 13116
492 1313
218 2643
3437 10750
1436 1438
502 572
577 579
13221 13484
14 3454
2057 2058
862 13124
317 913
1543 12721
859 860
218 7791
10421 13204
2499 2807
52 54
172 715
668 12582
1478 3050
4917 12092
7943 9596
691 1034
3111 12794
7685 7688
5479 5480
3170 12346
19 8985
985 13292
226 10561
492 2342
272 7459
1861 1862
10709 13308
479 2475
802 5050
684 2011
9161 9163
506 12613
2393 11208
202 12392
580 13108
1431 2664
158 1094
12773 12774
9776 9777
9165 9166
5815 5816
748 749
425 488
1108 9586
363 12442
71 4726
3689 3691
290 13341
407 543
12377 12379
1356 5160
1750 2742
213 3396
3366 6365
12920 12921
665 2208
976 4732
1704 12944
3483 4607
6395 6398
317 1911
91 543
8672 8673
80 12487
379 380
976 4642
2297 13029
8879 8883
479 1034
1969 9755
479 1618
2972 2973
