395 1729
5818 8732
3620 3621
152 2992
3207 3208
3208 3500
12010 12011
591 5825
10624 10626
3708 3712
3669 5459
4183 4184
2121 9548
928 7253
4112 5467
1789 13783
5232 11558
3938 3942
217 1385
344 7936
1390 6571
2442 5640
13728 13729
4411 4413
4410 4412
1763 5487
594 595
152 480
3305 13768
3709 3715
263 5012
4184 4185
10975 10978
13147 13148
3951 3955
7021 7023
1411 6667
4414 4415
2442 5643
2507 8091
7552 10029
217 1383
8089 8090
7939 7941
263 1918
1413 3782
8967 8969
1787 1789
2724 5051
729 804
3938 3940
3723 3725
4411 4414
5300 9821
1399 1535
8234 8236
152 11753
479 804
5893 5894
2334 3194
4860 4861
592 4095
9166 11091
3724 3725
3936 3938
4121 4122
217 1384
153 351
1535 1729
1014 13724
2121 9546
2441 5641
4047 4048
457 458
5641 5643
6562 6564
8089 10284
8215 12011
36 38
1696 1697
5884 6284
5893 6288
342 344
9547 11206
241 1624
1696 8928
7946 8045
60 62
3951 3954
1535 1537
1356 3569
73 153
1536 1537
913 9821
3953 3955
1990 1991
3752 3754
1976 1977
632 10985
2507 8090
799 3167
1389 6571
8215 8216
3806 5487
1936 1937
3953 3954
8746 14487
152 12722
10975 10977
1763 5485
4328 11824
1535 4951
4992 4993
5640 5641
782 1499
591 1425
14 1399
4671 4673
10831 10833
1108 4683
2185 6382
6564 8561
1537 1729
724 725
1763 1765
10976 10978
4411 4415
3708 3881
591 4094
5640 5643
3488 8595
2440 8968
6521 6522
3146 3326
3278 4915
842 3062
153 1175
2440 8967
2401 2403
5825 5826
8235 8236
6252 6253
3308 13800
1535 10985
13734 13735
2370 2373
263 5014
8732 8733
5641 5642
3936 3942
3756 3759
798 1873
3162 3163
808 3963
499 500
13697 13698
13696 13698
730 745
3963 3964
8089 8091
4196 4198
351 1347
263 3539
257 3311
4040 4041
4197 4199
9166 11090
2121 3228
1060 3015
1967 5160
3955 8215
1696 3167
1383 1384
3632 3633
10164 10166
2334 2904
1876 3568
11270 11271
257 259
8747 8748
3940 3941
5078 5079
2440 8970
4776 10831
88 754
8968 8970
591 4096
8174 8175
837 1424
115 117
1877 6667
3951 8215
6565 6566
3936 3940
6521 11645
782 2121
152 1175
3538 3539
12450 13715
2507 10284
3712 3986
4672 4673
111 1861
12000 12002
595 6640
7943 9596
3954 3955
6568 6569
804 7943
3308 13761
7021 7024
3538 5012
804 1425
3278 7931
1765 5487
2121 9545
3668 11851
7020 7023
479 729
13790 13791
11090 11091
4084 4085
479 6551
218 1383
2184 2185
4196 4197
3951 12010
3955 12010
4671 4672
2007 6695
2121 8424
2929 4986
10976 10979
5678 7475
3952 3955
5430 5431
3669 5865
458 5691
3447 4781
411 9363
3674 3675
62 111
344 3278
12450 13716
754 5373
1728 1729
1597 1598
344 4915
287 3951
4826 4827
5892 5893
8561 8562
8214 8215
11269 11270
4986 4987
633 634
10164 10165
10493 10495
798 1874
7020 7022
1045 3632
479 591
2121 11206
7808 10967
3938 3941
4915 7931
6382 11041
632 4951
152 153
5640 5642
151 2992
4314 5467
6522 6523
5078 5080
3937 3942
723 7765
13067 14485
8090 8092
7621 7622
7020 7024
3669 5071
4113 7750
241 11021
3712 3713
1697 3167
2019 2023
3955 8216
7020 7021
4095 4096
1945 8562
9166 11089
1975 1976
782 8424
4474 4476
3951 8216
3262 7821
1356 1876
6047 6048
804 9596
13719 13720
1555 1557
2022 2023
8091 8092
2814 3146
2121 9547
12289 12290
1345 5597
3937 3941
7946 7947
5013 5014
7024 7025
4410 4413
2507 8089
7686 7808
8215 12010
6562 6563
3308 13796
37 745
1937 1938
5892 5894
591 592
287 3954
3161 3163
6563 8561
591 9596
2856 2857
2441 5640
4710 4711
2185 4121
7793 7795
3538 5013
4048 4049
5071 5459
3673 3674
2418 4860
4410 4414
6654 6655
60 61
4413 4414
723 725
5596 5597
10092 10093
1876 3569
729 1425
4993 5286
455 4976
60 1861
3708 3880
6474 8292
10120 10121
479 7943
3952 3953
13720 13721
2216 6569
9329 9330
10977 10978
4992 5286
4094 4096
13761 13796
635 7785
8320 8322
110 13067
60 1862
10092 10094
1763 1764
7794 7795
2250 13725
110 337
13732 13733
6551 7943
3937 3939
61 62
4039 4041
1682 1683
3708 3713
1832 1833
1045 3633
6563 6564
3706 3708
3879 3880
13736 13737
4112 4113
13737 13738
6695 6696
519 520
13725 13726
592 4094
592 4096
514 5364
10975 10979
1596 8214
3706 3707
54 1384
62 1862
3939 3942
3753 3754
2418 3998
6474 8293
2370 2371
1456 13147
8967 8968
110 12110
4410 4411
11089 11091
806 10950
2930 4986
4776 10832
2407 2408
2371 2372
837 838
632 1535
2440 8969
4780 4781
2929 5286
1411 1877
1873 1874
12450 13329
7022 7024
9361 9362
4093 5825
632 1399
799 8409
38 3464
8321 8322
343 344
4197 4198
3036 5094
498 500
8362 8363
9545 9548
3864 3865
577 13720
13719 13721
5829 5830
1683 4467
8442 8444
5079 5080
3939 3941
3757 3758
61 1862
3712 3881
287 3955
159 12682
4474 4475
1410 1411
10268 10269
1428 1429
553 2503
1429 1430
599 13724
13717 13718
8214 8216
4093 4096
218 1384
6691 6692
8442 8443
13329 13716
3037 5093
6804 6805
591 804
4112 4314
1345 5596
4093 4094
8969 8970
1788 1789
8216 12010
8068 8069
1108 5971
4313 4314
2370 2372
631 633
1696 9711
2185 13714
287 3953
3568 3569
519 521
218 1385
1425 9596
1499 2121
4413 4415
2441 5642
73 152
7808 9526
1945 8561
3036 3037
10493 10496
8746 10029
591 5826
61 1413
4313 5467
13696 13697
152 351
4410 4415
10494 10496
1407 2244
9545 9547
2185 4122
5485 5487
259 3311
2507 8092
1764 1765
152 1347
159 506
1535 1728
599 1014
2283 8382
1789 13784
3756 3757
11753 12722
61 3782
6569 6656
2814 3326
7023 7025
6569 6570
1535 1536
5013 5015
2929 4992
3937 3940
2250 13726
54 218
1765 3806
631 634
1399 4951
9546 9548
3758 3759
3955 8214
3708 3709
61 1861
4093 4095
1425 6551
6804 6806
4167 4168
3574 3575
3951 3953
6568 6570
61 111
10976 10977
1384 1385
1975 1977
395 1728
3672 3674
2185 3669
7020 7025
263 5015
37 730
8320 8321
159 1414
8431 8432
5642 5643
479 9596
729 9596
8089 8092
3955 12011
1989 1990
6564 8562
10495 10496
151 153
3776 8539
10978 10979
12001 12002
480 8473
110 14485
2401 2402
3941 3942
12167 12168
3669 11851
1428 1430
13761 13800
3756 3758
54 217
11269 11271
4112 4313
13761 13801
729 7943
1356 3568
7021 7025
2441 5643
4715 4716
1989 1991
4093 5826
592 635
109 12167
3936 3941
6473 6474
7619 7620
12021 12022
1383 1385
837 1345
1765 5485
5818 8733
9361 9363
798 799
13715 13716
2929 2930
2441 2442
2371 2373
594 596
592 7784
1787 1788
479 1425
1820 1821
4915 7936
808 3964
287 3952
3161 3162
13736 13738
2283 8381
2334 4064
4039 4040
3723 3724
506 12682
3489 3490
1212 1595
10029 14487
3952 3954
1389 1390
116 117
7619 7621
1696 8020
1555 1556
169 5489
592 7785
263 5013
6563 8562
2442 5641
1499 8424
729 6551
4094 4095
9545 9546
3713 3986
7947 7948
10494 10495
3036 5093
2929 2931
151 1175
7022 7025
729 1318
2757 2758
13729 13730
3938 3939
2724 5052
115 116
591 6551
7946 7948
6521 6523
2929 4993
7793 7794
592 4093
95 553
1821 13731
8091 10284
13728 13730
62 1861
2372 2373
8746 8748
4168 10121
13783 13784
11089 11090
1537 1728
7939 7940
9545 11206
1696 7786
9547 9548
3757 3759
3668 3669
14 1535
3538 5015
12000 12001
5237 5238
8430 8431
10975 10976
4412 4413
2930 2931
7620 7622
7202 7203
8159 8160
38 1746
1596 8215
2418 4861
7940 7941
1763 3806
88 5373
11557 11558
3939 3940
3669 4121
1596 3955
152 8473
498 499
3708 3879
1596 1598
3538 5014
5069 5070
3669 4122
804 6551
