460 461
1660 1661
3842 4104
1710 5150
5498 5499
2446 10167
96 1659
14199 14218
14188 14214
1360 2234
11907 11909
14210 14221
1067 1068
782 783
683 10492
11439 11440
112 808
6673 11067
7960 10099
1947 1949
90 6374
14221 14228
5462 5464
14188 14202
172 5216
12851 12852
10071 10072
1248 8027
14192 14228
14202 14210
812 8134
13274 13275
591 7335
9988 14205
938 13899
5022 10841
4242 4243
1950 1952
11334 11335
7647 7648
14191 14207
6918 6964
14203 14227
8541 8542
1291 11362
6489 6491
5341 11778
495 1903
7932 7944
6285 6286
14201 14214
5654 10655
14215 14223
768 2438
14200 14228
14200 14205
890 891
14198 14203
1291 1361
804 805
14205 14226
781 1069
14221 14226
6203 6204
13115 14103
13682 13683
4655 4658
626 1317
1808 4232
3387 4165
14057 14059
14203 14216
14207 14211
873 901
14189 14221
4684 6547
14202 14207
591 4094
3380 13971
891 1758
8565 10839
292 293
14139 14142
385 412
450 861
2311 5092
3254 3258
14192 14214
1628 4293
633 782
2632 5581
1575 1577
1248 2814
8664 8665
9447 9448
578 1518
14191 14219
633 6991
5479 5481
2275 2789
4240 4245
14187 14227
412 9558
573 3353
4267 7026
683 6489
14196 14207
1947 2114
14185 14200
2814 8027
3380 3385
2274 2789
6621 6622
1628 2400
13970 13972
2639 4837
1045 4850
5541 5542
9834 14205
2004 12475
1809 14113
2676 4132
5873 5874
9834 14195
7518 7519
4625 9027
3381 3382
452 1518
14209 14217
37 2816
583 2943
686 687
931 14432
271 9834
889 2213
14212 14216
1946 1947
3240 3241
12460 13045
615 2668
3340 6928
14223 14228
132 4810
38 6439
10059 10060
2125 2126
2675 4131
340 7026
11954 12087
14199 14211
14185 14212
14206 14225
14197 14227
7297 8268
2171 3750
597 1890
4235 4239
14198 14216
6201 6204
14202 14215
1291 8493
660 1327
2814 3326
14205 14210
14204 14222
1904 8806
591 3568
17 3353
14201 14228
5543 5545
11070 11071
2638 13275
13681 13684
14191 14192
733 5374
14210 14223
8565 8567
3595 3598
14190 14221
207 209
1191 6737
14188 14189
14187 14213
14128 14130
17 133
11148 11149
14205 14230
4547 11068
1546 1548
868 870
96 1660
3850 7744
4393 4394
230 2437
1168 3380
14186 14227
1108 1818
9834 14228
3599 3600
40 11670
2712 2713
1807 14114
7707 7709
1341 1342
4126 4128
2547 2548
13 3255
1141 5975
2675 4533
2024 2026
699 704
14197 14219
14198 14211
41 1540
807 3227
6529 6530
172 3382
4261 10491
5825 5826
172 688
4235 4236
14198 14229
172 1262
9834 14203
615 2667
1009 5501
4951 5913
14206 14217
3380 3382
12757 13000
4263 5132
14188 14193
615 1961
172 450
14219 14225
360 5757
7349 7350
1876 3568
14196 14222
578 2638
1079 1080
14188 14198
172 5913
4547 11069
4261 11439
14198 14210
14194 14204
14199 14220
14208 14227
14218 14220
270 5208
13116 14103
2367 4131
14198 14200
2695 2696
682 9809
13947 13949
1549 2123
14195 14207
2006 4437
4438 4615
8520 8522
808 1572
407 958
114 2226
1416 1417
14198 14230
172 2712
3598 3600
5341 8575
54 1904
172 6240
14185 14219
9403 14141
8524 8525
428 927
2441 5642
14139 14141
3190 13435
1912 1916
4132 8513
14255 14256
2070 2071
5324 5325
14202 14225
615 2666
2171 4307
14060 14248
172 3381
9444 9445
14185 14229
1025 2558
14190 14194
3445 3446
1291 7791
434 3446
14204 14212
14139 14140
14189 14203
7811 7812
153 167
2006 4441
14188 14220
2814 8028
14211 14226
1765 5488
132 13989
782 5288
14198 14215
4969 14141
287 8596
14219 14227
8824 11070
1484 1661
11333 11335
14186 14211
14201 14221
9834 14226
844 1191
2006 4615
2687 2688
14191 14204
14205 14221
683 4261
7647 7649
1385 2577
10060 10061
14210 14215
14192 14210
2454 5499
14198 14212
14189 14195
730 1545
14222 14225
2543 5572
5463 5466
7218 8027
1385 2637
11068 11070
14204 14217
492 2341
2007 7708
14186 14213
14191 14222
6530 6531
5276 5278
1080 1081
14224 14230
869 870
14196 14205
2676 2731
14200 14217
14204 14211
1017 10620
14210 14222
5484 5486
1903 4410
6491 9721
583 2044
96 1484
1765 1838
999 2213
410 5341
14195 14214
14190 14218
154 156
385 4548
14184 14223
2198 2201
5499 5500
1846 1847
480 729
54 4061
702 704
1385 4061
1807 3803
4131 4132
13683 13684
1547 1548
370 1819
1947 1948
14217 14228
5081 5082
578 5215
3380 13972
3525 6288
2321 14231
13964 13966
5540 5544
5539 5544
3602 3603
14056 14057
8823 11067
7932 7945
6418 6419
2979 3495
14212 14225
683 6491
592 615
5544 5545
657 13972
8521 8522
11065 11071
8451 8452
6419 6420
5858 10186
999 1001
1262 2674
671 2797
4717 4850
420 1659
1920 1921
1707 2625
3340 10492
2836 3375
14186 14200
2006 4438
9834 14211
459 461
172 670
1194 1196
14253 14255
8665 8667
14187 14191
14207 14225
2675 2676
1150 4165
53 3256
14200 14209
14196 14208
426 13940
904 908
494 4156
14200 14216
11066 11067
252 1425
578 13115
238 6686
5654 9533
578 860
2442 8688
8823 9173
633 3227
1847 1848
2686 5919
2709 7507
4717 8774
2271 2272
408 507
7752 7753
3506 3507
9266 14141
6529 6531
804 3535
578 874
1946 1949
132 5699
3750 4307
54 270
3780 10142
9266 9403
9134 9135
14200 14214
2623 2624
1291 1359
14192 14229
660 1328
3071 3072
670 671
14184 14196
54 4307
179 13215
219 220
14186 14198
14 1412
9557 9558
816 1317
14194 14208
14238 14239
14190 14198
1385 4307
14194 14227
1704 6731
9529 9530
1494 2210
4685 6547
14186 14197
5760 5761
1045 10704
14220 14224
14210 14213
2797 5759
14203 14230
14193 14224
1704 6733
1548 1912
8135 8136
428 11065
10976 10977
1912 1913
14192 14211
3070 3071
3380 3384
4210 4211
4197 4199
5974 9134
14128 14129
112 589
14209 14216
1577 13895
3543 5072
6673 11070
8450 8451
14195 14216
669 670
172 422
2610 2611
2939 12852
2824 2825
172 4392
1322 7417
317 727
293 295
14210 14217
105 1848
591 3670
14195 14208
14209 14211
1704 6734
14219 14229
14213 14214
14197 14208
104 107
14211 14230
5324 5328
14187 14205
2341 3967
4034 5341
14201 14224
14184 14229
17 132
14186 14222
133 3353
867 1889
876 901
5641 5643
14189 14198
573 843
591 4095
1326 3663
14191 14199
4104 4105
172 2638
8522 8526
4197 4198
14252 14255
172 8169
9234 9236
8823 11064
4237 5859
17 573
5502 5503
14189 14206
1327 2666
54 1383
14187 14190
14192 14220
1150 3387
172 2641
2665 2668
14199 14217
842 939
385 9018
14215 14229
7752 7754
412 10562
2577 8656
2674 2676
5277 5278
14199 14206
14184 14200
4815 11815
4627 9027
6731 6733
1765 3806
14196 14229
9988 14202
14205 14220
271 3989
608 609
1093 1248
1807 1809
2799 11780
14221 14229
172 13116
14197 14214
14215 14219
2680 7418
1322 2679
2675 9557
14184 14208
14205 14207
7343 7345
1765 1840
1911 9536
1707 2062
14185 14195
555 13959
578 13142
958 1363
2831 7977
867 1890
9235 9236
2540 5126
9834 14214
9834 14222
4392 4394
3070 3073
3632 4850
5975 9135
14210 14224
14184 14206
14187 14208
6424 8563
5575 5579
591 4096
578 876
124 8136
216 8694
4381 8694
10712 10715
2091 3321
2920 3239
54 218
14208 14224
14206 14210
2676 4131
14189 14194
14185 14225
1913 1914
11064 11069
1547 1914
287 10167
1081 3979
14205 14218
2641 4837
2637 3750
2200 2201
4653 4655
659 660
5728 10054
11064 11065
14186 14191
385 9016
270 6339
397 9943
4240 4243
5403 5405
1948 1949
6216 8656
2543 5574
1652 1653
14187 14215
14189 14191
632 633
2548 2550
8566 8567
507 9921
1763 1765
5479 5480
10420 11148
72 14055
14187 14189
2539 5126
1819 4293
1107 1818
14207 14208
395 1084
1093 8028
96 13390
5728 5732
14212 14223
9173 11068
3254 3257
455 4976
869 8452
6673 8823
37 1621
807 2234
4035 8575
5542 5543
14194 14219
14194 14222
9988 14217
14197 14203
217 1384
869 8450
172 687
412 4132
1660 6648
1911 14055
1328 7519
9834 14209
5653 5654
14189 14226
5576 5578
1338 1342
14186 14214
54 3543
8522 8524
14212 14224
14193 14199
8520 8525
14192 14213
11064 11067
14184 14213
257 2321
14207 14230
1168 8169
945 1372
3328 5073
481 4165
317 592
887 927
13 3256
270 9308
632 1572
671 5761
1484 9251
61 2271
2548 2549
14184 14202
14 1144
2007 4441
4654 4659
14212 14226
13682 13684
3131 5913
14211 14213
10975 10977
925 927
14195 14197
14201 14222
905 908
13954 13958
9988 14218
2213 6576
5020 10841
14191 14194
1746 13117
213 2471
591 13874
6673 11071
37 867
14190 14191
5640 5643
1903 1904
14194 14217
12459 14027
14189 14192
452 2640
37 607
17 14132
14190 14217
14213 14221
660 2668
14185 14216
768 769
178 13215
4196 4198
13949 13950
4810 4811
112 5111
1575 13895
14197 14230
14190 14215
1865 7352
317 591
14186 14209
14209 14226
452 1519
14201 14226
420 1660
1819 6410
39 3561
10712 10713
2275 14079
5540 5541
14188 14229
7791 11360
53 54
10305 10306
14187 14224
5571 5572
14202 14220
9988 14215
410 11778
1081 2362
14198 14202
578 901
1547 2563
9988 14208
14097 14100
2731 2855
14247 14248
592 3670
452 1145
1327 1328
14191 14212
14215 14218
14199 14209
207 211
591 1748
90 1484
1143 1145
5654 9153
5461 5465
6201 6205
14206 14212
4132 10563
14188 14203
9446 9448
2171 3842
3057 4859
14202 14219
2171 4104
4235 4237
1384 1385
14206 14230
5276 5277
14188 14216
5325 5326
14196 14220
1001 2213
14195 14199
1572 13782
14199 14228
14199 14203
4268 6424
8523 8525
14207 14223
14211 14227
14189 14211
578 4394
11955 11956
6201 6202
798 799
9988 14192
4240 4242
172 887
3525 8867
14033 14035
861 14118
14215 14225
4381 7791
14193 14195
14197 14211
159 5082
6419 6421
37 428
3383 3385
7826 7827
340 4268
589 1748
14207 14215
1724 6918
904 905
3070 8321
5404 5407
14058 14060
3375 6846
2676 4643
382 5654
2197 2201
14198 14218
9446 9447
1652 1654
14213 14228
14190 14216
14189 14214
7960 10155
1044 3632
19 13919
14199 14229
4168 11799
2361 2362
5540 5545
5699 5700
172 4859
1122 1123
1193 1194
48 3375
14185 14222
1948 2116
4481 5741
8523 8524
550 632
14187 14199
14207 14209
8824 11065
9850 9851
11065 11069
1291 5341
2192 2194
1843 7763
4949 5288
218 4381
14210 14218
8824 9173
4990 4991
2009 3189
729 804
14188 14224
3328 5504
172 3380
1339 1341
592 2943
14193 14212
54 782
660 661
805 5919
14207 14221
408 7332
14198 14207
7277 9446
874 1291
14197 14217
1492 1494
44 927
14195 14213
3072 3074
2939 12807
5653 6552
14203 14212
8524 8527
14185 14186
4086 6339
1765 1839
2803 3536
1876 2905
6026 6027
428 1107
13115 13116
14192 14219
592 1962
1196 10099
7277 9448
14190 14214
360 12339
39 3562
8666 8667
7791 8493
1519 5760
807 2873
1628 6410
1359 1361
11068 11071
8493 11361
942 943
14203 14208
577 578
14191 14223
172 5215
412 9557
4654 4655
1415 1417
2542 7517
14184 14214
8824 11071
5572 5573
816 9421
2446 3326
14195 14228
14215 14220
3803 4232
1663 1665
4209 4212
1653 1654
1262 3321
14217 14229
14200 14219
3632 9961
96 420
1894 14064
5110 5111
9988 14200
106 107
759 760
172 1264
800 5490
9173 11071
14221 14222
407 1362
9988 14211
14193 14225
14195 14219
434 1150
251 252
914 10306
1328 2667
6773 8666
5571 5574
2091 6240
4132 10562
54 634
14219 14221
578 1167
1019 3525
680 4410
8655 8656
42 809
14210 14227
14194 14203
5499 5501
2797 5761
8466 8467
14202 14212
14201 14210
8823 11066
294 4422
14203 14209
14201 14215
4237 10186
1809 14114
8518 8519
14185 14202
14201 14203
730 1543
4864 4865
14185 14211
4132 4533
1948 2114
3597 4888
14207 14220
14199 14226
1724 8472
2286 2334
14197 14225
14209 14228
14184 14225
2091 3284
397 3786
7751 7754
266 267
1948 2115
1315 1316
5581 5583
1385 4481
6025 6026
2111 2112
3567 3568
1950 1951
2627 9625
1168 9902
4268 7026
14213 14227
4244 4245
14192 14195
14184 14190
4267 4268
252 6846
14207 14226
1009 5500
172 13115
5498 13960
578 875
12047 12050
14252 14253
1093 8027
14174 14175
412 4533
132 2981
14199 14212
615 660
3598 3599
14189 14216
410 4035
14186 14226
578 8169
14192 14218
14196 14203
410 8575
861 864
14208 14217
6339 11997
636 839
14186 14216
2318 14231
218 3543
14215 14217
38 1743
14199 14224
607 608
14186 14202
1211 2542
14097 14098
1863 7352
14188 14207
591 1876
14209 14213
3505 3507
9988 14189
6205 6206
1920 1922
14197 14229
1548 1549
9988 14219
659 661
451 9391
5641 5642
47 683
14198 14213
876 5589
2041 8948
1951 1952
370 6409
132 1020
2577 4061
861 863
2446 7218
14218 14228
46 2634
340 6424
2442 5642
14194 14202
14202 14222
14226 14230
172 3384
132 2982
2340 2558
3568 3569
1143 1144
14198 14223
14222 14228
5498 5501
592 9659
14196 14215
14202 14208
14211 14212
5654 9534
14220 14226
14207 14217
14204 14205
14196 14216
3255 3257
4547 6673
13954 13957
14190 14199
3790 3792
2638 13274
36 1746
218 2171
53 3258
2199 3318
12086 12087
3206 5438
873 876
9917 13957
14056 14060
589 593
6723 6724
1019 5699
4086 5208
88 5879
495 8806
873 5590
96 5073
591 5825
7512 11364
4481 6621
14202 14218
14184 14204
218 220
14198 14221
14201 14229
260 2208
14204 14224
11980 14064
578 1169
3070 3074
2441 8688
14192 14207
14193 14202
14195 14196
216 4381
13948 13950
14210 14212
14213 14225
1876 3567
6934 9943
3505 3506
3506 3508
4654 4657
112 592
14190 14224
1765 5484
13947 13951
172 860
385 573
14204 14210
2539 2542
14204 14228
219 407
2007 4437
14187 14229
782 10776
5461 5462
14193 14227
14199 14201
54 2074
2242 4156
3594 3597
14209 14219
1328 2665
14214 14222
9988 14195
14253 14254
96 1045
218 1383
132 1017
6673 9173
578 1519
4574 5404
10565 10566
597 868
9988 14186
5641 8688
1338 1339
1549 1914
14194 14218
14216 14227
1411 2831
1211 5126
14199 14223
13945 13951
906 907
14201 14213
4236 4237
1660 1903
682 6185
14213 14216
683 10491
592 4092
9266 14142
14206 14221
782 807
172 864
114 4289
14196 14198
72 8663
7791 8694
42 4605
397 713
54 2577
10711 10712
46 1660
14219 14223
382 6553
14206 14220
1340 1341
1359 1360
782 4949
14187 14192
14216 14222
842 2002
14214 14229
592 11379
14246 14247
6561 9153
428 5974
218 4481
904 907
218 1904
42 585
14188 14215
14185 14215
11333 11334
9988 14198
11798 11800
4655 4656
607 6724
4684 4685
1000 6576
860 864
14208 14228
9848 9849
40 1425
14213 14215
14195 14205
9988 14187
14205 14227
4615 4616
1081 2360
495 8805
14198 14201
2539 2541
889 999
2357 2979
583 1963
1168 3382
14193 14200
47 407
479 729
6731 6732
40 382
3190 14033
5541 5544
807 1211
1586 1587
14199 14205
2041 8947
